@timestamp,user_id,audio_bytesReceived,audio_packetsReceived,audio_packetsLost,audio_jitter,video_bytesReceived,video_packetsReceived,video_packetsLost,video_jitter,video_framesDecoded,video_nackCount,video_firCount,video_pliCount
2023-05-16 04:49:02.924000+00:00,User2,85764,1104,0,0.012,3820506,3490,0,0.02107777777777778,443,0,0,0
2023-05-16 04:49:02.939000+00:00,User2,85764,1104,0,0.012,3825676,3495,0,0.021633333333333334,444,0,0,0
2023-05-16 04:49:02.935000+00:00,User2,85764,1104,0,0.012,3825676,3495,0,0.0204,444,0,0,0
2023-05-16 04:49:02.957000+00:00,User2,85851,1105,0,0.013,3831026,3500,0,0.022955555555555555,444,0,0,0
2023-05-16 04:49:02.931000+00:00,User2,85764,1104,0,0.012,3820506,3490,0,0.019366666666666667,442,0,0,0
2023-05-16 04:49:02.908000+00:00,User2,85596,1102,0,0.014,3817476,3487,0,0.023066666666666666,439,0,0,0
2023-05-16 04:49:02.939000+00:00,User2,85764,1104,0,0.011,3824606,3494,0,0.020466666666666668,443,0,0,0
2023-05-16 04:49:02.956000+00:00,User2,85764,1104,0,0.012,3823536,3493,0,0.020277777777777777,443,0,0,0
2023-05-16 04:49:02.993000+00:00,User1,76378,988,0,0.019,2255873,2088,0,0.044311111111111114,311,0,0,0
2023-05-16 04:49:03.054000+00:00,User2,86248,1110,0,0.011,3851835,3519,0,0.020266666666666665,447,0,0,0
2023-05-16 04:49:05.503000+00:00,User1,86417,1117,0,0.015,2791769,2574,0,0.03183333333333333,364,0,0,0
2023-05-16 04:49:05.502000+00:00,User1,86417,1117,0,0.015,2791769,2574,0,0.032266666666666666,364,0,0,0
2023-05-16 04:49:05.515000+00:00,User1,86417,1117,0,0.015,2795201,2577,0,0.031566666666666666,364,0,0,0
2023-05-16 04:49:05.523000+00:00,User1,86417,1117,0,0.015,2796345,2578,0,0.032244444444444444,364,0,0,0
2023-05-16 04:49:05.516000+00:00,User1,86417,1117,0,0.014,2795201,2577,0,0.031966666666666664,364,0,0,0
2023-05-16 04:49:05.524000+00:00,User1,86417,1117,0,0.015,2795201,2577,0,0.032233333333333336,364,0,0,0
2023-05-16 04:49:05.527000+00:00,User1,86417,1117,0,0.014,2795201,2577,0,0.03267777777777778,363,0,0,0
2023-05-16 04:49:05.542000+00:00,User1,86492,1118,0,0.015,2802893,2584,0,0.03197777777777778,364,0,0,0
2023-05-16 04:49:05.567000+00:00,User1,86567,1119,0,0.014,2807217,2588,0,0.032122222222222226,365,0,0,0
2023-05-16 04:49:05.579000+00:00,User1,86567,1119,0,0.014,2807217,2588,0,0.03218888888888889,365,0,0,0
2023-05-16 04:49:05.545000+00:00,User1,86492,1118,0,0.015,2802893,2584,0,0.03183333333333333,365,0,0,0
2023-05-16 04:49:05.679000+00:00,User3,77078,993,0,0.012,3695184,3368,0,0.02207777777777778,398,0,0,0
2023-05-16 04:49:05.692000+00:00,User3,77163,994,0,0.011,3696255,3369,0,0.02291111111111111,398,0,0,0
2023-05-16 04:49:05.696000+00:00,User3,77163,994,0,0.01,3699468,3372,0,0.022488888888888888,398,0,0,0
2023-05-16 04:49:05.702000+00:00,User3,77252,995,0,0.009,3702683,3375,0,0.02218888888888889,398,0,0,0
2023-05-16 04:49:05.704000+00:00,User3,77252,995,0,0.011,3702683,3375,0,0.022477777777777777,398,0,0,0
2023-05-16 04:49:05.708000+00:00,User3,77163,994,0,0.011,3701611,3374,0,0.022866666666666667,398,0,0,0
2023-05-16 04:49:05.712000+00:00,User3,77252,995,0,0.01,3704900,3377,0,0.023166666666666665,399,0,0,0
2023-05-16 04:49:05.715000+00:00,User3,77252,995,0,0.01,3704900,3377,0,0.023,398,0,0,0
2023-05-16 04:49:05.719000+00:00,User3,77252,995,0,0.011,3704900,3377,0,0.023077777777777777,398,0,0,0
2023-05-16 04:49:05.693000+00:00,User3,77163,994,0,0.011,3699468,3372,0,0.022433333333333333,398,0,0,0
2023-05-16 04:49:05.719000+00:00,User3,77252,995,0,0.01,3707192,3379,0,0.022844444444444445,398,0,0,0
2023-05-16 04:49:05.890000+00:00,User3,77972,1004,0,0.009,3747360,3416,0,0.02167777777777778,403,0,0,0
2023-05-16 04:49:05.914000+00:00,User2,96995,1253,0,0.013,4574843,4173,0,0.020166666666666666,533,0,0,0
2023-05-16 04:49:05.908000+00:00,User2,96995,1253,0,0.013,4573677,4172,0,0.02092222222222222,532,0,0,0
2023-05-16 04:49:05.919000+00:00,User2,96995,1253,0,0.013,4577175,4175,0,0.020344444444444443,533,0,0,0
2023-05-16 04:49:05.923000+00:00,User2,96995,1253,0,0.013,4577175,4175,0,0.020188888888888888,533,0,0,0
2023-05-16 04:49:05.929000+00:00,User2,97066,1254,0,0.012,4577175,4175,0,0.0209,533,0,0,0
2023-05-16 04:49:05.931000+00:00,User2,97137,1255,0,0.012,4577175,4175,0,0.02098888888888889,533,0,0,0
2023-05-16 04:49:05.935000+00:00,User2,97137,1255,0,0.012,4577175,4175,0,0.020566666666666667,533,0,0,0
2023-05-16 04:49:05.939000+00:00,User2,97137,1255,0,0.013,4577175,4175,0,0.02058888888888889,534,0,0,0
2023-05-16 04:49:05.936000+00:00,User2,97137,1255,0,0.013,4577175,4175,0,0.020844444444444443,533,0,0,0
2023-05-16 04:49:05.948000+00:00,User2,97137,1255,0,0.013,4577175,4175,0,0.020933333333333335,533,0,0,0
2023-05-16 04:49:05.956000+00:00,User2,97137,1255,0,0.013,4580525,4178,0,0.0198,534,0,0,0
2023-05-16 04:49:05.963000+00:00,User1,88145,1139,0,0.011,2921744,2691,0,0.03245555555555556,375,0,0,0
2023-05-16 04:49:06.057000+00:00,User2,97409,1259,0,0.012,4601672,4197,0,0.018655555555555557,537,0,0,0
2023-05-16 04:49:08.504000+00:00,User1,98217,1266,0,0.01,3475286,3210,0,0.014255555555555556,454,0,0,0
2023-05-16 04:49:08.516000+00:00,User1,98302,1267,0,0.009,3476209,3211,0,0.013466666666666667,454,0,0,0
2023-05-16 04:49:20.939000+00:00,User2,155446,2004,0,0.01,8048974,7367,0,0.019922222222222223,982,0,0,0
2023-05-16 04:49:20.950000+00:00,User2,155515,2005,0,0.01,8048974,7367,0,0.02031111111111111,982,0,0,0
2023-05-16 04:49:20.958000+00:00,User2,155515,2005,0,0.01,8048974,7367,0,0.020544444444444445,982,0,0,0
2023-05-16 04:49:20.964000+00:00,User1,146409,1889,0,0.009,6480302,5975,0,0.020255555555555554,832,0,0,0
2023-05-16 04:49:21.058000+00:00,User2,155878,2010,0,0.01,8082664,7398,0,0.020566666666666667,986,0,0,0
2023-05-16 04:49:23.504000+00:00,User1,156380,2016,0,0.009,7123063,6561,0,0.020188888888888888,908,0,0,0
2023-05-16 04:49:23.504000+00:00,User1,156380,2016,0,0.01,7123063,6561,0,0.019844444444444446,908,0,0,0
2023-05-16 04:49:23.516000+00:00,User1,156550,2018,0,0.01,7124177,6562,0,0.020411111111111113,908,0,0,0
2023-05-16 04:49:29.505000+00:00,User1,180093,2317,0,0.011,8351777,7709,0,0.021877777777777777,1087,0,0,0
2023-05-16 04:49:29.518000+00:00,User1,180093,2317,0,0.011,8351777,7709,0,0.02217777777777778,1087,0,0,0
2023-05-16 04:49:29.518000+00:00,User1,180093,2317,0,0.011,8352946,7710,0,0.0213,1087,0,0,0
2023-05-16 04:49:29.529000+00:00,User1,180093,2317,0,0.011,8355286,7712,0,0.02081111111111111,1086,0,0,0
2023-05-16 04:49:29.530000+00:00,User1,180093,2317,0,0.012,8358796,7715,0,0.02068888888888889,1087,0,0,0
2023-05-16 04:49:29.536000+00:00,User1,180093,2317,0,0.011,8357626,7714,0,0.02058888888888889,1088,0,0,0
2023-05-16 04:49:29.547000+00:00,User1,180245,2319,0,0.012,8358796,7715,0,0.020944444444444446,1088,0,0,0
2023-05-16 04:49:29.551000+00:00,User1,180245,2319,0,0.012,8358796,7715,0,0.021011111111111112,1088,0,0,0
2023-05-16 04:49:29.580000+00:00,User1,180245,2319,0,0.012,8364970,7721,0,0.019555555555555555,1089,0,0,0
2023-05-16 04:49:29.572000+00:00,User1,180245,2319,0,0.012,8364970,7721,0,0.019922222222222223,1089,0,0,0
2023-05-16 04:49:29.680000+00:00,User3,170887,2193,0,0.013,8884374,8122,0,0.021333333333333333,1040,0,0,0
2023-05-16 04:49:29.698000+00:00,User3,171037,2195,0,0.013,8887542,8125,0,0.020533333333333334,1039,0,0,0
2023-05-16 04:49:29.693000+00:00,User3,171037,2195,0,0.013,8887542,8125,0,0.021155555555555556,1041,0,0,0
2023-05-16 04:49:29.701000+00:00,User3,171037,2195,0,0.013,8887542,8125,0,0.021122222222222223,1040,0,0,0
2023-05-16 04:49:38.505000+00:00,User1,214898,2766,0,0.014,10563617,9732,0,0.023444444444444445,1353,0,0,0
2023-05-16 04:49:38.519000+00:00,User1,215049,2768,0,0.013,10563617,9732,0,0.0245,1353,0,0,0
2023-05-16 04:49:38.527000+00:00,User1,215049,2768,0,0.013,10563617,9732,0,0.024066666666666667,1352,0,0,0
2023-05-16 04:49:38.531000+00:00,User1,215049,2768,0,0.014,10564779,9733,0,0.023633333333333333,1353,0,0,0
2023-05-16 04:49:38.536000+00:00,User1,215049,2768,0,0.013,10564779,9733,0,0.022866666666666667,1354,0,0,0
2023-05-16 04:49:38.532000+00:00,User1,215049,2768,0,0.014,10564779,9733,0,0.025611111111111112,1349,0,0,0
2023-05-16 04:49:38.554000+00:00,User1,215049,2768,0,0.013,10572792,9740,0,0.024266666666666666,1354,0,0,0
2023-05-16 04:49:38.554000+00:00,User1,215049,2768,0,0.014,10575909,9743,0,0.024044444444444445,1354,0,0,0
2023-05-16 04:49:38.575000+00:00,User1,215215,2770,0,0.014,10579027,9746,0,0.02372222222222222,1354,0,0,0
2023-05-16 04:49:38.583000+00:00,User1,215215,2770,0,0.013,10579027,9746,0,0.023822222222222224,1355,0,0,0
2023-05-16 04:49:38.689000+00:00,User3,205359,2643,0,0.01,11110073,10163,0,0.021655555555555556,1308,0,0,0
2023-05-16 04:49:38.698000+00:00,User3,205426,2644,0,0.01,11110073,10163,0,0.021111111111111112,1308,0,0,0
2023-05-16 04:49:38.712000+00:00,User3,205493,2645,0,0.01,11115657,10168,0,0.021344444444444444,1309,0,0,0
2023-05-16 04:49:38.707000+00:00,User3,205493,2645,0,0.01,11116774,10169,0,0.021466666666666665,1309,0,0,0
2023-05-16 04:49:38.706000+00:00,User3,205493,2645,0,0.01,11113423,10166,0,0.021344444444444444,1308,0,0,0
2023-05-16 04:49:38.715000+00:00,User3,205493,2645,0,0.01,11121180,10173,0,0.02098888888888889,1309,0,0,0
2023-05-16 04:49:38.718000+00:00,User3,205493,2645,0,0.01,11121180,10173,0,0.021388888888888888,1309,0,0,0
2023-05-16 04:49:38.715000+00:00,User3,205493,2645,0,0.009,11121180,10173,0,0.021566666666666668,1309,0,0,0
2023-05-16 04:49:38.723000+00:00,User3,205493,2645,0,0.01,11121180,10173,0,0.021388888888888888,1309,0,0,0
2023-05-16 04:49:38.728000+00:00,User3,205560,2646,0,0.009,11125568,10177,0,0.021966666666666666,1309,0,0,0
2023-05-16 04:49:38.730000+00:00,User3,205493,2645,0,0.011,11116774,10169,0,0.022,1303,0,0,0
2023-05-16 04:49:53.511000+00:00,User1,273776,3517,0,0.011,13963217,12858,0,0.022711111111111112,1781,0,0,0
2023-05-16 04:49:56.509000+00:00,User1,285530,3667,0,0.012,14737838,13561,0,0.022344444444444445,1868,0,0,0
2023-05-16 04:49:56.525000+00:00,User1,285530,3667,0,0.012,14737838,13561,0,0.02208888888888889,1867,0,0,0
2023-05-16 04:49:56.528000+00:00,User1,285530,3667,0,0.012,14737838,13561,0,0.02267777777777778,1868,0,0,0
2023-05-16 04:49:56.539000+00:00,User1,285682,3669,0,0.013,14745433,13568,0,0.022133333333333335,1868,0,0,0
2023-05-16 04:49:56.558000+00:00,User1,285682,3669,0,0.012,14748730,13571,0,0.020833333333333332,1869,0,0,0
2023-05-16 04:49:56.585000+00:00,User1,285753,3670,0,0.012,14754229,13576,0,0.020677777777777778,1869,0,0,0
2023-05-16 04:49:56.586000+00:00,User1,285753,3670,0,0.011,14756365,13578,0,0.021377777777777777,1869,0,0,0
2023-05-16 04:49:56.568000+00:00,User1,285682,3669,0,0.012,14750929,13573,0,0.020766666666666666,1869,0,0,0
2023-05-16 04:49:56.537000+00:00,User1,285682,3669,0,0.013,14745433,13568,0,0.022244444444444445,1865,0,0,0
2023-05-16 04:49:56.534000+00:00,User1,285607,3668,0,0.013,14745433,13568,0,0.02228888888888889,1868,0,0,0
2023-05-16 04:49:56.690000+00:00,User3,275318,3543,0,0.013,15310635,14020,0,0.022822222222222223,1832,0,0,0
2023-05-16 04:49:56.710000+00:00,User3,275492,3545,0,0.012,15315894,14025,0,0.023033333333333333,1833,0,0,0
2023-05-16 04:49:56.709000+00:00,User3,275492,3545,0,0.013,15315894,14025,0,0.02311111111111111,1832,0,0,0
2023-05-16 04:49:56.716000+00:00,User3,275492,3545,0,0.012,15315894,14025,0,0.023466666666666667,1833,0,0,0
2023-05-16 04:49:56.718000+00:00,User3,275492,3545,0,0.013,15322361,14031,0,0.023255555555555557,1833,0,0,0
2023-05-16 04:49:56.722000+00:00,User3,275492,3545,0,0.014,15320153,14029,0,0.023177777777777776,1833,0,0,0
2023-05-16 04:50:05.509000+00:00,User1,319203,4094,0,0.024,16229512,14924,0,0.09146666666666667,2037,0,0,0
2023-05-16 04:50:05.522000+00:00,User1,319203,4094,0,0.024,16229512,14924,0,0.0917111111111111,2037,0,0,0
2023-05-16 04:50:05.525000+00:00,User1,319203,4094,0,0.024,16229512,14924,0,0.09118888888888889,2037,0,0,0
2023-05-16 04:50:05.540000+00:00,User1,319203,4094,0,0.024,16244663,14937,0,0.09036666666666666,2037,0,0,0
2023-05-16 04:50:05.544000+00:00,User1,319203,4094,0,0.024,16244663,14937,0,0.09214444444444445,2038,0,0,0
2023-05-16 04:50:05.568000+00:00,User1,319292,4095,0,0.025,16244663,14937,0,0.0913888888888889,2037,0,0,0
2023-05-16 04:50:05.588000+00:00,User1,319543,4098,0,0.023,16244663,14937,0,0.08956666666666667,2038,0,0,0
2023-05-16 04:50:05.532000+00:00,User1,319203,4094,0,0.024,16244663,14937,0,0.08951111111111111,2037,0,0,0
2023-05-16 04:50:05.581000+00:00,User1,319543,4098,0,0.023,16244663,14937,0,0.09118888888888889,2038,0,0,0
2023-05-16 04:50:05.557000+00:00,User1,319292,4095,0,0.025,16244663,14937,0,0.09165555555555556,2038,0,0,0
2023-05-16 04:50:05.691000+00:00,User3,308525,3966,0,0.009,17118544,15678,0,0.042355555555555556,2037,0,0,0
2023-05-16 04:50:05.709000+00:00,User3,308612,3967,0,0.009,17123098,15682,0,0.04073333333333334,2040,0,0,0
2023-05-16 04:50:05.702000+00:00,User3,308612,3967,0,0.011,17123098,15682,0,0.04047777777777778,2037,0,0,0
2023-05-16 04:50:05.722000+00:00,User3,308698,3968,0,0.008,17128800,15687,0,0.04081111111111111,2040,0,0,0
2023-05-16 04:50:05.730000+00:00,User3,308781,3969,0,0.009,17129941,15688,0,0.04075555555555556,2040,0,0,0
2023-05-16 04:50:05.729000+00:00,User3,308698,3968,0,0.012,17128800,15687,0,0.039,2037,0,0,0
2023-05-16 04:50:05.724000+00:00,User3,308698,3968,0,0.01,17128800,15687,0,0.04077777777777778,2040,0,0,0
2023-05-16 04:50:05.726000+00:00,User3,308698,3968,0,0.009,17128800,15687,0,0.04125555555555555,2038,0,0,0
2023-05-16 04:50:05.740000+00:00,User3,308698,3968,0,0.01,17128800,15687,0,0.04006666666666667,2039,0,0,0
2023-05-16 04:50:05.737000+00:00,User3,308781,3969,0,0.009,17139054,15696,0,0.0405,2040,0,0,0
2023-05-16 04:50:05.916000+00:00,User2,329377,4253,0,0.012,18332188,16826,0,0.01781111111111111,2293,0,0,0
2023-05-16 04:50:05.719000+00:00,User3,308612,3967,0,0.009,17126518,15685,0,0.04088888888888889,2040,0,0,0
2023-05-16 04:50:05.934000+00:00,User2,329450,4254,0,0.011,18333296,16827,0,0.01708888888888889,2294,0,0,0
2023-05-16 04:50:05.942000+00:00,User2,329450,4254,0,0.011,18333296,16827,0,0.016133333333333333,2294,0,0,0
2023-05-16 04:50:05.937000+00:00,User2,329450,4254,0,0.011,18333296,16827,0,0.01638888888888889,2293,0,0,0
2023-05-16 04:50:05.945000+00:00,User3,309435,3977,0,0.017,17197475,15747,0,0.03807777777777778,2043,0,0,0
2023-05-16 04:50:05.948000+00:00,User2,329450,4254,0,0.011,18338838,16832,0,0.01632222222222222,2294,0,0,0
2023-05-16 04:50:05.939000+00:00,User2,329450,4254,0,0.014,18333296,16827,0,0.01807777777777778,2290,0,0,0
2023-05-16 04:50:05.947000+00:00,User2,329450,4254,0,0.011,18333296,16827,0,0.0176,2294,0,0,0
2023-05-16 04:50:05.962000+00:00,User2,329450,4254,0,0.011,18333296,16827,0,0.017033333333333334,2294,0,0,0
2023-05-16 04:50:05.994000+00:00,User1,320980,4116,0,0.02,16280532,14968,0,0.09583333333333334,2039,0,0,0
2023-05-16 04:50:05.954000+00:00,User2,329450,4254,0,0.012,18338838,16832,0,0.019188888888888887,2293,0,0,0
2023-05-16 04:50:05.968000+00:00,User2,329601,4256,0,0.013,18341056,16834,0,0.0162,2294,0,0,0
2023-05-16 04:50:05.986000+00:00,User2,329601,4256,0,0.012,18344383,16837,0,0.016144444444444444,2291,0,0,0
2023-05-16 04:50:06.086000+00:00,User2,329985,4261,0,0.012,18361981,16853,0,0.0184,2297,0,0,0
2023-05-16 04:50:08.514000+00:00,User1,330180,4233,0,0.019,16669632,15310,0,0.07103333333333334,2061,0,0,0
2023-05-16 04:50:08.514000+00:00,User1,330180,4233,0,0.019,16667345,15308,0,0.07092222222222222,2060,0,0,0
2023-05-16 04:50:08.523000+00:00,User1,330246,4234,0,0.018,16676496,15316,0,0.07175555555555556,2061,0,0,0
2023-05-16 04:50:08.534000+00:00,User1,330180,4233,0,0.019,16669632,15310,0,0.07285555555555556,2061,0,0,0
2023-05-16 04:50:08.542000+00:00,User1,330246,4234,0,0.019,16676496,15316,0,0.07264444444444444,2061,0,0,0
2023-05-16 04:50:08.543000+00:00,User1,330246,4234,0,0.019,16676496,15316,0,0.07228888888888889,2061,0,0,0
2023-05-16 04:50:08.558000+00:00,User1,330246,4234,0,0.018,16676496,15316,0,0.07153333333333334,2061,0,0,0
2023-05-16 04:50:08.568000+00:00,User1,330246,4234,0,0.018,16676496,15316,0,0.07106666666666667,2061,0,0,0
2023-05-16 04:50:08.584000+00:00,User1,330310,4235,0,0.019,16679928,15319,0,0.07174444444444444,2061,0,0,0
2023-05-16 04:50:08.589000+00:00,User1,330310,4235,0,0.019,16679928,15319,0,0.07266666666666667,2061,0,0,0
2023-05-16 04:50:08.690000+00:00,User3,320065,4117,0,0.015,17925964,16400,0,0.033933333333333336,2108,0,0,0
2023-05-16 04:50:08.702000+00:00,User3,320065,4117,0,0.015,17929474,16403,0,0.03426666666666667,2108,0,0,0
2023-05-16 04:50:08.709000+00:00,User3,320065,4117,0,0.015,17929474,16403,0,0.034055555555555554,2108,0,0,0
2023-05-16 04:50:08.719000+00:00,User3,320192,4119,0,0.016,17929474,16403,0,0.033411111111111114,2108,0,0,0
2023-05-16 04:50:08.720000+00:00,User3,320192,4119,0,0.015,17929474,16403,0,0.032966666666666665,2108,0,0,0
2023-05-16 04:50:08.724000+00:00,User3,320192,4119,0,0.017,17929474,16403,0,0.03423333333333333,2108,0,0,0
2023-05-16 04:50:08.722000+00:00,User3,320192,4119,0,0.015,17929474,16403,0,0.03415555555555556,2108,0,0,0
2023-05-16 04:50:08.730000+00:00,User3,320192,4119,0,0.016,17929474,16403,0,0.03395555555555556,2108,0,0,0
2023-05-16 04:50:08.736000+00:00,User3,320192,4119,0,0.016,17937069,16410,0,0.032433333333333335,2108,0,0,0
2023-05-16 04:50:08.739000+00:00,User3,320192,4119,0,0.018,17930559,16404,0,0.03248888888888889,2108,0,0,0
2023-05-16 04:50:08.536000+00:00,User1,330246,4234,0,0.019,16676496,15316,0,0.07183333333333333,2061,0,0,0
2023-05-16 04:50:08.716000+00:00,User3,320065,4117,0,0.017,17929474,16403,0,0.03376666666666667,2108,0,0,0
2023-05-16 04:50:08.919000+00:00,User2,340851,4403,0,0.011,18956254,17389,0,0.042611111111111113,2357,0,0,0
2023-05-16 04:50:08.934000+00:00,User2,340920,4404,0,0.011,18966498,17398,0,0.04142222222222222,2357,0,0,0
2023-05-16 04:50:08.934000+00:00,User2,340920,4404,0,0.012,18966498,17398,0,0.043833333333333335,2357,0,0,0
2023-05-16 04:50:08.942000+00:00,User2,340920,4404,0,0.012,18966498,17398,0,0.042166666666666665,2357,0,0,0
2023-05-16 04:50:08.943000+00:00,User2,340920,4404,0,0.011,18966498,17398,0,0.04195555555555556,2357,0,0,0
2023-05-16 04:50:08.948000+00:00,User2,341073,4406,0,0.012,18966498,17398,0,0.04153333333333333,2357,0,0,0
2023-05-16 04:50:08.953000+00:00,User2,341073,4406,0,0.011,18966498,17398,0,0.04137777777777778,2357,0,0,0
2023-05-16 04:50:08.968000+00:00,User2,341073,4406,0,0.011,18967649,17399,0,0.040966666666666665,2357,0,0,0
2023-05-16 04:50:08.938000+00:00,User2,340920,4404,0,0.011,18966498,17398,0,0.04278888888888889,2357,0,0,0
2023-05-16 04:50:08.980000+00:00,User1,331737,4255,0,0.02,16729866,15363,0,0.0829,2064,0,0,0
2023-05-16 04:50:08.981000+00:00,User2,341073,4406,0,0.013,18975710,17406,0,0.04404444444444444,2357,0,0,0
2023-05-16 04:50:08.946000+00:00,User3,320725,4127,0,0.02,17985216,16453,0,0.031466666666666664,2111,0,0,0
2023-05-16 04:50:09.077000+00:00,User2,341430,4411,0,0.012,19015302,17442,0,0.03763333333333333,2359,0,0,0
2023-05-16 04:50:08.974000+00:00,User2,341073,4406,0,0.012,18967649,17399,0,0.042,2357,0,0,0
2023-05-16 04:50:11.514000+00:00,User1,340908,4372,0,0.025,17066217,15659,0,0.10356666666666667,2079,0,0,0
2023-05-16 04:50:11.522000+00:00,User1,340908,4372,0,0.024,17066217,15659,0,0.10403333333333334,2079,0,0,0
2023-05-16 04:50:11.522000+00:00,User1,340908,4372,0,0.024,17066217,15659,0,0.10304444444444444,2079,0,0,0
2023-05-16 04:50:11.539000+00:00,User1,340990,4373,0,0.024,17068479,15661,0,0.10434444444444445,2079,0,0,0
2023-05-16 04:50:11.537000+00:00,User1,340990,4373,0,0.025,17068479,15661,0,0.10497777777777778,2079,0,0,0
2023-05-16 04:50:11.547000+00:00,User1,340990,4373,0,0.025,17068479,15661,0,0.10471111111111112,2079,0,0,0
2023-05-16 04:50:11.558000+00:00,User1,341219,4376,0,0.023,17070741,15663,0,0.10521111111111112,2079,0,0,0
2023-05-16 04:50:11.572000+00:00,User1,341219,4376,0,0.023,17070741,15663,0,0.1029,2079,0,0,0
2023-05-16 04:50:11.582000+00:00,User1,341219,4376,0,0.023,17070741,15663,0,0.10392222222222222,2079,0,0,0
2023-05-16 04:50:11.601000+00:00,User1,341219,4376,0,0.024,17070741,15663,0,0.10563333333333333,2079,0,0,0
2023-05-16 04:50:11.533000+00:00,User1,340908,4372,0,0.024,17066217,15659,0,0.10451111111111111,2079,0,0,0
2023-05-16 04:50:11.710000+00:00,User3,331268,4266,0,0.012,18432863,16854,0,0.026366666666666667,2154,0,0,0
2023-05-16 04:50:11.712000+00:00,User3,331192,4265,0,0.013,18432863,16854,0,0.027633333333333333,2154,0,0,0
2023-05-16 04:50:11.716000+00:00,User3,331192,4265,0,0.012,18432863,16854,0,0.025988888888888888,2154,0,0,0
2023-05-16 04:50:11.726000+00:00,User3,331424,4268,0,0.014,18433970,16855,0,0.027855555555555557,2154,0,0,0
2023-05-16 04:50:11.721000+00:00,User3,331424,4268,0,0.015,18433970,16855,0,0.025955555555555555,2154,0,0,0
2023-05-16 04:50:11.733000+00:00,User3,331424,4268,0,0.015,18433970,16855,0,0.027033333333333333,2154,0,0,0
2023-05-16 04:50:11.735000+00:00,User3,331424,4268,0,0.012,18433970,16855,0,0.026644444444444443,2155,0,0,0
2023-05-16 04:50:11.736000+00:00,User3,331424,4268,0,0.012,18433970,16855,0,0.027366666666666668,2155,0,0,0
2023-05-16 04:50:11.739000+00:00,User3,331424,4268,0,0.012,18433970,16855,0,0.02712222222222222,2155,0,0,0
2023-05-16 04:50:11.743000+00:00,User3,331424,4268,0,0.014,18433970,16855,0,0.02712222222222222,2154,0,0,0
2023-05-16 04:50:11.743000+00:00,User3,331268,4266,0,0.013,18432863,16854,0,0.027033333333333333,2154,0,0,0
2023-05-16 04:50:11.926000+00:00,User2,352300,4552,0,0.018,19765648,18120,0,0.03048888888888889,2431,0,0,0
2023-05-16 04:50:11.936000+00:00,User2,352523,4555,0,0.017,19769756,18124,0,0.029222222222222222,2431,0,0,0
2023-05-16 04:50:11.934000+00:00,User2,352523,4555,0,0.017,19769756,18124,0,0.029366666666666666,2431,0,0,0
2023-05-16 04:50:11.942000+00:00,User2,352523,4555,0,0.017,19769756,18124,0,0.028377777777777776,2432,0,0,0
2023-05-16 04:50:11.950000+00:00,User2,352523,4555,0,0.018,19769756,18124,0,0.030322222222222223,2431,0,0,0
2023-05-16 04:50:11.945000+00:00,User2,352523,4555,0,0.017,19769756,18124,0,0.028155555555555555,2430,0,0,0
2023-05-16 04:50:11.955000+00:00,User2,352523,4555,0,0.017,19769756,18124,0,0.029144444444444445,2431,0,0,0
2023-05-16 04:50:11.948000+00:00,User2,352523,4555,0,0.017,19769756,18124,0,0.031144444444444443,2431,0,0,0
2023-05-16 04:50:11.976000+00:00,User2,352523,4555,0,0.018,19773138,18127,0,0.028511111111111112,2432,0,0,0
2023-05-16 04:50:11.982000+00:00,User1,342085,4387,0,0.028,17135054,15720,0,0.10277777777777777,2082,0,0,0
2023-05-16 04:50:11.954000+00:00,User3,332198,4278,0,0.019,18461686,16880,0,0.03373333333333333,2156,0,0,0
2023-05-16 04:50:12.078000+00:00,User2,352882,4560,0,0.017,19808598,18159,0,0.02871111111111111,2434,0,0,0
2023-05-16 04:50:12.028000+00:00,User2,352672,4557,0,0.02,19792894,18145,0,0.0329,2415,0,0,0
2023-05-16 04:50:11.985000+00:00,User2,352603,4556,0,0.016,19778778,18132,0,0.028655555555555556,2432,0,0,0
2023-05-16 04:50:14.522000+00:00,User1,351912,4512,0,0.017,17419535,15970,0,0.1248,2098,0,0,0
2023-05-16 04:50:14.516000+00:00,User1,351912,4512,0,0.017,17419535,15970,0,0.1251,2098,0,0,0
2023-05-16 04:50:14.546000+00:00,User1,351989,4513,0,0.017,17420612,15971,0,0.11868888888888889,2098,0,0,0
2023-05-16 04:50:14.544000+00:00,User1,352064,4514,0,0.017,17421689,15972,0,0.1191,2098,0,0,0
2023-05-16 04:50:14.546000+00:00,User1,351989,4513,0,0.019,17420612,15971,0,0.11885555555555556,2098,0,0,0
2023-05-16 04:50:14.550000+00:00,User1,351912,4512,0,0.017,17419535,15970,0,0.12351111111111111,2097,0,0,0
2023-05-16 04:50:14.572000+00:00,User1,352064,4514,0,0.017,17421689,15972,0,0.11824444444444444,2098,0,0,0
2023-05-16 04:50:14.581000+00:00,User1,352064,4514,0,0.017,17431490,15981,0,0.11552222222222222,2098,0,0,0
2023-05-16 04:50:14.560000+00:00,User1,352064,4514,0,0.016,17421689,15972,0,0.12003333333333334,2098,0,0,0
2023-05-16 04:50:14.598000+00:00,User1,352365,4518,0,0.018,17433714,15983,0,0.1166,2098,0,0,0
2023-05-16 04:50:14.710000+00:00,User3,343136,4418,0,0.015,19010246,17371,0,0.051755555555555555,2199,0,0,0
2023-05-16 04:50:14.733000+00:00,User3,343136,4418,0,0.015,19013693,17374,0,0.051644444444444444,2199,0,0,0
2023-05-16 04:50:14.737000+00:00,User3,343136,4418,0,0.016,19013693,17374,0,0.050355555555555556,2199,0,0,0
2023-05-16 04:50:14.739000+00:00,User3,343136,4418,0,0.015,19010246,17371,0,0.04982222222222222,2199,0,0,0
2023-05-16 04:50:14.737000+00:00,User3,343136,4418,0,0.015,19014842,17375,0,0.051444444444444445,2199,0,0,0
2023-05-16 04:50:14.726000+00:00,User3,343136,4418,0,0.015,19013693,17374,0,0.05134444444444444,2199,0,0,0
2023-05-16 04:50:14.739000+00:00,User3,343136,4418,0,0.016,19010246,17371,0,0.04964444444444444,2199,0,0,0
2023-05-16 04:50:14.720000+00:00,User3,343136,4418,0,0.016,19010246,17371,0,0.04978888888888889,2199,0,0,0
2023-05-16 04:50:14.723000+00:00,User3,342993,4416,0,0.015,19009097,17370,0,0.05034444444444444,2197,0,0,0
2023-05-16 04:50:14.725000+00:00,User3,343136,4418,0,0.016,19010246,17371,0,0.05181111111111111,2199,0,0,0
2023-05-16 04:50:14.541000+00:00,User1,351912,4512,0,0.017,17419535,15970,0,0.12475555555555555,2097,0,0,0
2023-05-16 04:50:14.917000+00:00,User2,363436,4703,0,0.015,20551423,18836,0,0.028833333333333332,2498,0,0,0
2023-05-16 04:50:14.934000+00:00,User2,363436,4703,0,0.01,20551423,18836,0,0.028333333333333332,2506,0,0,0
2023-05-16 04:50:14.935000+00:00,User2,363436,4703,0,0.009,20551423,18836,0,0.028944444444444443,2506,0,0,0
2023-05-16 04:50:14.943000+00:00,User2,363436,4703,0,0.01,20551423,18836,0,0.028633333333333334,2507,0,0,0
2023-05-16 04:50:14.945000+00:00,User2,363526,4704,0,0.01,20551423,18836,0,0.028066666666666667,2506,0,0,0
2023-05-16 04:50:14.946000+00:00,User2,363526,4704,0,0.01,20551423,18836,0,0.02881111111111111,2506,0,0,0
2023-05-16 04:50:14.961000+00:00,User2,363526,4704,0,0.01,20551423,18836,0,0.029355555555555555,2506,0,0,0
2023-05-16 04:50:14.958000+00:00,User2,363436,4703,0,0.012,20551423,18836,0,0.028544444444444445,2503,0,0,0
2023-05-16 04:50:14.968000+00:00,User2,363691,4706,0,0.011,20554759,18839,0,0.027322222222222223,2507,0,0,0
2023-05-16 04:50:14.984000+00:00,User1,354381,4543,0,0.018,17469275,16014,0,0.11017777777777778,2102,0,0,0
2023-05-16 04:50:14.970000+00:00,User3,343913,4428,0,0.018,19068565,17422,0,0.05277777777777778,2200,0,0,0
2023-05-16 04:50:14.735000+00:00,User3,343136,4418,0,0.015,19010246,17371,0,0.05261111111111111,2199,0,0,0
2023-05-16 04:50:15.036000+00:00,User2,363852,4708,0,0.015,20581061,18862,0,0.029344444444444444,2487,0,0,0
2023-05-16 04:50:15.089000+00:00,User2,364097,4711,0,0.012,20601739,18881,0,0.025755555555555556,2509,0,0,0
2023-05-16 04:50:15.060000+00:00,User2,363691,4706,0,0.015,20562625,18846,0,0.028444444444444446,2504,0,0,0
2023-05-16 04:50:17.516000+00:00,User1,364960,4674,0,0.013,17673643,16206,0,0.05948888888888889,2126,0,0,0
2023-05-16 04:50:17.522000+00:00,User1,364960,4674,0,0.012,17674727,16207,0,0.056822222222222225,2127,0,0,0
2023-05-16 04:50:17.540000+00:00,User1,365122,4676,0,0.013,17677979,16210,0,0.057022222222222224,2126,0,0,0
2023-05-16 04:50:17.546000+00:00,User1,365122,4676,0,0.012,17681231,16213,0,0.057411111111111114,2127,0,0,0
2023-05-16 04:50:17.544000+00:00,User1,365122,4676,0,0.012,17681231,16213,0,0.057166666666666664,2127,0,0,0
2023-05-16 04:50:17.558000+00:00,User1,365122,4676,0,0.013,17683400,16215,0,0.0563,2127,0,0,0
2023-05-16 04:50:17.557000+00:00,User1,365122,4676,0,0.013,17677979,16210,0,0.05676666666666667,2125,0,0,0
2023-05-16 04:50:17.583000+00:00,User1,365122,4676,0,0.013,17683400,16215,0,0.05694444444444444,2127,0,0,0
2023-05-16 04:50:17.572000+00:00,User1,365122,4676,0,0.012,17683400,16215,0,0.05734444444444445,2127,0,0,0
2023-05-16 04:50:17.597000+00:00,User1,365203,4677,0,0.014,17683400,16215,0,0.05732222222222222,2127,0,0,0
2023-05-16 04:50:17.713000+00:00,User3,355011,4568,0,0.014,19322741,17661,0,0.027866666666666668,2241,0,0,0
2023-05-16 04:50:32.942000+00:00,User2,431893,5584,0,0.013,23916688,21840,0,0.04862222222222222,2777,0,0,0
2023-05-16 04:50:32.936000+00:00,User2,431830,5583,0,0.013,23913190,21837,0,0.05101111111111111,2777,0,0,0
2023-05-16 04:50:32.943000+00:00,User2,431893,5584,0,0.012,23915522,21839,0,0.0463,2777,0,0,0
2023-05-16 04:50:32.959000+00:00,User3,412831,5321,0,0.01,22540351,20511,0,0.039655555555555555,2450,0,0,0
2023-05-16 04:50:32.965000+00:00,User2,431893,5584,0,0.012,23920186,21843,0,0.04951111111111111,2777,0,0,0
2023-05-16 04:50:32.968000+00:00,User2,431893,5584,0,0.013,23916688,21840,0,0.04981111111111111,2777,0,0,0
2023-05-16 04:50:32.970000+00:00,User2,431893,5584,0,0.018,23920186,21843,0,0.050633333333333336,2777,0,0,0
2023-05-16 04:50:32.998000+00:00,User2,432094,5587,0,0.014,23926019,21848,0,0.0489,2777,0,0,0
2023-05-16 04:50:32.971000+00:00,User2,431893,5584,0,0.015,23916688,21840,0,0.049544444444444447,2775,0,0,0
2023-05-16 04:50:33+00:00,User2,432094,5587,0,0.014,23926019,21848,0,0.04768888888888889,2778,0,0,0
2023-05-16 04:50:33.008000+00:00,User1,423932,5440,0,0.012,20055732,18354,0,0.027466666666666667,2342,0,0,0
2023-05-16 04:50:33.046000+00:00,User2,432222,5589,0,0.013,23942460,21863,0,0.047355555555555554,2778,0,0,0
2023-05-16 04:50:33.100000+00:00,User2,432463,5592,0,0.012,23962346,21881,0,0.04661111111111111,2779,0,0,0
2023-05-16 04:50:35.518000+00:00,User1,433865,5563,0,0.017,20294732,18578,0,0.026133333333333335,2379,0,0,0
2023-05-16 04:50:35.523000+00:00,User1,433865,5563,0,0.018,20294732,18578,0,0.02666666666666667,2379,0,0,0
2023-05-16 04:50:35.543000+00:00,User1,433865,5563,0,0.018,20294732,18578,0,0.0249,2379,0,0,0
2023-05-16 04:50:35.547000+00:00,User1,433865,5563,0,0.017,20294732,18578,0,0.027044444444444444,2379,0,0,0
2023-05-16 04:50:35.570000+00:00,User1,433865,5563,0,0.017,20299188,18582,0,0.02721111111111111,2379,0,0,0
2023-05-16 04:50:35.549000+00:00,User1,433865,5563,0,0.019,20294732,18578,0,0.03206666666666667,2377,0,0,0
2023-05-16 04:50:35.579000+00:00,User1,433865,5563,0,0.017,20301418,18584,0,0.026722222222222224,2379,0,0,0
2023-05-16 04:50:35.582000+00:00,User1,433865,5563,0,0.017,20301418,18584,0,0.026644444444444443,2380,0,0,0
2023-05-16 04:50:35.590000+00:00,User1,433865,5563,0,0.017,20301418,18584,0,0.026433333333333333,2380,0,0,0
2023-05-16 04:50:35.608000+00:00,User1,433865,5563,0,0.017,20301418,18584,0,0.026866666666666667,2380,0,0,0
2023-05-16 04:50:35.618000+00:00,User1,433865,5563,0,0.017,20301418,18584,0,0.02701111111111111,2381,0,0,0
2023-05-16 04:50:35.713000+00:00,User3,424078,5458,0,0.014,22847820,20792,0,0.030555555555555555,2490,0,0,0
2023-05-16 04:50:35.724000+00:00,User3,424078,5458,0,0.013,22853345,20797,0,0.03031111111111111,2490,0,0,0
2023-05-16 04:50:35.732000+00:00,User3,424078,5458,0,0.014,22853345,20797,0,0.031266666666666665,2490,0,0,0
2023-05-16 04:50:35.734000+00:00,User3,424078,5458,0,0.013,22857767,20801,0,0.03101111111111111,2490,0,0,0
2023-05-16 04:50:35.735000+00:00,User3,424078,5458,0,0.014,22857767,20801,0,0.0315,2490,0,0,0
2023-05-16 04:50:35.741000+00:00,User3,424145,5459,0,0.013,22857767,20801,0,0.030666666666666665,2490,0,0,0
2023-05-16 04:50:35.736000+00:00,User3,424145,5459,0,0.013,22857767,20801,0,0.0321,2490,0,0,0
2023-05-16 04:50:35.745000+00:00,User3,424145,5459,0,0.013,22857767,20801,0,0.030555555555555555,2490,0,0,0
2023-05-16 04:50:35.750000+00:00,User3,424217,5460,0,0.013,22859925,20803,0,0.029477777777777776,2490,0,0,0
2023-05-16 04:50:35.759000+00:00,User3,424078,5458,0,0.013,22846715,20791,0,0.033911111111111114,2483,0,0,0
2023-05-16 04:50:35.845000+00:00,User3,424498,5464,0,0.012,22868593,20811,0,0.028633333333333334,2492,0,0,0
2023-05-16 04:50:35.925000+00:00,User2,443268,5731,0,0.016,24603891,22451,0,0.04176666666666667,2821,0,0,0
2023-05-16 04:50:35.942000+00:00,User2,443268,5731,0,0.016,24603891,22451,0,0.04013333333333333,2821,0,0,0
2023-05-16 04:50:35.945000+00:00,User2,443268,5731,0,0.017,24603891,22451,0,0.039988888888888886,2821,0,0,0
2023-05-16 04:50:35.947000+00:00,User2,443268,5731,0,0.016,24603891,22451,0,0.04031111111111111,2821,0,0,0
2023-05-16 04:50:35.944000+00:00,User2,443268,5731,0,0.017,24603891,22451,0,0.04038888888888889,2821,0,0,0
2023-05-16 04:50:35.963000+00:00,User2,443268,5731,0,0.016,24603891,22451,0,0.04061111111111111,2821,0,0,0
2023-05-16 04:50:35.962000+00:00,User2,443268,5731,0,0.016,24603891,22451,0,0.04031111111111111,2822,0,0,0
2023-05-16 04:50:35.955000+00:00,User2,443268,5731,0,0.017,24603891,22451,0,0.04041111111111111,2821,0,0,0
2023-05-16 04:50:35.972000+00:00,User3,425024,5471,0,0.015,22896133,20836,0,0.031766666666666665,2491,0,0,0
2023-05-16 04:50:36.001000+00:00,User2,443495,5734,0,0.018,24603891,22451,0,0.0396,2822,0,0,0
2023-05-16 04:50:35.999000+00:00,User2,443495,5734,0,0.02,24603891,22451,0,0.04888888888888889,2816,0,0,0
2023-05-16 04:50:36.007000+00:00,User1,435488,5584,0,0.022,20346601,18625,0,0.03604444444444444,2387,0,0,0
2023-05-16 04:50:36.055000+00:00,User2,443834,5738,0,0.019,24627638,22472,0,0.04443333333333333,2821,0,0,0
2023-05-16 04:50:36.100000+00:00,User2,444137,5742,0,0.016,24656960,22498,0,0.04308888888888889,2823,0,0,0
2023-05-16 04:50:38.517000+00:00,User1,443060,5681,0,0.022,20537639,18797,0,0.0951111111111111,2405,0,0,0
2023-05-16 04:50:38.523000+00:00,User1,443060,5681,0,0.023,20537639,18797,0,0.09431111111111111,2405,0,0,0
2023-05-16 04:50:38.543000+00:00,User1,443157,5682,0,0.022,20537639,18797,0,0.09452222222222222,2405,0,0,0
2023-05-16 04:50:38.545000+00:00,User1,443157,5682,0,0.023,20537639,18797,0,0.09467777777777778,2405,0,0,0
2023-05-16 04:50:38.559000+00:00,User1,443060,5681,0,0.025,20537639,18797,0,0.09907777777777778,2405,0,0,0
2023-05-16 04:50:38.565000+00:00,User1,443245,5683,0,0.023,20539961,18799,0,0.09046666666666667,2405,0,0,0
2023-05-16 04:50:38.574000+00:00,User1,443320,5684,0,0.021,20541122,18800,0,0.09123333333333333,2405,0,0,0
2023-05-16 04:50:38.581000+00:00,User1,443320,5684,0,0.021,20541122,18800,0,0.09053333333333333,2405,0,0,0
2023-05-16 04:50:38.589000+00:00,User1,443320,5684,0,0.021,20541122,18800,0,0.0901,2405,0,0,0
2023-05-16 04:50:38.603000+00:00,User1,443320,5684,0,0.022,20541122,18800,0,0.09078888888888889,2405,0,0,0
2023-05-16 04:50:38.605000+00:00,User1,443320,5684,0,0.021,20558537,18815,0,0.09056666666666667,2405,0,0,0
2023-05-16 04:50:38.713000+00:00,User3,435548,5606,0,0.012,23560729,21421,0,0.03863333333333333,2535,0,0,0
2023-05-16 04:50:38.723000+00:00,User3,435630,5607,0,0.013,23560729,21421,0,0.039233333333333335,2535,0,0,0
2023-05-16 04:50:38.735000+00:00,User3,435718,5608,0,0.013,23560729,21421,0,0.038155555555555554,2535,0,0,0
2023-05-16 04:50:38.734000+00:00,User3,435718,5608,0,0.013,23560729,21421,0,0.03874444444444444,2535,0,0,0
2023-05-16 04:50:38.735000+00:00,User3,435630,5607,0,0.013,23560729,21421,0,0.03936666666666667,2535,0,0,0
2023-05-16 04:50:38.735000+00:00,User3,435718,5608,0,0.013,23560729,21421,0,0.03897777777777778,2535,0,0,0
2023-05-16 04:50:38.735000+00:00,User3,435548,5606,0,0.014,23560729,21421,0,0.0434,2530,0,0,0
2023-05-16 04:50:38.741000+00:00,User3,435799,5609,0,0.012,23560729,21421,0,0.038844444444444445,2536,0,0,0
2023-05-16 04:50:38.762000+00:00,User3,435799,5609,0,0.012,23560729,21421,0,0.03911111111111111,2536,0,0,0
2023-05-16 04:50:38.768000+00:00,User3,435718,5608,0,0.015,23560729,21421,0,0.03997777777777778,2535,0,0,0
2023-05-16 04:50:38.842000+00:00,User3,436269,5615,0,0.014,23605829,21461,0,0.039622222222222225,2537,0,0,0
2023-05-16 04:50:38.920000+00:00,User2,455297,5883,0,0.013,25064524,22864,0,0.02277777777777778,2866,0,0,0
2023-05-16 04:50:38.942000+00:00,User2,455384,5884,0,0.013,25064524,22864,0,0.02228888888888889,2866,0,0,0
2023-05-16 04:50:38.942000+00:00,User2,455384,5884,0,0.013,25064524,22864,0,0.022244444444444445,2866,0,0,0
2023-05-16 04:50:38.944000+00:00,User2,455384,5884,0,0.013,25064524,22864,0,0.0228,2866,0,0,0
2023-05-16 04:50:38.948000+00:00,User2,455384,5884,0,0.013,25064524,22864,0,0.022555555555555554,2866,0,0,0
2023-05-16 04:50:38.956000+00:00,User2,455468,5885,0,0.013,25065667,22865,0,0.021333333333333333,2866,0,0,0
2023-05-16 04:50:38.961000+00:00,User2,455468,5885,0,0.012,25065667,22865,0,0.021233333333333333,2866,0,0,0
2023-05-16 04:50:38.964000+00:00,User2,455468,5885,0,0.012,25065667,22865,0,0.021655555555555556,2866,0,0,0
2023-05-16 04:50:39+00:00,User2,455556,5886,0,0.012,25067955,22867,0,0.02588888888888889,2866,0,0,0
2023-05-16 04:50:39.029000+00:00,User1,444793,5703,0,0.018,20596359,18849,0,0.09506666666666666,2408,0,0,0
2023-05-16 04:50:39.019000+00:00,User2,455556,5886,0,0.013,25067955,22867,0,0.023944444444444445,2867,0,0,0
2023-05-16 04:50:39.104000+00:00,User2,456225,5893,0,0.013,25074814,22873,0,0.019966666666666667,2868,0,0,0
2023-05-16 04:50:39.026000+00:00,User3,436443,5617,0,0.018,23622136,21475,0,0.03648888888888889,2536,0,0,0
2023-05-16 04:50:39.153000+00:00,User2,455727,5888,0,0.02,25067955,22867,0,0.023344444444444445,2864,0,0,0
2023-05-16 04:50:41.518000+00:00,User1,453768,5820,0,0.015,20856787,19080,0,0.14435555555555554,2423,0,0,0
2023-05-16 04:50:41.523000+00:00,User1,453841,5821,0,0.015,20859121,19082,0,0.14414444444444444,2423,0,0,0
2023-05-16 04:50:41.546000+00:00,User1,453911,5822,0,0.014,20869458,19091,0,0.13894444444444445,2424,0,0,0
2023-05-16 04:50:41.553000+00:00,User1,453911,5822,0,0.015,20869458,19091,0,0.14074444444444445,2424,0,0,0
2023-05-16 04:50:41.543000+00:00,User1,453911,5822,0,0.014,20869458,19091,0,0.13897777777777778,2424,0,0,0
2023-05-16 04:50:41.564000+00:00,User1,454111,5825,0,0.014,20871746,19093,0,0.13828888888888888,2424,0,0,0
2023-05-16 04:50:41.576000+00:00,User1,454185,5826,0,0.014,20872833,19094,0,0.13242222222222222,2424,0,0,0
2023-05-16 04:50:41.599000+00:00,User1,454264,5827,0,0.015,20878272,19099,0,0.13257777777777777,2423,0,0,0
2023-05-16 04:50:41.606000+00:00,User1,454331,5828,0,0.013,20879360,19100,0,0.13311111111111112,2425,0,0,0
2023-05-16 04:50:41.613000+00:00,User1,454331,5828,0,0.014,20879360,19100,0,0.13146666666666668,2425,0,0,0
2023-05-16 04:50:41.664000+00:00,User1,453443,5816,0,0.016,20849791,19074,0,0.1414888888888889,2423,0,0,0
2023-05-16 04:50:41.718000+00:00,User3,447139,5756,0,0.009,24321662,22095,0,0.03166666666666667,2581,0,0,0
2023-05-16 04:50:41.729000+00:00,User3,447313,5758,0,0.011,24326221,22099,0,0.03375555555555555,2581,0,0,0
2023-05-16 04:50:41.739000+00:00,User3,447313,5758,0,0.011,24334009,22106,0,0.0309,2581,0,0,0
2023-05-16 04:50:41.745000+00:00,User3,447219,5757,0,0.01,24325109,22098,0,0.03292222222222222,2580,0,0,0
2023-05-16 04:50:41.741000+00:00,User3,447313,5758,0,0.009,24334009,22106,0,0.033633333333333335,2581,0,0,0
2023-05-16 04:50:41.745000+00:00,User3,447313,5758,0,0.01,24330670,22103,0,0.034133333333333335,2581,0,0,0
2023-05-16 04:50:41.740000+00:00,User3,447313,5758,0,0.01,24331783,22104,0,0.03415555555555556,2580,0,0,0
2023-05-16 04:50:41.756000+00:00,User3,447313,5758,0,0.009,24336235,22108,0,0.03412222222222222,2581,0,0,0
2023-05-16 04:50:41.758000+00:00,User3,447313,5758,0,0.01,24336235,22108,0,0.03311111111111111,2581,0,0,0
2023-05-16 04:50:41.844000+00:00,User3,447697,5763,0,0.012,24359661,22129,0,0.03576666666666667,2582,0,0,0
2023-05-16 04:50:41.789000+00:00,User3,447073,5755,0,0.021,24309023,22084,0,0.031155555555555554,2578,0,0,0
2023-05-16 04:50:41.920000+00:00,User2,467232,6033,0,0.012,25537455,23288,0,0.03177777777777778,2910,0,0,0
2023-05-16 04:50:41.943000+00:00,User2,467232,6033,0,0.012,25544472,23294,0,0.03142222222222222,2911,0,0,0
2023-05-16 04:50:41.942000+00:00,User2,467232,6033,0,0.012,25542132,23292,0,0.030166666666666668,2911,0,0,0
2023-05-16 04:50:41.956000+00:00,User2,467232,6033,0,0.013,25545642,23295,0,0.03194444444444444,2911,0,0,0
2023-05-16 04:50:41.948000+00:00,User2,467232,6033,0,0.013,25545642,23295,0,0.03133333333333333,2910,0,0,0
2023-05-16 04:50:41.963000+00:00,User2,467232,6033,0,0.013,25545642,23295,0,0.030655555555555554,2911,0,0,0
2023-05-16 04:50:41.966000+00:00,User2,467232,6033,0,0.013,25545642,23295,0,0.03147777777777778,2911,0,0,0
2023-05-16 04:50:41.966000+00:00,User3,448039,5768,0,0.014,24382333,22149,0,0.03214444444444445,2584,0,0,0
2023-05-16 04:50:42+00:00,User2,467481,6036,0,0.012,25545642,23295,0,0.03337777777777778,2911,0,0,0
2023-05-16 04:50:42.007000+00:00,User1,456783,5860,0,0.016,20952937,19167,0,0.10808888888888889,2430,0,0,0
2023-05-16 04:50:42.008000+00:00,User2,467565,6037,0,0.015,25545642,23295,0,0.031088888888888888,2911,0,0,0
2023-05-16 04:50:42.052000+00:00,User2,467733,6039,0,0.015,25545642,23295,0,0.033077777777777775,2911,0,0,0
2023-05-16 04:50:41.978000+00:00,User2,467073,6031,0,0.02,25526131,23278,0,0.037177777777777775,2908,0,0,0
2023-05-16 04:50:42.100000+00:00,User2,467970,6042,0,0.012,25552656,23301,0,0.03166666666666667,2913,0,0,0
2023-05-16 04:50:44.518000+00:00,User1,466170,5985,0,0.011,21375842,19547,0,0.03253333333333333,2468,0,0,0
2023-05-16 04:50:44.525000+00:00,User1,466170,5985,0,0.011,21376984,19548,0,0.031655555555555555,2467,0,0,0
2023-05-16 04:50:44.544000+00:00,User1,466309,5987,0,0.012,21382696,19553,0,0.033044444444444446,2467,0,0,0
2023-05-16 04:50:44.548000+00:00,User1,466309,5987,0,0.012,21382696,19553,0,0.03101111111111111,2468,0,0,0
2023-05-16 04:50:44.555000+00:00,User1,466309,5987,0,0.012,21384982,19555,0,0.030922222222222222,2467,0,0,0
2023-05-16 04:50:44.565000+00:00,User1,466309,5987,0,0.013,21384982,19555,0,0.03091111111111111,2468,0,0,0
2023-05-16 04:50:44.577000+00:00,User1,466379,5988,0,0.012,21386104,19556,0,0.03151111111111111,2468,0,0,0
2023-05-16 04:50:44.590000+00:00,User1,466519,5990,0,0.013,21393962,19563,0,0.033544444444444446,2466,0,0,0
2023-05-16 04:50:44.603000+00:00,User1,466519,5990,0,0.011,21393962,19563,0,0.03122222222222222,2469,0,0,0
2023-05-16 04:50:44.605000+00:00,User1,466519,5990,0,0.013,21393962,19563,0,0.031877777777777776,2468,0,0,0
2023-05-16 04:50:44.608000+00:00,User1,466379,5988,0,0.013,21386184,19556,2,0.033,2428,10,0,0
2023-05-16 04:50:44.717000+00:00,User3,458629,5908,0,0.013,25061120,22757,0,0.025122222222222223,2632,0,0,0
2023-05-16 04:50:44.729000+00:00,User3,458629,5908,0,0.013,25063350,22759,0,0.02558888888888889,2632,0,0,0
2023-05-16 04:50:44.730000+00:00,User3,458629,5908,0,0.014,25062235,22758,0,0.025622222222222223,2632,0,0,0
2023-05-16 04:50:44.736000+00:00,User3,458629,5908,0,0.013,25065596,22761,0,0.02532222222222222,2633,0,0,0
2023-05-16 04:50:44.737000+00:00,User3,458629,5908,0,0.013,25064465,22760,0,0.0254,2632,0,0,0
2023-05-16 04:50:44.739000+00:00,User3,458629,5908,0,0.013,25065596,22761,0,0.02542222222222222,2632,0,0,0
2023-05-16 04:50:44.741000+00:00,User3,458629,5908,0,0.013,25067860,22763,0,0.025433333333333332,2633,0,0,0
2023-05-16 04:50:44.757000+00:00,User3,458714,5909,0,0.013,25072388,22767,0,0.025977777777777777,2633,0,0,0
2023-05-16 04:50:44.758000+00:00,User3,458714,5909,0,0.013,25074652,22769,0,0.02497777777777778,2633,0,0,0
2023-05-16 04:50:44.773000+00:00,User3,458480,5906,0,0.019,25056662,22753,0,0.0288,2626,0,0,0
2023-05-16 04:50:44.843000+00:00,User3,458948,5912,0,0.013,25098681,22790,0,0.025233333333333333,2636,0,0,0
2023-05-16 04:50:44.920000+00:00,User2,478853,6183,0,0.01,26343415,24000,0,0.037344444444444444,2954,0,0,0
2023-05-16 04:50:44.945000+00:00,User2,478938,6184,0,0.009,26343415,24000,0,0.03581111111111111,2954,0,0,0
2023-05-16 04:50:44.946000+00:00,User2,478938,6184,0,0.012,26343415,24000,0,0.03467777777777778,2954,0,0,0
2023-05-16 04:50:44.955000+00:00,User2,478938,6184,0,0.009,26347939,24004,0,0.03512222222222222,2955,0,0,0
2023-05-16 04:50:44.964000+00:00,User2,479020,6185,0,0.01,26349070,24005,0,0.0345,2955,0,0,0
2023-05-16 04:50:44.966000+00:00,User3,459346,5918,0,0.012,25139603,22826,0,0.023066666666666666,2639,0,0,0
2023-05-16 04:50:44.965000+00:00,User2,479020,6185,0,0.01,26350201,24006,0,0.0354,2955,0,0,0
2023-05-16 04:50:44.961000+00:00,User2,479020,6185,0,0.014,26349070,24005,0,0.03956666666666667,2951,0,0,0
2023-05-16 04:50:45.002000+00:00,User2,479178,6187,0,0.011,26366933,24021,0,0.03496666666666667,2956,0,0,0
2023-05-16 04:50:45.003000+00:00,User2,479178,6187,0,0.011,26366933,24021,0,0.03548888888888889,2955,0,0,0
2023-05-16 04:50:45.005000+00:00,User2,479097,6186,0,0.01,26356987,24012,0,0.036555555555555556,2955,0,0,0
2023-05-16 04:50:45.013000+00:00,User1,468076,6010,0,0.013,21444489,19609,0,0.02808888888888889,2475,0,0,0
2023-05-16 04:50:45.052000+00:00,User2,479399,6190,0,0.01,26370227,24024,0,0.036066666666666664,2956,0,0,0
2023-05-16 04:50:45.104000+00:00,User2,479567,6192,0,0.013,26383522,24036,0,0.03454444444444445,2957,0,0,0
2023-05-16 04:50:47.518000+00:00,User1,477892,6136,0,0.015,21866318,19988,0,0.024177777777777777,2513,0,0,0
2023-05-16 04:50:47.524000+00:00,User1,477892,6136,0,0.014,21868546,19990,0,0.024955555555555557,2512,0,0,0
2023-05-16 04:50:47.545000+00:00,User1,477970,6137,0,0.014,21876350,19997,0,0.024344444444444443,2512,0,0,0
2023-05-16 04:50:47.549000+00:00,User1,477970,6137,0,0.013,21876350,19997,0,0.024077777777777778,2513,0,0,0
2023-05-16 04:50:47.564000+00:00,User1,477970,6137,0,0.014,21876350,19997,0,0.024422222222222224,2513,0,0,0
2023-05-16 04:50:47.578000+00:00,User1,477970,6137,0,0.014,21876350,19997,0,0.024288888888888888,2514,0,0,0
2023-05-16 04:50:47.592000+00:00,User1,478118,6139,0,0.015,21880664,20001,0,0.023822222222222224,2512,0,0,0
2023-05-16 04:50:47.597000+00:00,User1,478118,6139,0,0.014,21879579,20000,2,0.024344444444444443,2463,10,0,1
2023-05-16 04:50:47.605000+00:00,User1,478118,6139,0,0.015,21883901,20004,0,0.024022222222222223,2513,0,0,0
2023-05-16 04:50:47.611000+00:00,User1,478118,6139,0,0.015,21883901,20004,0,0.02351111111111111,2514,0,0,0
2023-05-16 04:50:47.584000+00:00,User1,477970,6137,0,0.016,21876350,19997,0,0.024166666666666666,2511,0,0,0
2023-05-16 04:50:47.717000+00:00,User3,470150,6057,0,0.012,25896212,23511,0,0.017466666666666665,2723,0,0,0
2023-05-16 04:50:47.729000+00:00,User3,470150,6057,0,0.012,25898540,23513,0,0.016955555555555557,2723,0,0,0
2023-05-16 04:50:47.730000+00:00,User3,470150,6057,0,0.016,25898540,23513,0,0.02048888888888889,2722,0,0,0
2023-05-16 04:50:47.729000+00:00,User3,470150,6057,0,0.012,25898540,23513,0,0.017055555555555556,2723,0,0,0
2023-05-16 04:50:47.735000+00:00,User3,470150,6057,0,0.012,25899682,23514,0,0.017222222222222222,2723,0,0,0
2023-05-16 04:50:47.736000+00:00,User3,470150,6057,0,0.013,25898540,23513,0,0.017122222222222223,2723,0,0,0
2023-05-16 04:50:47.738000+00:00,User3,470150,6057,0,0.013,25899682,23514,0,0.017722222222222223,2723,0,0,0
2023-05-16 04:50:47.742000+00:00,User3,470150,6057,0,0.012,25901966,23516,0,0.01732222222222222,2723,0,0,0
2023-05-16 04:50:47.756000+00:00,User3,470334,6059,0,0.013,25905392,23519,0,0.01757777777777778,2724,0,0,0
2023-05-16 04:50:47.758000+00:00,User3,470334,6059,0,0.013,25907677,23521,0,0.016866666666666665,2724,0,0,0
2023-05-16 04:50:47.844000+00:00,User3,470651,6063,0,0.012,25926663,23539,0,0.017055555555555556,2726,0,0,0
2023-05-16 04:50:47.920000+00:00,User2,490155,6333,0,0.009,26978485,24562,0,0.032822222222222225,2999,0,0,0
2023-05-16 04:50:47.942000+00:00,User2,490226,6334,0,0.011,26978485,24562,0,0.0328,3000,0,0,0
2023-05-16 04:50:47.945000+00:00,User2,490226,6334,0,0.01,26978485,24562,0,0.03334444444444445,3000,0,0,0
2023-05-16 04:50:47.955000+00:00,User2,490226,6334,0,0.01,26979579,24563,0,0.03256666666666667,3000,0,0,0
2023-05-16 04:50:47.964000+00:00,User2,490356,6336,0,0.01,26980674,24564,0,0.03252222222222222,3000,0,0,0
2023-05-16 04:50:47.962000+00:00,User2,490356,6336,0,0.01,26980674,24564,0,0.03175555555555556,3000,0,0,0
2023-05-16 04:50:47.968000+00:00,User2,490356,6336,0,0.01,26986149,24569,0,0.03238888888888889,3000,0,0,0
2023-05-16 04:50:47.969000+00:00,User2,490356,6336,0,0.01,26982864,24566,0,0.03213333333333333,3000,0,0,0
2023-05-16 04:50:47.970000+00:00,User3,471141,6069,0,0.014,25952944,23563,0,0.019244444444444446,2729,0,0,0
2023-05-16 04:50:48.002000+00:00,User2,490424,6337,0,0.01,26989434,24572,0,0.032344444444444446,3000,0,0,0
2023-05-16 04:50:48.008000+00:00,User1,479697,6159,0,0.016,21944898,20060,0,0.02471111111111111,2520,0,0,0
2023-05-16 04:50:48.039000+00:00,User2,490495,6338,0,0.011,26993813,24576,0,0.03205555555555555,3000,0,0,0
2023-05-16 04:50:48.054000+00:00,User2,490623,6340,0,0.013,27000383,24582,0,0.032344444444444446,3001,0,0,0
2023-05-16 04:50:48.103000+00:00,User2,490772,6342,0,0.011,27011183,24592,0,0.03211111111111111,3002,0,0,0
2023-05-16 04:50:50.517000+00:00,User1,489530,6283,0,0.01,22198575,20298,0,0.028677777777777778,2556,0,0,0
2023-05-16 04:50:50.526000+00:00,User1,489530,6283,0,0.01,22198575,20298,0,0.028955555555555554,2556,0,0,0
2023-05-16 04:50:50.544000+00:00,User1,489692,6285,0,0.01,22198575,20298,0,0.028122222222222222,2556,0,0,0
2023-05-16 04:50:50.549000+00:00,User1,489692,6285,0,0.01,22198575,20298,0,0.028533333333333334,2557,0,0,0
2023-05-16 04:50:50.568000+00:00,User1,489773,6286,0,0.01,22198575,20298,0,0.02861111111111111,2557,0,0,0
2023-05-16 04:50:50.577000+00:00,User1,489854,6287,0,0.009,22200506,20300,0,0.027433333333333334,2556,0,0,0
2023-05-16 04:50:50.578000+00:00,User1,489854,6287,0,0.009,22200506,20300,0,0.02728888888888889,2557,0,0,0
2023-05-16 04:50:50.591000+00:00,User1,489854,6287,0,0.01,22201472,20301,0,0.027188888888888887,2556,0,0,0
2023-05-16 04:50:50.601000+00:00,User1,489854,6287,0,0.009,22199308,20299,2,0.0274,2507,10,0,1
2023-05-16 04:50:50.605000+00:00,User1,489854,6287,0,0.009,22201472,20301,0,0.027033333333333333,2558,0,0,0
2023-05-16 04:50:50.605000+00:00,User1,489935,6288,0,0.009,22201472,20301,0,0.027411111111111112,2557,0,0,0
2023-05-16 04:50:50.717000+00:00,User3,481890,6206,0,0.01,26364841,23954,0,0.006855555555555556,2813,0,0,0
2023-05-16 04:50:50.730000+00:00,User3,481974,6207,0,0.01,26364841,23954,0,0.0076,2813,0,0,0
2023-05-16 04:50:50.729000+00:00,User3,481974,6207,0,0.01,26364841,23954,0,0.006655555555555555,2813,0,0,0
2023-05-16 04:50:50.729000+00:00,User3,481974,6207,0,0.009,26364841,23954,0,0.006688888888888889,2813,0,0,0
2023-05-16 04:50:50.735000+00:00,User3,481974,6207,0,0.01,26366689,23956,0,0.006866666666666667,2813,0,0,0
2023-05-16 04:50:50.735000+00:00,User3,481974,6207,0,0.01,26367613,23957,0,0.0069,2813,0,0,0
2023-05-16 04:50:50.739000+00:00,User3,481974,6207,0,0.01,26368537,23958,0,0.007033333333333333,2813,0,0,0
2023-05-16 04:50:50.742000+00:00,User3,482142,6209,0,0.01,26368537,23958,0,0.006711111111111111,2813,0,0,0
2023-05-16 04:50:50.756000+00:00,User3,482142,6209,0,0.01,26368537,23958,0,0.006177777777777778,2814,0,0,0
2023-05-16 04:50:50.758000+00:00,User3,482142,6209,0,0.009,26368537,23958,0,0.006922222222222222,2814,0,0,0
2023-05-16 04:50:50.844000+00:00,User3,482396,6212,0,0.009,26376141,23966,0,0.0068,2816,0,0,0
2023-05-16 04:50:50.921000+00:00,User2,501702,6484,0,0.009,27615572,25126,0,0.028766666666666666,3045,0,0,0
2023-05-16 04:50:50.943000+00:00,User2,501702,6484,0,0.009,27616689,25127,0,0.02798888888888889,3045,0,0,0
2023-05-16 04:50:50.945000+00:00,User2,501702,6484,0,0.009,27616689,25127,0,0.028,3045,0,0,0
2023-05-16 04:50:50.955000+00:00,User2,501783,6485,0,0.01,27624513,25134,0,0.027966666666666667,3045,0,0,0
2023-05-16 04:50:50.963000+00:00,User2,501783,6485,0,0.009,27626749,25136,0,0.028677777777777778,3045,0,0,0
2023-05-16 04:50:50.961000+00:00,User2,501866,6486,0,0.009,27627867,25137,0,0.028166666666666666,3045,0,0,0
2023-05-16 04:50:50.967000+00:00,User2,501866,6486,0,0.009,27628985,25138,0,0.02787777777777778,3045,0,0,0
2023-05-16 04:50:50.967000+00:00,User3,482985,6219,0,0.01,26389977,23980,0,0.006622222222222222,2820,0,0,0
2023-05-16 04:50:50.971000+00:00,User2,501866,6486,0,0.009,27628985,25138,0,0.027933333333333334,3045,0,0,0
2023-05-16 04:50:51.002000+00:00,User2,501951,6487,0,0.01,27643088,25151,0,0.028655555555555556,3046,0,0,0
2023-05-16 04:50:51.008000+00:00,User1,491555,6308,0,0.008,22218074,20319,0,0.020155555555555555,2564,0,0,0
2023-05-16 04:50:51.033000+00:00,User2,502115,6489,0,0.009,27643088,25151,0,0.028355555555555554,3046,0,0,0
2023-05-16 04:50:51.055000+00:00,User2,502198,6490,0,0.009,27643088,25151,0,0.029266666666666667,3046,0,0,0
2023-05-16 04:50:51.103000+00:00,User2,502421,6493,0,0.01,27656593,25163,0,0.028077777777777778,3047,0,0,0
2023-05-16 04:50:53.525000+00:00,User1,501321,6433,0,0.011,22552041,20627,0,0.024022222222222223,2599,0,0,0
2023-05-16 04:50:53.526000+00:00,User1,501454,6435,0,0.01,22554263,20629,0,0.022644444444444443,2599,0,0,0
2023-05-16 04:50:53.547000+00:00,User1,501454,6435,0,0.011,22562041,20636,0,0.02321111111111111,2599,0,0,0
2023-05-16 04:50:53.552000+00:00,User1,501454,6435,0,0.011,22562041,20636,0,0.023422222222222223,2600,0,0,0
2023-05-16 04:50:53.568000+00:00,User1,501529,6436,0,0.011,22562041,20636,0,0.023733333333333332,2599,0,0,0
2023-05-16 04:50:53.578000+00:00,User1,501612,6437,0,0.011,22562041,20636,0,0.023244444444444446,2599,0,0,0
2023-05-16 04:50:53.579000+00:00,User1,501612,6437,0,0.009,22562041,20636,0,0.02327777777777778,2600,0,0,0
2023-05-16 04:50:53.591000+00:00,User1,501612,6437,0,0.01,22568392,20642,0,0.02398888888888889,2599,0,0,0
2023-05-16 04:50:53.597000+00:00,User1,501612,6437,0,0.01,22568346,20642,2,0.02372222222222222,2550,10,0,1
2023-05-16 04:50:53.604000+00:00,User1,501612,6437,0,0.01,22570510,20644,0,0.023655555555555555,2601,0,0,0
2023-05-16 04:50:53.607000+00:00,User1,501698,6438,0,0.01,22571569,20645,0,0.023655555555555555,2600,0,0,0
2023-05-16 04:50:53.718000+00:00,User3,494145,6356,0,0.009,27003973,24547,0,0.017766666666666667,2902,0,0,0
2023-05-16 04:50:53.730000+00:00,User3,494221,6357,0,0.009,27005121,24548,0,0.017766666666666667,2902,0,0,0
2023-05-16 04:50:53.729000+00:00,User3,494221,6357,0,0.01,27005121,24548,0,0.017888888888888888,2902,0,0,0
2023-05-16 04:50:53.730000+00:00,User3,494221,6357,0,0.011,27005121,24548,0,0.01697777777777778,2902,0,0,0
2023-05-16 04:50:53.736000+00:00,User3,494221,6357,0,0.01,27005121,24548,0,0.017822222222222222,2903,0,0,0
2023-05-16 04:50:53.737000+00:00,User3,494221,6357,0,0.009,27005121,24548,0,0.017866666666666666,2902,0,0,0
2023-05-16 04:50:53.740000+00:00,User3,494298,6358,0,0.01,27005121,24548,0,0.0174,2903,0,0,0
2023-05-16 04:50:53.742000+00:00,User3,494298,6358,0,0.009,27005121,24548,0,0.017277777777777777,2903,0,0,0
2023-05-16 04:50:53.757000+00:00,User3,494372,6359,0,0.01,27008227,24551,0,0.016844444444444443,2903,0,0,0
2023-05-16 04:50:53.758000+00:00,User3,494372,6359,0,0.009,27011335,24554,0,0.01707777777777778,2903,0,0,0
2023-05-16 04:50:53.844000+00:00,User3,494652,6363,0,0.008,27035855,24576,0,0.016655555555555555,2905,0,0,0
2023-05-16 04:50:53.920000+00:00,User2,513397,6634,0,0.008,28499980,25924,0,0.016566666666666667,3126,0,0,0
2023-05-16 04:50:53.944000+00:00,User2,513463,6635,0,0.008,28504414,25928,0,0.016944444444444446,3127,0,0,0
2023-05-16 04:50:53.944000+00:00,User2,513463,6635,0,0.008,28504414,25928,0,0.016666666666666666,3127,0,0,0
2023-05-16 04:50:53.956000+00:00,User2,513463,6635,0,0.008,28508682,25932,0,0.01698888888888889,3127,0,0,0
2023-05-16 04:50:53.964000+00:00,User2,513463,6635,0,0.008,28508682,25932,0,0.0177,3127,0,0,0
2023-05-16 04:50:53.961000+00:00,User2,513463,6635,0,0.008,28508682,25932,0,0.01718888888888889,3127,0,0,0
2023-05-16 04:50:53.967000+00:00,User2,513463,6635,0,0.008,28508682,25932,0,0.01732222222222222,3128,0,0,0
2023-05-16 04:50:53.968000+00:00,User3,495147,6369,0,0.009,27066166,24605,0,0.01658888888888889,2909,0,0,0
2023-05-16 04:50:53.968000+00:00,User2,513463,6635,0,0.008,28509844,25933,0,0.01671111111111111,3128,0,0,0
2023-05-16 04:50:54.003000+00:00,User2,513700,6638,0,0.008,28517979,25940,0,0.016877777777777776,3129,0,0,0
2023-05-16 04:50:54.011000+00:00,User1,503282,6458,0,0.008,22624421,20693,0,0.0229,2607,0,0,0
2023-05-16 04:50:54.032000+00:00,User2,513791,6639,0,0.008,28523900,25946,0,0.015677777777777777,3129,0,0,0
2023-05-16 04:50:54.055000+00:00,User2,513858,6640,0,0.008,28531134,25953,0,0.0162,3130,0,0,0
2023-05-16 04:50:54.103000+00:00,User2,514098,6643,0,0.009,28539715,25961,0,0.01578888888888889,3132,0,0,0
2023-05-16 04:50:56.520000+00:00,User1,512947,6583,0,0.014,23229362,21229,0,0.03376666666666667,2644,0,0,0
2023-05-16 04:50:56.527000+00:00,User1,513107,6585,0,0.013,23233818,21233,0,0.033544444444444446,2644,0,0,0
2023-05-16 04:50:56.547000+00:00,User1,513107,6585,0,0.014,23238277,21237,0,0.034444444444444444,2644,0,0,0
2023-05-16 04:50:56.551000+00:00,User1,513194,6586,0,0.013,23238277,21237,0,0.03382222222222222,2645,0,0,0
2023-05-16 04:50:56.573000+00:00,User1,513194,6586,0,0.013,23238277,21237,0,0.03426666666666667,2644,0,0,0
2023-05-16 04:50:56.579000+00:00,User1,513280,6587,0,0.013,23239353,21238,0,0.03421111111111111,2645,0,0,0
2023-05-16 04:50:56.583000+00:00,User1,513280,6587,0,0.013,23238277,21237,0,0.03388888888888889,2644,0,0,0
2023-05-16 04:50:56.592000+00:00,User1,513280,6587,0,0.013,23245813,21244,0,0.033777777777777775,2645,0,0,0
2023-05-16 04:50:56.600000+00:00,User1,513280,6587,0,0.013,23244726,21243,2,0.03412222222222222,2594,10,0,1
2023-05-16 04:50:56.606000+00:00,User1,513280,6587,0,0.012,23247967,21246,0,0.0334,2645,0,0,0
2023-05-16 04:50:56.607000+00:00,User1,513366,6588,0,0.012,23247967,21246,0,0.033633333333333335,2645,0,0,0
2023-05-16 04:50:56.721000+00:00,User3,505692,6506,0,0.009,27759273,25241,0,0.016344444444444446,2992,0,0,0
2023-05-16 04:50:56.731000+00:00,User3,505776,6507,0,0.009,27760317,25242,0,0.016233333333333332,2992,0,0,0
2023-05-16 04:50:56.731000+00:00,User3,505776,6507,0,0.009,27760317,25242,0,0.017066666666666667,2992,0,0,0
2023-05-16 04:50:56.732000+00:00,User3,505776,6507,0,0.011,27760317,25242,0,0.016055555555555556,2992,0,0,0
2023-05-16 04:50:56.736000+00:00,User3,505776,6507,0,0.009,27764493,25246,0,0.01648888888888889,2993,0,0,0
2023-05-16 04:50:56.738000+00:00,User3,505776,6507,0,0.009,27764493,25246,0,0.015944444444444445,2992,0,0,0
2023-05-16 04:50:56.738000+00:00,User3,505776,6507,0,0.01,27764493,25246,0,0.017011111111111112,2992,0,0,0
2023-05-16 04:50:56.743000+00:00,User3,505954,6509,0,0.009,27764493,25246,0,0.01672222222222222,2993,0,0,0
2023-05-16 04:50:56.757000+00:00,User3,505954,6509,0,0.009,27767821,25249,0,0.01672222222222222,2993,0,0,0
2023-05-16 04:50:56.760000+00:00,User3,505954,6509,0,0.01,27773371,25254,0,0.016433333333333335,2994,0,0,0
2023-05-16 04:50:56.844000+00:00,User3,506331,6514,0,0.01,27788993,25269,0,0.016455555555555557,2996,0,0,0
2023-05-16 04:50:56.923000+00:00,User2,525367,6784,0,0.008,28918658,26335,0,0.010388888888888888,3215,0,0,0
2023-05-16 04:50:56.944000+00:00,User2,525367,6784,0,0.009,28923922,26340,0,0.010333333333333333,3216,0,0,0
2023-05-16 04:50:56.954000+00:00,User2,525367,6784,0,0.008,28923922,26340,0,0.010577777777777778,3216,0,0,0
2023-05-16 04:50:56.957000+00:00,User2,525367,6784,0,0.009,28923922,26340,0,0.010822222222222223,3216,0,0,0
2023-05-16 04:50:56.968000+00:00,User2,525438,6785,0,0.009,28923922,26340,0,0.011711111111111111,3216,0,0,0
2023-05-16 04:50:56.962000+00:00,User2,525438,6785,0,0.01,28923922,26340,0,0.010144444444444444,3216,0,0,0
2023-05-16 04:50:56.967000+00:00,User2,525438,6785,0,0.009,28923922,26340,0,0.010455555555555555,3217,0,0,0
2023-05-16 04:50:56.969000+00:00,User2,525438,6785,0,0.009,28923922,26340,0,0.010766666666666667,3217,0,0,0
2023-05-16 04:50:56.968000+00:00,User3,506751,6519,0,0.01,27818663,25296,0,0.01621111111111111,3000,0,0,0
2023-05-16 04:50:57.005000+00:00,User2,525604,6787,0,0.01,28934499,26350,0,0.010844444444444445,3218,0,0,0
2023-05-16 04:50:57.009000+00:00,User1,514812,6608,0,0.013,23314429,21305,0,0.03172222222222222,2651,0,0,0
2023-05-16 04:50:57.033000+00:00,User2,525762,6789,0,0.009,28940503,26356,0,0.0115,3218,0,0,0
2023-05-16 04:50:57.052000+00:00,User2,525762,6789,0,0.009,28944638,26360,0,0.010977777777777777,3219,0,0,0
2023-05-16 04:50:57.104000+00:00,User2,526085,6793,0,0.01,28958818,26373,0,0.011711111111111111,3221,0,0,0
2023-05-16 04:50:59.524000+00:00,User1,524332,6733,0,0.013,23799965,21744,0,0.022,2699,0,0,0
2023-05-16 04:50:59.532000+00:00,User1,524397,6734,0,0.013,23803211,21747,0,0.02188888888888889,2699,0,0,0
2023-05-16 04:50:59.546000+00:00,User1,524397,6734,0,0.013,23812809,21756,0,0.022355555555555556,2699,0,0,0
2023-05-16 04:50:59.555000+00:00,User1,524397,6734,0,0.013,23812809,21756,0,0.0219,2700,0,0,0
2023-05-16 04:50:59.569000+00:00,User1,524470,6735,0,0.014,23817985,21761,0,0.021955555555555555,2700,0,0,0
2023-05-16 04:50:59.582000+00:00,User1,524598,6737,0,0.013,23817985,21761,0,0.02261111111111111,2701,0,0,0
2023-05-16 04:50:59.581000+00:00,User1,524598,6737,0,0.013,23817985,21761,0,0.02278888888888889,2700,0,0,0
2023-05-16 04:50:59.592000+00:00,User1,524598,6737,0,0.013,23819132,21762,0,0.020666666666666667,2701,0,0,0
2023-05-16 04:50:59.602000+00:00,User1,524598,6737,0,0.013,23819262,21762,2,0.021644444444444445,2651,10,0,1
2023-05-16 04:50:59.607000+00:00,User1,524598,6737,0,0.014,23821426,21764,0,0.021266666666666666,2701,0,0,0
2023-05-16 04:50:59.607000+00:00,User1,524598,6737,0,0.013,23824867,21767,0,0.02142222222222222,2701,0,0,0
2023-05-16 04:50:59.718000+00:00,User3,517285,6657,0,0.008,28510993,25929,0,0.01792222222222222,3083,0,0,0
2023-05-16 04:50:59.730000+00:00,User3,517285,6657,0,0.008,28513041,25931,0,0.0168,3083,0,0,0
2023-05-16 04:50:59.732000+00:00,User3,517285,6657,0,0.008,28513041,25931,0,0.01711111111111111,3083,0,0,0
2023-05-16 04:50:59.738000+00:00,User3,517285,6657,0,0.008,28513041,25931,0,0.01768888888888889,3083,0,0,0
2023-05-16 04:50:59.740000+00:00,User3,517285,6657,0,0.008,28513041,25931,0,0.017477777777777776,3083,0,0,0
2023-05-16 04:50:59.738000+00:00,User3,517353,6658,0,0.008,28513041,25931,0,0.017866666666666666,3083,0,0,0
2023-05-16 04:50:59.746000+00:00,User3,517353,6658,0,0.007,28513041,25931,0,0.017222222222222222,3083,0,0,0
2023-05-16 04:50:59.733000+00:00,User3,517285,6657,0,0.008,28513041,25931,0,0.017255555555555555,3082,0,0,0
2023-05-16 04:50:59.757000+00:00,User3,517417,6659,0,0.008,28516346,25934,0,0.0168,3084,0,0,0
2023-05-16 04:50:59.759000+00:00,User3,517417,6659,0,0.008,28520754,25938,0,0.0166,3084,0,0,0
2023-05-16 04:50:59.845000+00:00,User3,517756,6664,0,0.008,28543650,25959,0,0.018333333333333333,3086,0,0,0
2023-05-16 04:50:59.925000+00:00,User2,536826,6933,0,0.009,29685914,27036,0,0.018222222222222223,3306,0,0,0
2023-05-16 04:50:59.944000+00:00,User2,536971,6935,0,0.009,29686993,27037,0,0.017533333333333335,3307,0,0,0
2023-05-16 04:50:59.947000+00:00,User2,536971,6935,0,0.009,29686993,27037,0,0.017388888888888888,3307,0,0,0
2023-05-16 04:50:59.956000+00:00,User2,536971,6935,0,0.009,29690230,27040,0,0.017766666666666667,3307,0,0,0
2023-05-16 04:50:59.963000+00:00,User2,536971,6935,0,0.01,29690230,27040,0,0.017544444444444446,3307,0,0,0
2023-05-16 04:50:59.968000+00:00,User2,536971,6935,0,0.009,29690230,27040,0,0.01748888888888889,3307,0,0,0
2023-05-16 04:50:59.968000+00:00,User3,518091,6669,0,0.009,28572854,25986,0,0.016922222222222224,3090,0,0,0
2023-05-16 04:50:59.969000+00:00,User2,536971,6935,0,0.009,29694549,27044,0,0.017444444444444443,3307,0,0,0
2023-05-16 04:50:59.970000+00:00,User2,536971,6935,0,0.01,29694549,27044,0,0.01852222222222222,3307,0,0,0
2023-05-16 04:51:00.007000+00:00,User2,537124,6937,0,0.01,29703537,27052,0,0.01792222222222222,3308,0,0,0
2023-05-16 04:51:00.021000+00:00,User1,526109,6759,0,0.012,23922506,21857,0,0.020355555555555557,2714,0,0,0
2023-05-16 04:51:00.036000+00:00,User2,537193,6938,0,0.012,29710415,27058,0,0.0179,3309,0,0,0
2023-05-16 04:51:00.053000+00:00,User2,537326,6940,0,0.011,29711521,27059,0,0.016888888888888887,3309,0,0,0
2023-05-16 04:51:00.103000+00:00,User2,537478,6942,0,0.011,29729316,27075,0,0.018377777777777778,3311,0,0,0
2023-05-16 04:51:02.524000+00:00,User1,534898,6872,0,0.023,24403307,22292,0,0.046177777777777776,2770,0,0,0
2023-05-16 04:51:02.548000+00:00,User1,534970,6873,0,0.02,24411071,22299,0,0.043644444444444444,2775,0,0,0
2023-05-16 04:51:02.555000+00:00,User1,535052,6874,0,0.019,24411071,22299,0,0.04402222222222222,2775,0,0,0
2023-05-16 04:51:02.570000+00:00,User1,535129,6875,0,0.019,24411071,22299,0,0.04457777777777778,2775,0,0,0
2023-05-16 04:51:02.579000+00:00,User1,535129,6875,0,0.018,24411071,22299,0,0.044144444444444444,2775,0,0,0
2023-05-16 04:51:02.583000+00:00,User1,535129,6875,0,0.019,24413295,22301,0,0.05277777777777778,2775,0,0,0
2023-05-16 04:51:02.592000+00:00,User1,535205,6876,0,0.017,24414407,22302,0,0.05223333333333333,2775,0,0,0
2023-05-16 04:51:02.601000+00:00,User1,535205,6876,0,0.017,24412243,22300,2,0.052588888888888886,2723,10,0,1
2023-05-16 04:51:02.607000+00:00,User1,535205,6876,0,0.017,24421079,22308,0,0.053033333333333335,2775,0,0,0
2023-05-16 04:51:02.612000+00:00,User1,535205,6876,0,0.019,24414407,22302,0,0.05536666666666667,2774,0,0,0
2023-05-16 04:51:02.546000+00:00,User1,534898,6872,0,0.022,24403307,22292,0,0.047855555555555554,2773,0,0,0
2023-05-16 04:51:02.733000+00:00,User3,528419,6804,0,0.01,29148665,26513,0,0.026466666666666666,3158,0,0,0
2023-05-16 04:51:02.730000+00:00,User3,528419,6804,0,0.01,29148665,26513,0,0.02737777777777778,3159,0,0,0
2023-05-16 04:51:02.737000+00:00,User3,528492,6805,0,0.012,29148665,26513,0,0.02661111111111111,3159,0,0,0
2023-05-16 04:51:02.738000+00:00,User3,528573,6806,0,0.012,29148665,26513,0,0.027455555555555556,3159,0,0,0
2023-05-16 04:51:02.743000+00:00,User3,528419,6804,0,0.015,29148665,26513,0,0.027522222222222222,3146,0,0,0
2023-05-16 04:51:02.746000+00:00,User3,528573,6806,0,0.012,29148665,26513,0,0.027455555555555556,3159,0,0,0
2023-05-16 04:51:02.759000+00:00,User3,528573,6806,0,0.012,29148665,26513,0,0.027477777777777778,3160,0,0,0
2023-05-16 04:51:02.762000+00:00,User3,528573,6806,0,0.012,29148665,26513,0,0.027955555555555556,3159,0,0,0
2023-05-16 04:51:02.761000+00:00,User3,528573,6806,0,0.015,29148665,26513,0,0.0312,3140,0,0,0
2023-05-16 04:51:02.757000+00:00,User3,528573,6806,0,0.015,29148665,26513,0,0.0302,3147,0,0,0
2023-05-16 04:51:02.844000+00:00,User3,528653,6807,0,0.012,29157250,26521,0,0.027833333333333335,3161,0,0,0
2023-05-16 04:51:02.922000+00:00,User2,548343,7083,0,0.009,30427679,27711,0,0.018,3396,0,0,0
2023-05-16 04:51:02.944000+00:00,User2,548497,7085,0,0.009,30433767,27717,0,0.017733333333333334,3397,0,0,0
2023-05-16 04:51:02.950000+00:00,User2,548497,7085,0,0.012,30433767,27717,0,0.020233333333333332,3383,0,0,0
2023-05-16 04:51:02.962000+00:00,User2,548497,7085,0,0.009,30434782,27718,0,0.018044444444444443,3397,0,0,0
2023-05-16 04:51:02.968000+00:00,User2,548497,7085,0,0.012,30434782,27718,0,0.02107777777777778,3390,0,0,0
2023-05-16 04:51:02.960000+00:00,User2,548497,7085,0,0.011,30433767,27717,0,0.021022222222222223,3372,0,0,0
2023-05-16 04:51:02.967000+00:00,User2,548573,7086,0,0.009,30434782,27718,0,0.01838888888888889,3397,0,0,0
2023-05-16 04:51:02.971000+00:00,User2,548573,7086,0,0.009,30434782,27718,0,0.018444444444444444,3397,0,0,0
2023-05-16 04:51:03.007000+00:00,User2,548639,7087,0,0.008,30446606,27729,0,0.019133333333333332,3398,0,0,0
2023-05-16 04:51:03.036000+00:00,User2,548787,7089,0,0.009,30453445,27735,0,0.01901111111111111,3399,0,0,0
2023-05-16 04:51:03.035000+00:00,User1,535583,6881,0,0.022,24422192,22309,0,0.05327777777777778,2776,0,0,0
2023-05-16 04:51:03.103000+00:00,User2,549020,7092,0,0.01,30471058,27751,0,0.018722222222222223,3401,0,0,0
2023-05-16 04:51:03.095000+00:00,User3,529156,6814,0,0.021,29173965,26536,0,0.03345555555555556,3149,0,0,0
2023-05-16 04:51:03.099000+00:00,User2,548639,7087,0,0.018,30444398,27727,0,0.02871111111111111,3386,0,0,0
2023-05-16 04:51:05.524000+00:00,User1,547359,7032,0,0.011,25039644,22872,0,0.029055555555555557,2838,0,0,0
2023-05-16 04:51:05.531000+00:00,User1,547446,7033,0,0.011,25043102,22875,0,0.028866666666666665,2839,0,0,0
2023-05-16 04:51:05.548000+00:00,User1,547446,7033,0,0.011,25050027,22881,0,0.028933333333333332,2840,0,0,0
2023-05-16 04:51:05.554000+00:00,User1,547446,7033,0,0.01,25051187,22882,0,0.029244444444444444,2840,0,0,0
2023-05-16 04:51:05.573000+00:00,User1,547523,7034,0,0.011,25052347,22883,0,0.02931111111111111,2839,0,0,0
2023-05-16 04:51:05.581000+00:00,User1,547675,7036,0,0.01,25058147,22888,0,0.029266666666666667,2841,0,0,0
2023-05-16 04:51:05.583000+00:00,User1,547523,7034,0,0.011,25055827,22886,0,0.029066666666666668,2840,0,0,0
2023-05-16 04:51:05.592000+00:00,User1,547675,7036,0,0.01,25061438,22891,0,0.028533333333333334,2841,0,0,0
2023-05-16 04:51:05.602000+00:00,User1,547675,7036,0,0.01,25062566,22892,2,0.0282,2789,10,0,1
2023-05-16 04:51:05.606000+00:00,User1,547740,7037,0,0.01,25065828,22895,0,0.028744444444444444,2842,0,0,0
2023-05-16 04:51:05.610000+00:00,User1,547740,7037,0,0.01,25065828,22895,0,0.02832222222222222,2841,0,0,0
2023-05-16 04:51:05.726000+00:00,User3,540231,6956,0,0.008,29984898,27268,0,0.019355555555555556,3240,0,0,0
2023-05-16 04:51:05.736000+00:00,User3,540231,6956,0,0.008,29984898,27268,0,0.019188888888888887,3239,0,0,0
2023-05-16 04:51:05.734000+00:00,User3,540231,6956,0,0.009,29988318,27271,0,0.0196,3240,0,0,0
2023-05-16 04:52:11.581000+00:00,User1,805162,10334,0,0.009,40083247,36728,0,0.01561111111111111,4757,0,0,0
2023-05-16 04:52:11.767000+00:00,User3,796075,10252,0,0.012,45215168,41266,0,0.017844444444444444,5183,0,0,0
2023-05-16 04:52:11.782000+00:00,User3,796140,10253,0,0.01,45215168,41266,0,0.016077777777777778,5184,0,0,0
2023-05-16 04:52:11.847000+00:00,User3,796352,10256,0,0.011,45234555,41284,0,0.016655555555555555,5186,0,0,0
2023-05-16 04:52:11.936000+00:00,User2,815655,10534,0,0.009,46575856,42586,0,0.018488888888888888,5462,0,0,0
2023-05-16 04:52:11.952000+00:00,User2,815727,10535,0,0.01,46580088,42590,0,0.01742222222222222,5463,0,0,0
2023-05-16 04:52:11.955000+00:00,User2,815727,10535,0,0.009,46580088,42590,0,0.017466666666666665,5463,0,0,0
2023-05-16 04:52:11.965000+00:00,User2,815727,10535,0,0.009,46582204,42592,0,0.016933333333333335,5463,0,0,0
2023-05-16 04:52:11.975000+00:00,User2,815813,10536,0,0.009,46585420,42595,0,0.018444444444444444,5463,0,0,0
2023-05-16 04:52:11.970000+00:00,User2,815727,10535,0,0.009,46583262,42593,0,0.017433333333333332,5463,0,0,0
2023-05-16 04:52:11.977000+00:00,User2,815813,10536,0,0.009,46587618,42597,0,0.01792222222222222,5464,0,0,0
2023-05-16 04:52:11.993000+00:00,User2,815813,10536,0,0.009,46593115,42602,0,0.017833333333333333,5464,0,0,0
2023-05-16 04:52:11.998000+00:00,User3,796876,10263,0,0.014,45273550,41320,0,0.015833333333333335,5190,0,0,0
2023-05-16 04:52:12.022000+00:00,User2,815906,10537,0,0.009,46601037,42609,0,0.017655555555555556,5465,0,0,0
2023-05-16 04:52:12.025000+00:00,User1,806901,10356,0,0.011,40185010,36823,0,0.01632222222222222,4771,0,0,0
2023-05-16 04:52:12.058000+00:00,User2,816082,10539,0,0.008,46607517,42615,0,0.017055555555555556,5465,0,0,0
2023-05-16 04:52:12.107000+00:00,User2,816386,10543,0,0.01,46618312,42625,0,0.017455555555555554,5467,0,0,0
2023-05-16 04:52:12.116000+00:00,User2,816386,10543,0,0.009,46621672,42628,0,0.016411111111111112,5468,0,0,0
2023-05-16 04:52:14.529000+00:00,User1,816622,10482,0,0.011,40734281,37332,0,0.013766666666666667,4846,0,0,0
2023-05-16 04:52:14.539000+00:00,User1,816622,10482,0,0.012,40736185,37334,0,0.01531111111111111,4846,0,0,0
2023-05-16 04:52:14.551000+00:00,User1,816622,10482,0,0.01,40738137,37336,0,0.014544444444444445,4847,0,0,0
2023-05-16 04:52:14.584000+00:00,User1,816758,10484,0,0.011,40740920,37339,0,0.014966666666666666,4848,0,0,0
2023-05-16 04:52:14.578000+00:00,User1,816758,10484,0,0.01,40740920,37339,0,0.014433333333333333,4848,0,0,0
2023-05-16 04:52:14.587000+00:00,User1,816758,10484,0,0.011,40740920,37339,0,0.014166666666666666,4848,0,0,0
2023-05-16 04:52:14.592000+00:00,User1,816758,10484,0,0.011,40740920,37339,0,0.014133333333333333,4848,0,0,0
2023-05-16 04:52:14.606000+00:00,User1,816828,10485,0,0.011,40738756,37337,2,0.014044444444444444,4796,10,0,1
2023-05-16 04:52:14.607000+00:00,User1,816828,10485,0,0.011,40740920,37339,0,0.01368888888888889,4848,0,0,0
2023-05-16 04:52:14.620000+00:00,User1,816828,10485,0,0.011,40740920,37339,0,0.013966666666666667,4848,0,0,0
2023-05-16 04:52:14.614000+00:00,User1,816828,10485,0,0.011,40740920,37339,0,0.014433333333333333,4848,0,0,0
2023-05-16 04:52:14.734000+00:00,User3,807705,10400,0,0.01,45924184,41919,0,0.012233333333333334,5272,0,0,0
2023-05-16 04:52:29.748000+00:00,User3,866325,11151,0,0.009,49432365,45147,0,0.01621111111111111,5722,0,0,0
2023-05-16 04:52:29.767000+00:00,User3,866413,11152,0,0.01,49437840,45152,0,0.016255555555555554,5722,0,0,0
2023-05-16 04:52:29.760000+00:00,User3,866325,11151,0,0.009,49437840,45152,0,0.015933333333333334,5722,0,0,0
2023-05-16 04:52:29.775000+00:00,User3,866413,11152,0,0.01,49441125,45155,0,0.016466666666666668,5723,0,0,0
2023-05-16 04:52:29.849000+00:00,User3,866734,11156,0,0.009,49457942,45170,0,0.017522222222222224,5725,0,0,0
2023-05-16 04:52:29.938000+00:00,User2,885407,11434,0,0.01,50807797,46483,0,0.017511111111111113,6002,0,0,0
2023-05-16 04:52:29.958000+00:00,User2,885407,11434,0,0.009,50811029,46486,0,0.017222222222222222,6002,0,0,0
2023-05-16 04:52:29.964000+00:00,User2,885473,11435,0,0.01,50812153,46487,0,0.0176,6002,0,0,0
2023-05-16 04:52:29.969000+00:00,User2,885407,11434,0,0.01,50811029,46486,0,0.017,6002,0,0,0
2023-05-16 04:52:29.972000+00:00,User2,885541,11436,0,0.012,50812153,46487,0,0.017455555555555554,6002,0,0,0
2023-05-16 04:52:29.980000+00:00,User2,885541,11436,0,0.011,50814401,46489,0,0.018433333333333333,6003,0,0,0
2023-05-16 04:52:29.978000+00:00,User2,885541,11436,0,0.011,50817773,46492,0,0.017477777777777776,6003,0,0,0
2023-05-16 04:52:29.995000+00:00,User2,885541,11436,0,0.011,50817773,46492,0,0.0174,6003,0,0,0
2023-05-16 04:52:30.001000+00:00,User3,867365,11164,0,0.01,49499750,45209,0,0.0158,5729,0,0,0
2023-05-16 04:52:30.031000+00:00,User2,885608,11437,0,0.011,50818808,46493,0,0.016944444444444446,6004,0,0,0
2023-05-16 04:52:30.028000+00:00,User1,877028,11256,0,0.012,44378692,40693,0,0.019333333333333334,5310,0,0,0
2023-05-16 04:52:30.062000+00:00,User2,885809,11440,0,0.012,50832285,46506,0,0.01792222222222222,6005,0,0,0
2023-05-16 04:52:30.113000+00:00,User2,885948,11442,0,0.01,50845376,46518,0,0.017177777777777778,6006,0,0,0
2023-05-16 04:52:30.115000+00:00,User2,885948,11442,0,0.011,50848500,46521,0,0.017344444444444444,6007,0,0,0
2023-05-16 04:52:32.532000+00:00,User1,886884,11381,0,0.009,44814950,41107,0,0.00998888888888889,5385,0,0,0
2023-05-16 04:52:32.541000+00:00,User1,886884,11381,0,0.009,44814950,41107,0,0.009588888888888888,5385,0,0,0
2023-05-16 04:52:32.552000+00:00,User1,887142,11384,0,0.01,44818669,41111,0,0.009022222222222221,5386,0,0,0
2023-05-16 04:52:32.583000+00:00,User1,887142,11384,0,0.01,44822429,41115,0,0.010266666666666667,5387,0,0,0
2023-05-16 04:52:32.580000+00:00,User1,887142,11384,0,0.009,44822429,41115,0,0.0097,5387,0,0,0
2023-05-16 04:52:32.587000+00:00,User1,887142,11384,0,0.01,44822429,41115,0,0.010266666666666667,5387,0,0,0
2023-05-16 04:52:32.598000+00:00,User1,887229,11385,0,0.01,44822429,41115,0,0.009733333333333333,5387,0,0,0
2023-05-16 04:52:32.607000+00:00,User1,887314,11386,0,0.009,44824381,41117,0,0.009133333333333334,5388,0,0,0
2023-05-16 04:52:32.614000+00:00,User1,887314,11386,0,0.01,44826333,41119,0,0.009722222222222222,5388,0,0,0
2023-05-16 04:52:32.613000+00:00,User1,887314,11386,0,0.01,44822217,41115,2,0.009144444444444445,5335,10,0,1
2023-05-16 04:52:32.625000+00:00,User1,887314,11386,0,0.01,44826333,41119,0,0.008844444444444445,5387,0,0,0
2023-05-16 04:52:32.735000+00:00,User3,878143,11301,0,0.009,49997678,45677,0,0.0088,5811,0,0,0
2023-05-16 04:52:32.738000+00:00,User3,878143,11301,0,0.008,49997678,45677,0,0.008722222222222221,5811,0,0,0
2023-05-16 04:52:32.748000+00:00,User3,878143,11301,0,0.009,49997678,45677,0,0.008422222222222222,5811,0,0,0
2023-05-16 04:52:32.747000+00:00,User3,878143,11301,0,0.008,50000552,45680,0,0.008133333333333333,5812,0,0,0
2023-05-16 04:52:32.749000+00:00,User3,878143,11301,0,0.008,50001510,45681,0,0.008211111111111112,5812,0,0,0
2023-05-16 04:52:32.747000+00:00,User3,878143,11301,0,0.008,50001510,45681,0,0.0084,5812,0,0,0
2023-05-16 04:52:32.765000+00:00,User3,878143,11301,0,0.009,50001510,45681,0,0.009344444444444445,5811,0,0,0
2023-05-16 04:52:32.760000+00:00,User3,878226,11302,0,0.008,50001510,45681,0,0.008444444444444444,5812,0,0,0
2023-05-16 04:52:32.769000+00:00,User3,878226,11302,0,0.008,50001510,45681,0,0.007811111111111111,5812,0,0,0
2023-05-16 04:52:32.774000+00:00,User3,878226,11302,0,0.009,50002429,45682,0,0.008044444444444444,5813,0,0,0
2023-05-16 04:52:32.847000+00:00,User3,878563,11306,0,0.009,50012582,45693,0,0.008144444444444444,5815,0,0,0
2023-05-16 04:52:32.938000+00:00,User2,896847,11584,0,0.011,51554122,47168,0,0.016533333333333334,6092,0,0,0
2023-05-16 04:52:32.959000+00:00,User2,896927,11585,0,0.011,51561317,47175,0,0.016455555555555557,6092,0,0,0
2023-05-16 04:52:32.965000+00:00,User2,896927,11585,0,0.01,51562354,47176,0,0.016522222222222223,6092,0,0,0
2023-05-16 04:52:32.963000+00:00,User2,896927,11585,0,0.01,51562354,47176,0,0.016766666666666666,6092,0,0,0
2023-05-16 04:52:32.972000+00:00,User2,896927,11585,0,0.01,51566502,47180,0,0.016566666666666667,6093,0,0,0
2023-05-16 04:52:32.978000+00:00,User2,897012,11586,0,0.01,51568576,47182,0,0.016666666666666666,6093,0,0,0
2023-05-16 04:52:32.984000+00:00,User2,896927,11585,0,0.012,51567539,47181,0,0.016866666666666665,6093,0,0,0
2023-05-16 04:52:32.994000+00:00,User2,897012,11586,0,0.01,51569613,47183,0,0.01658888888888889,6093,0,0,0
2023-05-16 04:52:33.003000+00:00,User3,879238,11314,0,0.01,50027956,45709,0,0.008777777777777778,5819,0,0,0
2023-05-16 04:52:33.022000+00:00,User2,897180,11588,0,0.01,51573742,47187,0,0.016755555555555555,6094,0,0,0
2023-05-16 04:52:33.026000+00:00,User1,889024,11406,0,0.01,44873734,41167,0,0.010088888888888889,5400,0,0,0
2023-05-16 04:52:33.064000+00:00,User2,897344,11590,0,0.01,51584496,47197,0,0.016155555555555555,6095,0,0,0
2023-05-16 04:52:33.110000+00:00,User2,897561,11593,0,0.009,51597531,47209,0,0.015433333333333334,6097,0,0,0
2023-05-16 04:52:33.115000+00:00,User2,897561,11593,0,0.01,51601883,47213,0,0.0161,6097,0,0,0
2023-05-16 04:52:35.530000+00:00,User1,898678,11531,0,0.012,45476533,41717,0,0.020622222222222222,5474,0,0,0
2023-05-16 04:52:35.543000+00:00,User1,898678,11531,0,0.012,45479932,41720,0,0.020166666666666666,5475,0,0,0
2023-05-16 04:52:35.552000+00:00,User1,898830,11533,0,0.013,45482803,41723,0,0.020455555555555557,5475,0,0,0
2023-05-16 04:52:35.583000+00:00,User1,898914,11534,0,0.012,45484719,41725,0,0.020644444444444444,5476,0,0,0
2023-05-16 04:52:35.580000+00:00,User1,898914,11534,0,0.012,45484719,41725,0,0.02132222222222222,5476,0,0,0
2023-05-16 04:52:35.588000+00:00,User1,898914,11534,0,0.012,45484719,41725,0,0.021022222222222223,5476,0,0,0
2023-05-16 04:52:35.598000+00:00,User1,898914,11534,0,0.012,45484719,41725,0,0.021044444444444445,5476,0,0,0
2023-05-16 04:52:35.607000+00:00,User1,898997,11535,0,0.011,45493046,41733,0,0.020033333333333334,5477,0,0,0
2023-05-16 04:52:35.610000+00:00,User1,898997,11535,0,0.011,45490882,41731,2,0.0204,5425,10,0,1
2023-05-16 04:52:59.957000+00:00,User2,1002325,12936,0,0.009,57769703,52913,0,0.016566666666666667,6900,0,0,0
2023-05-16 04:52:59.964000+00:00,User2,1002325,12936,0,0.009,57769703,52913,0,0.01668888888888889,6901,0,0,0
2023-05-16 04:52:59.968000+00:00,User2,1002325,12936,0,0.009,57769703,52913,0,0.016344444444444446,6901,0,0,0
2023-05-16 04:52:59.974000+00:00,User2,1002325,12936,0,0.009,57770824,52914,0,0.01601111111111111,6901,0,0,0
2023-05-16 04:52:59.980000+00:00,User2,1002325,12936,0,0.009,57774188,52917,0,0.015977777777777778,6901,0,0,0
2023-05-16 04:53:00.004000+00:00,User2,1002421,12937,0,0.01,57778676,52921,0,0.01671111111111111,6902,0,0,0
2023-05-16 04:53:00.008000+00:00,User3,984365,12664,0,0.009,56441234,51601,0,0.016233333333333332,6625,0,0,0
2023-05-16 04:53:00.008000+00:00,User2,1002421,12937,0,0.009,57778676,52921,0,0.01578888888888889,6902,0,0,0
2023-05-16 04:53:00.028000+00:00,User2,1002498,12938,0,0.008,57787487,52929,0,0.01658888888888889,6902,0,0,0
2023-05-16 04:53:00.034000+00:00,User1,994460,12756,0,0.01,51320924,47084,0,0.018055555555555554,6208,0,0,0
2023-05-16 04:53:00.079000+00:00,User2,1002651,12940,0,0.009,57795579,52936,0,0.016122222222222222,6902,0,0,0
2023-05-16 04:53:00.118000+00:00,User2,1002854,12943,0,0.009,57807098,52946,0,0.015822222222222224,6905,0,0,0
2023-05-16 04:53:00.118000+00:00,User2,1002854,12943,0,0.008,57805948,52945,0,0.016066666666666667,6905,0,0,0
2023-05-16 04:53:02.534000+00:00,User1,1004184,12881,0,0.013,51952002,47664,0,0.0191,6283,0,0,0
2023-05-16 04:53:02.546000+00:00,User1,1004270,12882,0,0.013,51952002,47664,0,0.01877777777777778,6284,0,0,0
2023-05-16 04:53:02.555000+00:00,User1,1004435,12884,0,0.013,51959409,47671,0,0.01841111111111111,6284,0,0,0
2023-05-16 04:53:02.585000+00:00,User1,1004435,12884,0,0.012,51962742,47674,0,0.019422222222222223,6285,0,0,0
2023-05-16 04:53:02.585000+00:00,User1,1004515,12885,0,0.012,51967186,47678,0,0.018644444444444446,6285,0,0,0
2023-05-16 04:53:02.594000+00:00,User1,1004515,12885,0,0.013,51967186,47678,0,0.018044444444444443,6286,0,0,0
2023-05-16 04:53:02.612000+00:00,User1,1004583,12886,0,0.012,51965022,47676,2,0.018322222222222222,6234,10,0,1
2023-05-16 04:53:02.615000+00:00,User1,1004583,12886,0,0.012,51967186,47678,0,0.01807777777777778,6286,0,0,0
2023-05-16 04:53:02.621000+00:00,User1,1004270,12882,0,0.015,51958350,47670,0,0.021655555555555556,6280,0,0,0
2023-05-16 04:53:02.616000+00:00,User1,1004515,12885,0,0.017,51967186,47678,0,0.019433333333333334,6267,0,0,0
2023-05-16 04:53:02.653000+00:00,User1,1004583,12886,0,0.013,51968244,47679,0,0.018055555555555554,6286,0,0,0
2023-05-16 04:53:02.737000+00:00,User3,994979,12801,0,0.016,57078651,52186,0,0.030355555555555556,6701,0,0,0
2023-05-16 04:53:02.742000+00:00,User3,994979,12801,0,0.016,57078651,52186,0,0.031133333333333332,6700,0,0,0
2023-05-16 04:53:02.751000+00:00,User3,994979,12801,0,0.016,57079645,52187,0,0.03061111111111111,6701,0,0,0
2023-05-16 04:53:02.765000+00:00,User3,994979,12801,0,0.015,57078651,52186,0,0.030744444444444446,6701,0,0,0
2023-05-16 04:53:02.763000+00:00,User3,995110,12803,0,0.016,57083008,52190,0,0.029477777777777776,6701,0,0,0
2023-05-16 04:53:02.772000+00:00,User3,995110,12803,0,0.015,57083008,52190,0,0.02991111111111111,6701,0,0,0
2023-05-16 04:53:02.769000+00:00,User3,994979,12801,0,0.018,57079645,52187,0,0.03255555555555555,6690,0,0,0
2023-05-16 04:53:02.779000+00:00,User3,995110,12803,0,0.015,57089748,52196,0,0.030377777777777778,6702,0,0,0
2023-05-16 04:53:02.778000+00:00,User3,995110,12803,0,0.016,57085250,52192,0,0.0296,6700,0,0,0
2023-05-16 04:53:02.766000+00:00,User3,994979,12801,0,0.017,57079645,52187,0,0.03456666666666667,6697,0,0,0
2023-05-16 04:53:02.855000+00:00,User3,995323,12806,0,0.016,57104728,52209,0,0.028855555555555554,6704,0,0,0
2023-05-16 04:53:02.942000+00:00,User2,1013760,13085,0,0.009,58505647,53583,0,0.016677777777777777,6990,0,0,0
2023-05-16 04:53:02.958000+00:00,User2,1013760,13085,0,0.009,58511272,53588,0,0.01668888888888889,6991,0,0,0
2023-05-16 04:53:02.973000+00:00,User2,1013845,13086,0,0.01,58512353,53589,0,0.0174,6991,0,0,0
2023-05-16 04:53:11.588000+00:00,User1,1039806,13331,0,0.009,53919510,49481,0,0.017277777777777777,6543,0,0,0
2023-05-16 04:53:11.609000+00:00,User1,1039883,13332,0,0.009,53926215,49487,0,0.01671111111111111,6543,0,0,0
2023-05-16 04:53:11.607000+00:00,User1,1039958,13333,0,0.008,53929613,49490,0,0.017522222222222224,6544,0,0,0
2023-05-16 04:53:11.615000+00:00,User1,1039958,13333,0,0.009,53933099,49493,0,0.01742222222222222,6544,0,0,0
2023-05-16 04:53:11.614000+00:00,User1,1039958,13333,0,0.009,53930935,49491,2,0.017244444444444444,6492,10,0,1
2023-05-16 04:53:11.642000+00:00,User1,1040048,13334,0,0.008,53936585,49496,0,0.017988888888888888,6545,0,0,0
2023-05-16 04:53:11.737000+00:00,User3,1030703,13251,0,0.01,59094898,54048,0,0.015866666666666668,6970,0,0,0
2023-05-16 04:53:11.742000+00:00,User3,1030703,13251,0,0.01,59094898,54048,0,0.01587777777777778,6970,0,0,0
2023-05-16 04:53:11.754000+00:00,User3,1030703,13251,0,0.01,59096065,54049,0,0.015522222222222222,6970,0,0,0
2023-05-16 04:53:11.749000+00:00,User3,1030703,13251,0,0.01,59096065,54049,0,0.016177777777777777,6970,0,0,0
2023-05-16 04:53:11.748000+00:00,User3,1030787,13252,0,0.009,59098401,54051,0,0.015744444444444443,6970,0,0,0
2023-05-16 04:53:11.753000+00:00,User3,1030787,13252,0,0.01,59098401,54051,0,0.016177777777777777,6970,0,0,0
2023-05-16 04:53:11.771000+00:00,User3,1030859,13253,0,0.009,59104241,54056,0,0.0163,6971,0,0,0
2023-05-16 04:53:11.766000+00:00,User3,1030859,13253,0,0.009,59104241,54056,0,0.015844444444444446,6970,0,0,0
2023-05-16 04:53:11.780000+00:00,User3,1030859,13253,0,0.01,59104241,54056,0,0.016144444444444444,6970,0,0,0
2023-05-16 04:53:11.778000+00:00,User3,1030859,13253,0,0.01,59107649,54059,0,0.016511111111111112,6971,0,0,0
2023-05-16 04:53:11.856000+00:00,User3,1031180,13257,0,0.011,59131468,54080,0,0.0163,6973,0,0,0
2023-05-16 04:53:11.942000+00:00,User2,1048401,13534,0,0.009,60554177,55464,0,0.008055555555555555,7260,0,0,0
2023-05-16 04:53:11.959000+00:00,User2,1048486,13535,0,0.009,60554177,55464,0,0.0083,7260,0,0,0
2023-05-16 04:53:11.971000+00:00,User2,1048486,13535,0,0.009,60555211,55465,0,0.008388888888888888,7261,0,0,0
2023-05-16 04:53:11.966000+00:00,User2,1048486,13535,0,0.008,60555211,55465,0,0.008155555555555555,7261,0,0,0
2023-05-16 04:53:11.974000+00:00,User2,1048570,13536,0,0.009,60558316,55468,0,0.008433333333333333,7261,0,0,0
2023-05-16 04:53:11.980000+00:00,User2,1048654,13537,0,0.009,60558316,55468,0,0.00848888888888889,7261,0,0,0
2023-05-16 04:53:12.010000+00:00,User2,1048654,13537,0,0.008,60558316,55468,0,0.008222222222222223,7262,0,0,0
2023-05-16 04:53:12.004000+00:00,User2,1048740,13538,0,0.009,60561232,55471,0,0.008377777777777777,7262,0,0,0
2023-05-16 04:53:12.009000+00:00,User3,1031852,13265,0,0.009,59168491,54114,0,0.015944444444444445,6978,0,0,0
2023-05-16 04:53:12.028000+00:00,User2,1048740,13538,0,0.009,60562204,55472,0,0.0079,7263,0,0,0
2023-05-16 04:53:12.032000+00:00,User1,1041535,13353,0,0.009,54030602,49581,0,0.01806666666666667,6557,0,0,0
2023-05-16 04:53:12.072000+00:00,User2,1048909,13540,0,0.009,60570074,55480,0,0.0079,7263,0,0,0
2023-05-16 04:53:12.119000+00:00,User2,1049164,13543,0,0.009,60574048,55484,0,0.0077555555555555555,7265,0,0,0
2023-05-16 04:53:12.123000+00:00,User2,1049164,13543,0,0.009,60574048,55484,0,0.007988888888888889,7265,0,0,0
2023-05-16 04:53:14.531000+00:00,User1,1051364,13478,0,0.01,54642596,50141,0,0.01961111111111111,6632,0,0,0
2023-05-16 04:53:14.550000+00:00,User1,1051495,13480,0,0.01,54643745,50142,0,0.019366666666666667,6632,0,0,0
2023-05-16 04:53:14.555000+00:00,User1,1051495,13480,0,0.01,54646044,50144,0,0.0186,6632,0,0,0
2023-05-16 04:53:14.587000+00:00,User1,1051563,13481,0,0.01,54657912,50155,0,0.019211111111111113,6633,0,0,0
2023-05-16 04:53:14.594000+00:00,User1,1051563,13481,0,0.009,54658951,50156,0,0.019566666666666666,6633,0,0,0
2023-05-16 04:53:14.591000+00:00,User1,1051563,13481,0,0.009,54658951,50156,0,0.019433333333333334,6633,0,0,0
2023-05-16 04:53:14.606000+00:00,User1,1051635,13482,0,0.009,54658951,50156,0,0.019533333333333333,6634,0,0,0
2023-05-16 04:53:14.609000+00:00,User1,1051635,13482,0,0.008,54660045,50157,0,0.019422222222222223,6634,0,0,0
2023-05-16 04:53:14.615000+00:00,User1,1051635,13482,0,0.009,54662233,50159,0,0.0188,6634,0,0,0
2023-05-16 04:53:14.615000+00:00,User1,1051635,13482,0,0.009,54660069,50157,2,0.019044444444444444,6582,10,0,1
2023-05-16 04:53:14.647000+00:00,User1,1051712,13483,0,0.009,54667703,50164,0,0.020277777777777777,6635,0,0,0
2023-05-16 04:53:14.738000+00:00,User3,1042286,13401,0,0.011,59841350,54723,0,0.018111111111111113,7060,0,0,0
2023-05-16 04:53:14.744000+00:00,User3,1042286,13401,0,0.009,59842460,54724,0,0.015933333333333334,7060,0,0,0
2023-05-16 04:53:14.749000+00:00,User3,1042370,13402,0,0.009,59844682,54726,0,0.016344444444444446,7060,0,0,0
2023-05-16 04:53:14.755000+00:00,User3,1042286,13401,0,0.009,59842460,54724,0,0.01671111111111111,7060,0,0,0
2023-05-16 04:53:14.752000+00:00,User3,1042370,13402,0,0.009,59848015,54729,0,0.01682222222222222,7060,0,0,0
2023-05-16 04:53:14.749000+00:00,User3,1042370,13402,0,0.008,59848015,54729,0,0.0167,7060,0,0,0
2023-05-16 04:53:14.764000+00:00,User3,1042370,13402,0,0.008,59850237,54731,0,0.01658888888888889,7061,0,0,0
2023-05-16 04:53:14.772000+00:00,User3,1042370,13402,0,0.009,59850237,54731,0,0.0168,7060,0,0,0
2023-05-16 04:53:14.780000+00:00,User3,1042370,13402,0,0.009,59851292,54732,0,0.016666666666666666,7061,0,0,0
2023-05-16 04:53:14.777000+00:00,User3,1042461,13403,0,0.009,59853402,54734,0,0.016833333333333332,7061,0,0,0
2023-05-16 04:53:14.854000+00:00,User3,1042742,13407,0,0.008,59872677,54752,0,0.01708888888888889,7063,0,0,0
2023-05-16 04:53:14.942000+00:00,User2,1060357,13684,0,0.009,61221698,56078,0,0.0163,7349,0,0,0
2023-05-16 04:53:14.958000+00:00,User2,1060441,13685,0,0.01,61225031,56081,0,0.016511111111111112,7350,0,0,0
2023-05-16 04:53:14.971000+00:00,User2,1060525,13686,0,0.009,61225031,56081,0,0.016577777777777778,7350,0,0,0
2023-05-16 04:53:14.966000+00:00,User2,1060525,13686,0,0.01,61225031,56081,0,0.0173,7350,0,0,0
2023-05-16 04:53:14.974000+00:00,User2,1060525,13686,0,0.009,61226159,56082,0,0.0177,7350,0,0,0
2023-05-16 04:53:14.980000+00:00,User2,1060525,13686,0,0.009,61228415,56084,0,0.017344444444444444,7350,0,0,0
2023-05-16 04:53:15.010000+00:00,User2,1060525,13686,0,0.01,61237441,56092,0,0.0173,7351,0,0,0
2023-05-16 04:53:15.007000+00:00,User3,1043374,13415,0,0.009,59908882,54785,0,0.017277777777777777,7068,0,0,0
2023-05-16 04:53:15.005000+00:00,User2,1060606,13687,0,0.01,61239625,56094,0,0.017611111111111112,7351,0,0,0
2023-05-16 04:53:15.031000+00:00,User2,1060780,13689,0,0.01,61242901,56097,0,0.018722222222222223,7352,0,0,0
2023-05-16 04:53:15.034000+00:00,User1,1053292,13503,0,0.009,54769023,50256,0,0.019522222222222222,6647,0,0,0
2023-05-16 04:53:15.072000+00:00,User2,1060858,13690,0,0.01,61253919,56107,0,0.01758888888888889,7353,0,0,0
2023-05-16 04:53:15.120000+00:00,User2,1061142,13694,0,0.01,61264845,56117,0,0.017777777777777778,7354,0,0,0
2023-05-16 04:53:15.124000+00:00,User2,1061142,13694,0,0.009,61264845,56117,0,0.0175,7354,0,0,0
2023-05-16 04:53:17.534000+00:00,User1,1062931,13629,0,0.009,55386601,50822,0,0.01748888888888889,6722,0,0,0
2023-05-16 04:53:17.548000+00:00,User1,1062931,13629,0,0.008,55397948,50832,0,0.01841111111111111,6722,0,0,0
2023-05-16 04:53:17.554000+00:00,User1,1063005,13630,0,0.009,55400288,50834,0,0.018733333333333334,6722,0,0,0
2023-05-16 04:53:17.587000+00:00,User1,1063081,13631,0,0.008,55402473,50836,0,0.017544444444444446,6723,0,0,0
2023-05-16 04:53:17.588000+00:00,User1,1063081,13631,0,0.008,55405520,50839,0,0.01778888888888889,6724,0,0,0
2023-05-16 04:53:17.594000+00:00,User1,1063081,13631,0,0.009,55405520,50839,0,0.01808888888888889,6723,0,0,0
2023-05-16 04:53:17.612000+00:00,User1,1063081,13631,0,0.009,55408568,50842,0,0.01807777777777778,6723,0,0,0
2023-05-16 04:53:17.608000+00:00,User1,1063157,13632,0,0.009,55408568,50842,0,0.017766666666666667,6724,0,0,0
2023-05-16 04:53:17.615000+00:00,User1,1063157,13632,0,0.009,55409649,50843,0,0.01792222222222222,6724,0,0,0
2023-05-16 04:53:17.614000+00:00,User1,1063157,13632,0,0.009,55407485,50841,2,0.017533333333333335,6672,10,0,1
2023-05-16 04:53:17.645000+00:00,User1,1063296,13634,0,0.01,55421540,50854,0,0.0184,6724,0,0,0
2023-05-16 04:53:17.737000+00:00,User3,1053595,13551,0,0.01,60594478,55415,0,0.016744444444444444,7150,0,0,0
2023-05-16 04:53:17.743000+00:00,User3,1053680,13552,0,0.01,60594478,55415,0,0.016755555555555555,7150,0,0,0
2023-05-16 04:53:17.749000+00:00,User3,1053680,13552,0,0.009,60595639,55416,0,0.01698888888888889,7150,0,0,0
2023-05-16 04:53:17.757000+00:00,User3,1053680,13552,0,0.008,60595639,55416,0,0.0171,7150,0,0,0
2023-05-16 04:53:17.752000+00:00,User3,1053680,13552,0,0.009,60599124,55419,0,0.01741111111111111,7150,0,0,0
2023-05-16 04:53:17.749000+00:00,User3,1053680,13552,0,0.009,60599124,55419,0,0.017477777777777776,7150,0,0,0
2023-05-16 04:53:17.771000+00:00,User3,1053680,13552,0,0.009,60600286,55420,0,0.017066666666666667,7151,0,0,0
2023-05-16 04:53:17.779000+00:00,User3,1053680,13552,0,0.009,60600286,55420,0,0.016188888888888888,7151,0,0,0
2023-05-16 04:53:17.771000+00:00,User3,1053680,13552,0,0.009,60600286,55420,0,0.018,7151,0,0,0
2023-05-16 04:53:17.778000+00:00,User3,1053751,13553,0,0.009,60601416,55421,0,0.017066666666666667,7151,0,0,0
2023-05-16 04:53:17.854000+00:00,User3,1054048,13557,0,0.01,60624471,55442,0,0.0169,7153,0,0,0
2023-05-16 04:53:17.941000+00:00,User2,1071963,13834,0,0.009,61974520,56763,0,0.0174,7439,0,0,0
2023-05-16 04:53:17.958000+00:00,User2,1072048,13835,0,0.01,61978648,56767,0,0.017344444444444444,7440,0,0,0
2023-05-16 04:53:17.971000+00:00,User2,1072048,13835,0,0.01,61978648,56767,0,0.017477777777777776,7440,0,0,0
2023-05-16 04:53:17.966000+00:00,User2,1072048,13835,0,0.01,61978648,56767,0,0.01758888888888889,7440,0,0,0
2023-05-16 04:53:17.974000+00:00,User2,1072048,13835,0,0.01,61979803,56768,0,0.01758888888888889,7440,0,0,0
2023-05-16 04:53:17.980000+00:00,User2,1072048,13835,0,0.01,61979803,56768,0,0.01732222222222222,7440,0,0,0
2023-05-16 04:53:18.004000+00:00,User2,1072216,13837,0,0.01,61989044,56776,0,0.016411111111111112,7441,0,0,0
2023-05-16 04:53:18.005000+00:00,User2,1072216,13837,0,0.01,61992313,56779,0,0.017633333333333334,7441,0,0,0
2023-05-16 04:53:18.008000+00:00,User3,1054610,13565,0,0.011,60659469,55473,0,0.017666666666666667,7158,0,0,0
2023-05-16 04:53:18.032000+00:00,User2,1072290,13838,0,0.01,61995583,56782,0,0.017144444444444445,7442,0,0,0
2023-05-16 04:53:18.035000+00:00,User1,1064926,13654,0,0.012,55517330,50943,0,0.018144444444444446,6737,0,0,0
2023-05-16 04:53:18.073000+00:00,User2,1072456,13840,0,0.01,62006722,56792,0,0.017766666666666667,7443,0,0,0
2023-05-16 04:53:18.120000+00:00,User2,1072666,13843,0,0.01,62020909,56805,0,0.0174,7445,0,0,0
2023-05-16 04:53:18.124000+00:00,User2,1072666,13843,0,0.01,62023231,56807,0,0.016933333333333335,7445,0,0,0
2023-05-16 04:53:20.540000+00:00,User1,1074609,13778,0,0.009,56149197,51520,0,0.0184,6812,0,0,0
2023-05-16 04:53:20.548000+00:00,User1,1074761,13780,0,0.01,56151333,51522,0,0.018055555555555554,6812,0,0,0
2023-05-16 04:53:20.554000+00:00,User1,1074761,13780,0,0.01,56154539,51525,0,0.018033333333333332,6813,0,0,0
2023-05-16 04:53:20.587000+00:00,User1,1074836,13781,0,0.01,56158848,51529,0,0.018244444444444445,6813,0,0,0
2023-05-16 04:53:20.587000+00:00,User1,1074836,13781,0,0.01,56161054,51531,0,0.018355555555555556,6814,0,0,0
2023-05-16 04:53:20.593000+00:00,User1,1074836,13781,0,0.01,56164363,51534,0,0.01868888888888889,6814,0,0,0
2023-05-16 04:53:20.612000+00:00,User1,1074836,13781,0,0.009,56164363,51534,0,0.018211111111111112,6814,0,0,0
2023-05-16 04:53:20.608000+00:00,User1,1074997,13783,0,0.01,56167672,51537,0,0.018577777777777776,6814,0,0,0
2023-05-16 04:53:20.614000+00:00,User1,1074997,13783,0,0.01,56166559,51536,2,0.01878888888888889,6762,10,0,1
2023-05-16 04:53:20.616000+00:00,User1,1074997,13783,0,0.011,56168723,51538,0,0.018466666666666666,6814,0,0,0
2023-05-16 04:53:20.643000+00:00,User1,1075079,13784,0,0.01,56175030,51544,0,0.018488888888888888,6815,0,0,0
2023-05-16 04:53:20.736000+00:00,User3,1065181,13701,0,0.009,61324471,56085,0,0.018922222222222222,7237,0,0,0
2023-05-16 04:53:20.743000+00:00,User3,1065181,13701,0,0.009,61325560,56086,0,0.017977777777777777,7237,0,0,0
2023-05-16 04:53:20.753000+00:00,User3,1065181,13701,0,0.009,61325560,56086,0,0.01801111111111111,7237,0,0,0
2023-05-16 04:53:20.750000+00:00,User3,1065181,13701,0,0.009,61326649,56087,0,0.018,7237,0,0,0
2023-05-16 04:53:20.752000+00:00,User3,1065181,13701,0,0.009,61328827,56089,0,0.01817777777777778,7237,0,0,0
2023-05-16 04:53:20.751000+00:00,User3,1065181,13701,0,0.009,61328827,56089,0,0.018455555555555555,7237,0,0,0
2023-05-16 04:53:20.774000+00:00,User3,1065358,13703,0,0.009,61335362,56095,0,0.019333333333333334,7238,0,0,0
2023-05-16 04:53:20.767000+00:00,User3,1065358,13703,0,0.01,61334274,56094,0,0.0183,7238,0,0,0
2023-05-16 04:53:20.780000+00:00,User3,1065358,13703,0,0.009,61337538,56097,0,0.01757777777777778,7238,0,0,0
2023-05-16 04:53:20.778000+00:00,User3,1065358,13703,0,0.01,61340802,56100,0,0.018588888888888887,7238,0,0,0
2023-05-16 04:53:20.854000+00:00,User3,1065599,13706,0,0.009,61354938,56113,0,0.01801111111111111,7240,0,0,0
2023-05-16 04:53:20.941000+00:00,User2,1083401,13984,0,0.01,62731319,57454,0,0.01742222222222222,7529,0,0,0
2023-05-16 04:53:20.957000+00:00,User2,1083465,13985,0,0.009,62733461,57456,0,0.01721111111111111,7530,0,0,0
2023-05-16 04:53:20.971000+00:00,User2,1083465,13985,0,0.009,62733461,57456,0,0.016766666666666666,7530,0,0,0
2023-05-16 04:53:20.967000+00:00,User2,1083465,13985,0,0.009,62733461,57456,0,0.017,7530,0,0,0
2023-05-16 04:53:20.975000+00:00,User2,1083465,13985,0,0.009,62734605,57457,0,0.016755555555555555,7530,0,0,0
2023-05-16 04:53:20.981000+00:00,User2,1083465,13985,0,0.009,62734605,57457,0,0.017633333333333334,7530,0,0,0
2023-05-16 04:53:21.011000+00:00,User2,1083604,13987,0,0.009,62740330,57462,0,0.018111111111111113,7531,0,0,0
2023-05-16 04:53:21.005000+00:00,User2,1083604,13987,0,0.009,62741345,57463,0,0.017277777777777777,7531,0,0,0
2023-05-16 04:53:21.009000+00:00,User3,1066296,13715,0,0.008,61395473,56150,0,0.018488888888888888,7245,0,0,0
2023-05-16 04:53:21.032000+00:00,User2,1083669,13988,0,0.009,62747441,57469,0,0.016655555555555555,7532,0,0,0
2023-05-16 04:53:21.040000+00:00,User1,1076680,13804,0,0.01,56268124,51629,0,0.018433333333333333,6827,0,0,0
2023-05-16 04:53:21.072000+00:00,User2,1083807,13990,0,0.009,62754555,57476,0,0.016633333333333333,7533,0,0,0
2023-05-16 04:53:21.119000+00:00,User2,1084012,13993,0,0.008,62771411,57491,0,0.016288888888888887,7535,0,0,0
2023-05-16 04:53:21.125000+00:00,User2,1084012,13993,0,0.007,62771411,57491,0,0.017133333333333334,7535,0,0,0
2023-05-16 04:53:23.540000+00:00,User1,1086549,13928,0,0.009,56701807,52043,0,0.0099,6902,0,0,0
2023-05-16 04:53:23.549000+00:00,User1,1086634,13929,0,0.01,56705437,52047,0,0.009,6902,0,0,0
2023-05-16 04:53:23.557000+00:00,User1,1086634,13929,0,0.01,56705437,52047,0,0.00968888888888889,6903,0,0,0
2023-05-16 04:53:23.591000+00:00,User1,1086803,13931,0,0.01,56709191,52051,0,0.00931111111111111,6903,0,0,0
2023-05-16 04:53:23.587000+00:00,User1,1086803,13931,0,0.01,56709191,52051,0,0.009377777777777778,6903,0,0,0
2023-05-16 04:53:23.595000+00:00,User1,1086803,13931,0,0.01,56709191,52051,0,0.009233333333333333,6903,0,0,0
2023-05-16 04:53:23.609000+00:00,User1,1086887,13932,0,0.011,56709191,52051,0,0.009611111111111112,6904,0,0,0
2023-05-16 04:53:23.609000+00:00,User1,1086887,13932,0,0.01,56710146,52052,0,0.008988888888888888,6904,0,0,0
2023-05-16 04:53:23.616000+00:00,User1,1086887,13932,0,0.011,56710146,52052,0,0.008944444444444444,6904,0,0,0
2023-05-16 04:53:23.615000+00:00,User1,1086887,13932,0,0.01,56707982,52050,2,0.008811111111111112,6852,10,0,1
2023-05-16 04:53:23.643000+00:00,User1,1086973,13933,0,0.011,56713993,52056,0,0.01,6904,0,0,0
2023-05-16 04:53:23.738000+00:00,User3,1077101,13852,0,0.009,61902660,56622,0,0.007977777777777778,7327,0,0,0
2023-05-16 04:53:23.742000+00:00,User3,1077101,13852,0,0.009,61903566,56623,0,0.007311111111111111,7327,0,0,0
2023-05-16 04:53:23.751000+00:00,User3,1077101,13852,0,0.009,61905378,56625,0,0.007622222222222222,7327,0,0,0
2023-05-16 04:53:23.757000+00:00,User3,1077101,13852,0,0.01,61905378,56625,0,0.007144444444444445,7327,0,0,0
2023-05-16 04:53:23.752000+00:00,User3,1077101,13852,0,0.01,61906285,56626,0,0.008011111111111111,7327,0,0,0
2023-05-16 04:53:23.753000+00:00,User3,1077101,13852,0,0.01,61906285,56626,0,0.008011111111111111,7327,0,0,0
2023-05-16 04:53:23.773000+00:00,User3,1077184,13853,0,0.009,61907184,56627,0,0.007855555555555555,7328,0,0,0
2023-05-16 04:53:23.766000+00:00,User3,1077101,13852,0,0.009,61906285,56626,0,0.0074444444444444445,7327,0,0,0
2023-05-16 04:53:23.780000+00:00,User3,1077184,13853,0,0.009,61909882,56630,0,0.008588888888888889,7328,0,0,0
2023-05-16 04:53:23.780000+00:00,User3,1077184,13853,0,0.01,61909882,56630,0,0.008588888888888889,7328,0,0,0
2023-05-16 04:53:23.854000+00:00,User3,1077523,13857,0,0.009,61917053,56638,0,0.0076,7330,0,0,0
2023-05-16 04:53:23.942000+00:00,User2,1094816,14134,0,0.008,63478336,58139,0,0.016866666666666665,7619,0,0,0
2023-05-16 04:53:23.958000+00:00,User2,1094982,14136,0,0.009,63482504,58143,0,0.01682222222222222,7620,0,0,0
2023-05-16 04:53:23.971000+00:00,User2,1094982,14136,0,0.008,63483552,58144,0,0.016833333333333332,7620,0,0,0
2023-05-16 04:53:23.969000+00:00,User2,1094982,14136,0,0.009,63483552,58144,0,0.016577777777777778,7620,0,0,0
2023-05-16 04:53:23.975000+00:00,User2,1094982,14136,0,0.008,63485648,58146,0,0.016422222222222223,7620,0,0,0
2023-05-16 04:53:23.981000+00:00,User2,1094982,14136,0,0.009,63488792,58149,0,0.016777777777777777,7620,0,0,0
2023-05-16 04:53:24.006000+00:00,User2,1095070,14137,0,0.01,63490888,58151,0,0.01801111111111111,7621,0,0,0
2023-05-16 04:53:24.006000+00:00,User2,1095070,14137,0,0.008,63493924,58154,0,0.01681111111111111,7621,0,0,0
2023-05-16 04:53:24.009000+00:00,User3,1078114,13864,0,0.009,61935457,56657,0,0.008066666666666666,7335,0,0,0
2023-05-16 04:53:24.030000+00:00,User2,1095153,14138,0,0.009,63497975,58158,0,0.016955555555555557,7622,0,0,0
2023-05-16 04:53:24.035000+00:00,User1,1088733,13953,0,0.009,56759977,52103,0,0.008955555555555555,6917,0,0,0
2023-05-16 04:53:24.074000+00:00,User2,1095319,14140,0,0.009,63505426,58165,0,0.01711111111111111,7623,0,0,0
2023-05-16 04:53:24.119000+00:00,User2,1095609,14144,0,0.009,63525313,58183,0,0.01742222222222222,7625,0,0,0
2023-05-16 04:53:24.125000+00:00,User2,1095609,14144,0,0.009,63525313,58183,0,0.0173,7625,0,0,0
2023-05-16 04:53:26.537000+00:00,User1,1098505,14078,0,0.008,57357729,52651,0,0.0166,6991,0,0,0
2023-05-16 04:53:26.554000+00:00,User1,1098573,14079,0,0.01,57360003,52653,0,0.01708888888888889,6992,0,0,0
2023-05-16 04:53:26.554000+00:00,User1,1098573,14079,0,0.009,57361050,52654,0,0.017244444444444444,6992,0,0,0
2023-05-16 04:53:26.587000+00:00,User1,1098720,14081,0,0.01,57367384,52660,0,0.017733333333333334,6992,0,0,0
2023-05-16 04:53:26.588000+00:00,User1,1098812,14082,0,0.01,57372874,52665,0,0.017433333333333332,6993,0,0,0
2023-05-16 04:53:26.594000+00:00,User1,1098812,14082,0,0.01,57372874,52665,0,0.017533333333333335,6993,0,0,0
2023-05-16 04:53:26.608000+00:00,User1,1098812,14082,0,0.01,57377269,52669,0,0.01732222222222222,6993,0,0,0
2023-05-16 04:53:26.611000+00:00,User1,1098812,14082,0,0.01,57380566,52672,0,0.017255555555555555,6993,0,0,0
2023-05-16 04:53:26.615000+00:00,User1,1098901,14083,0,0.009,57380566,52672,0,0.017333333333333333,6993,0,0,0
2023-05-16 04:53:26.615000+00:00,User1,1098901,14083,0,0.009,57378402,52670,2,0.017888888888888888,6941,10,0,1
2023-05-16 04:53:26.648000+00:00,User1,1098901,14083,0,0.009,57386613,52678,0,0.0167,6994,0,0,0
2023-05-16 04:53:26.737000+00:00,User3,1089290,14001,0,0.01,62553253,57226,0,0.01742222222222222,7416,0,0,0
2023-05-16 04:53:26.743000+00:00,User3,1089290,14001,0,0.01,62553253,57226,0,0.01728888888888889,7416,0,0,0
2023-05-16 04:53:26.756000+00:00,User3,1089290,14001,0,0.009,62553253,57226,0,0.017877777777777777,7416,0,0,0
2023-05-16 04:53:26.750000+00:00,User3,1089290,14001,0,0.01,62553253,57226,0,0.017222222222222222,7416,0,0,0
2023-05-16 04:53:26.754000+00:00,User3,1089366,14002,0,0.01,62556753,57229,0,0.017055555555555556,7416,0,0,0
2023-05-16 04:53:26.752000+00:00,User3,1089366,14002,0,0.01,62556753,57229,0,0.017722222222222223,7416,0,0,0
2023-05-16 04:53:26.767000+00:00,User3,1089440,14003,0,0.008,62556753,57229,0,0.018488888888888888,7417,0,0,0
2023-05-16 04:53:26.780000+00:00,User3,1089440,14003,0,0.009,62556753,57229,0,0.017055555555555556,7417,0,0,0
2023-05-16 04:53:26.776000+00:00,User3,1089440,14003,0,0.009,62556753,57229,0,0.017644444444444445,7417,0,0,0
2023-05-16 04:53:26.778000+00:00,User3,1089440,14003,0,0.009,62557826,57230,0,0.016544444444444445,7417,0,0,0
2023-05-16 04:53:26.855000+00:00,User3,1089704,14007,0,0.01,62579076,57250,0,0.01771111111111111,7419,0,0,0
2023-05-16 04:53:26.943000+00:00,User2,1106555,14284,0,0.012,64236351,58835,0,0.01767777777777778,7709,0,0,0
2023-05-16 04:53:26.961000+00:00,User2,1106555,14284,0,0.012,64237463,58836,0,0.017666666666666667,7710,0,0,0
2023-05-16 04:53:26.972000+00:00,User2,1106703,14286,0,0.015,64237463,58836,0,0.017977777777777777,7710,0,0,0
2023-05-16 04:53:26.967000+00:00,User2,1106703,14286,0,0.014,64237463,58836,0,0.017044444444444445,7710,0,0,0
2023-05-16 04:53:26.975000+00:00,User2,1106703,14286,0,0.014,64238543,58837,0,0.017388888888888888,7710,0,0,0
2023-05-16 04:53:26.983000+00:00,User2,1106703,14286,0,0.014,64240703,58839,0,0.017455555555555554,7710,0,0,0
2023-05-16 04:53:27.006000+00:00,User2,1106794,14287,0,0.013,64246107,58844,0,0.01741111111111111,7711,0,0,0
2023-05-16 04:53:27.009000+00:00,User3,1090289,14014,0,0.008,62618183,57287,0,0.016955555555555557,7424,0,0,0
2023-05-16 04:53:27.023000+00:00,User2,1106794,14287,0,0.013,64246107,58844,0,0.0171,7710,0,0,0
2023-05-16 04:53:27.031000+00:00,User2,1106880,14288,0,0.013,64252718,58850,0,0.01668888888888889,7712,0,0,0
2023-05-16 04:53:27.036000+00:00,User1,1100469,14103,0,0.009,57488245,52770,0,0.017644444444444445,7006,0,0,0
2023-05-16 04:53:27.076000+00:00,User2,1107113,14291,0,0.012,64262425,58859,0,0.017133333333333334,7713,0,0,0
2023-05-16 04:53:27.120000+00:00,User2,1107347,14294,0,0.013,64277430,58873,0,0.01718888888888889,7715,0,0,0
2023-05-16 04:53:27.127000+00:00,User2,1107347,14294,0,0.011,64277430,58873,0,0.01691111111111111,7715,0,0,0
2023-05-16 04:53:29.538000+00:00,User1,1110169,14229,0,0.011,58116399,53344,0,0.017955555555555554,7081,0,0,0
2023-05-16 04:53:29.550000+00:00,User1,1110251,14230,0,0.012,58123075,53350,0,0.018033333333333332,7081,0,0,0
2023-05-16 04:53:29.554000+00:00,User1,1110251,14230,0,0.01,58123075,53350,0,0.017522222222222224,7082,0,0,0
2023-05-16 04:53:29.588000+00:00,User1,1110332,14231,0,0.01,58129260,53356,0,0.01728888888888889,7083,0,0,0
2023-05-16 04:53:29.591000+00:00,User1,1110332,14231,0,0.01,58130291,53357,0,0.017722222222222223,7083,0,0,0
2023-05-16 04:53:29.596000+00:00,User1,1110332,14231,0,0.01,58130291,53357,0,0.017944444444444443,7083,0,0,0
2023-05-16 04:53:29.609000+00:00,User1,1110413,14232,0,0.01,58130291,53357,0,0.017011111111111112,7083,0,0,0
2023-05-16 04:53:29.610000+00:00,User1,1110413,14232,0,0.01,58130291,53357,0,0.017244444444444444,7083,0,0,0
2023-05-16 04:53:29.616000+00:00,User1,1110413,14232,0,0.011,58130291,53357,0,0.017766666666666667,7083,0,0,0
2023-05-16 04:53:29.615000+00:00,User1,1110413,14232,0,0.01,58128127,53355,2,0.017622222222222223,7031,10,0,1
2023-05-16 04:53:29.651000+00:00,User1,1110413,14232,0,0.011,58130291,53357,0,0.01768888888888889,7084,0,0,0
2023-05-16 04:53:29.737000+00:00,User3,1100962,14152,0,0.01,63306558,57918,0,0.015333333333333332,7506,0,0,0
2023-05-16 04:53:29.743000+00:00,User3,1100962,14152,0,0.011,63307680,57919,0,0.015688888888888888,7506,0,0,0
2023-05-16 04:53:29.751000+00:00,User3,1100962,14152,0,0.01,63311046,57922,0,0.015266666666666666,7506,0,0,0
2023-05-16 04:53:29.754000+00:00,User3,1100962,14152,0,0.01,63311046,57922,0,0.015355555555555556,7506,0,0,0
2023-05-16 04:53:29.752000+00:00,User3,1100962,14152,0,0.01,63311046,57922,0,0.01598888888888889,7506,0,0,0
2023-05-16 04:53:29.766000+00:00,User3,1100962,14152,0,0.01,63307680,57919,0,0.015266666666666666,7506,0,0,0
2023-05-16 04:53:29.767000+00:00,User3,1101044,14153,0,0.01,63315536,57926,0,0.016266666666666665,7507,0,0,0
2023-05-16 04:53:29.774000+00:00,User3,1101044,14153,0,0.01,63315536,57926,0,0.015555555555555555,7507,0,0,0
2023-05-16 04:53:29.778000+00:00,User3,1101044,14153,0,0.01,63316584,57927,0,0.0155,7507,0,0,0
2023-05-16 04:53:29.795000+00:00,User3,1100962,14152,0,0.012,63315536,57926,0,0.017555555555555557,7506,0,0,0
2023-05-16 04:53:29.855000+00:00,User3,1101361,14157,0,0.01,63336410,57945,0,0.016411111111111112,7509,0,0,0
2023-05-16 04:53:29.942000+00:00,User2,1118625,14435,0,0.012,64670119,59261,0,0.012633333333333333,7798,0,0,0
2023-05-16 04:53:29.967000+00:00,User2,1118625,14435,0,0.012,64675482,59266,0,0.012222222222222223,7799,0,0,0
2023-05-16 04:53:29.972000+00:00,User2,1118625,14435,0,0.012,64677540,59268,0,0.0124,7799,0,0,0
2023-05-16 04:53:29.962000+00:00,User2,1118625,14435,0,0.012,64674453,59265,0,0.011711111111111111,7799,0,0,0
2023-05-16 04:53:29.982000+00:00,User2,1118706,14436,0,0.012,64681656,59272,0,0.011955555555555556,7799,0,0,0
2023-05-16 04:53:29.979000+00:00,User2,1118625,14435,0,0.012,64677540,59268,0,0.012277777777777778,7799,0,0,0
2023-05-16 04:53:30.005000+00:00,User2,1118868,14438,0,0.014,64681656,59272,0,0.013022222222222221,7799,0,0,0
2023-05-16 04:53:30.006000+00:00,User2,1118868,14438,0,0.012,64686044,59276,0,0.012911111111111111,7800,0,0,0
2023-05-16 04:53:30.008000+00:00,User3,1101926,14164,0,0.009,63372586,57978,0,0.016,7514,0,0,0
2023-05-16 04:53:30.039000+00:00,User2,1118868,14438,0,0.013,64689335,59279,0,0.012677777777777777,7800,0,0,0
2023-05-16 04:53:30.037000+00:00,User1,1112042,14254,0,0.01,58239888,53456,0,0.01672222222222222,7096,0,0,0
2023-05-16 04:53:30.074000+00:00,User2,1119030,14440,0,0.013,64699767,59288,0,0.01301111111111111,7802,0,0,0
2023-05-16 04:53:30.122000+00:00,User2,1119192,14442,0,0.013,64719437,59306,0,0.013122222222222223,7803,0,0,0
2023-05-16 04:53:30.125000+00:00,User2,1119273,14443,0,0.012,64719437,59306,0,0.013433333333333334,7804,0,0,0
2023-05-16 04:53:32.538000+00:00,User1,1121543,14378,0,0.013,58873569,54035,0,0.017622222222222223,7171,0,0,0
2023-05-16 04:53:32.552000+00:00,User1,1121615,14379,0,0.013,58880067,54041,0,0.019188888888888887,7172,0,0,0
2023-05-16 04:53:32.555000+00:00,User1,1121615,14379,0,0.013,58880067,54041,0,0.019455555555555556,7172,0,0,0
2023-05-16 04:53:32.588000+00:00,User1,1121747,14381,0,0.012,58883156,54044,0,0.017977777777777777,7173,0,0,0
2023-05-16 04:53:32.588000+00:00,User1,1121747,14381,0,0.012,58886246,54047,0,0.017766666666666667,7173,0,0,0
2023-05-16 04:53:32.595000+00:00,User1,1121747,14381,0,0.011,58886246,54047,0,0.0178,7173,0,0,0
2023-05-16 04:53:32.609000+00:00,User1,1121822,14382,0,0.012,58887276,54048,0,0.017633333333333334,7173,0,0,0
2023-05-16 04:53:32.609000+00:00,User1,1121822,14382,0,0.012,58887276,54048,0,0.018155555555555557,7173,0,0,0
2023-05-16 04:53:32.615000+00:00,User1,1121822,14382,0,0.013,58885112,54046,2,0.01818888888888889,7121,10,0,1
2023-05-16 04:53:32.615000+00:00,User1,1121822,14382,0,0.012,58887276,54048,0,0.017988888888888888,7173,0,0,0
2023-05-16 04:53:32.652000+00:00,User1,1121959,14384,0,0.013,58895042,54055,0,0.01758888888888889,7173,0,0,0
2023-05-16 04:53:32.737000+00:00,User3,1112312,14300,0,0.009,64053120,58601,0,0.016933333333333335,7596,0,0,0
2023-05-16 04:53:32.745000+00:00,User3,1112447,14302,0,0.01,64053120,58601,0,0.017377777777777777,7596,0,0,0
2023-05-16 04:53:32.753000+00:00,User3,1112447,14302,0,0.01,64054230,58602,0,0.016622222222222222,7596,0,0,0
2023-05-16 04:53:32.758000+00:00,User3,1112447,14302,0,0.01,64054230,58602,0,0.016533333333333334,7596,0,0,0
2023-05-16 04:53:32.753000+00:00,User3,1112447,14302,0,0.01,64054230,58602,0,0.016933333333333335,7596,0,0,0
2023-05-16 04:53:32.752000+00:00,User3,1112447,14302,0,0.009,64054230,58602,0,0.0161,7596,0,0,0
2023-05-16 04:53:32.767000+00:00,User3,1112447,14302,0,0.009,64064222,58611,0,0.017055555555555556,7597,0,0,0
2023-05-16 04:53:32.775000+00:00,User3,1112447,14302,0,0.01,64064222,58611,0,0.015744444444444443,7597,0,0,0
2023-05-16 04:53:32.778000+00:00,User3,1112512,14303,0,0.01,64069777,58616,0,0.016855555555555554,7597,0,0,0
2023-05-16 04:53:32.803000+00:00,User3,1112512,14303,0,0.013,64069777,58616,0,0.017433333333333332,7597,0,0,0
2023-05-16 04:53:32.856000+00:00,User3,1112795,14307,0,0.01,64091713,58636,0,0.017633333333333334,7599,0,0,0
2023-05-16 04:53:32.947000+00:00,User2,1130298,14585,0,0.009,65462534,59983,0,0.0179,7888,0,0,0
2023-05-16 04:53:32.963000+00:00,User2,1130298,14585,0,0.009,65467843,59988,0,0.018233333333333334,7889,0,0,0
2023-05-16 04:53:32.968000+00:00,User2,1130375,14586,0,0.009,65467843,59988,0,0.017666666666666667,7889,0,0,0
2023-05-16 04:53:32.975000+00:00,User2,1130375,14586,0,0.009,65468944,59989,0,0.0171,7889,0,0,0
2023-05-16 04:53:32.976000+00:00,User2,1130375,14586,0,0.009,65468944,59989,0,0.017433333333333332,7889,0,0,0
2023-05-16 04:53:32.981000+00:00,User2,1130375,14586,0,0.009,65471146,59991,0,0.0175,7889,0,0,0
2023-05-16 04:53:33.010000+00:00,User2,1130453,14587,0,0.011,65476652,59996,0,0.01781111111111111,7889,0,0,0
2023-05-16 04:53:33.007000+00:00,User2,1130453,14587,0,0.009,65480105,59999,0,0.017833333333333333,7890,0,0,0
2023-05-16 04:53:33.009000+00:00,User3,1113261,14314,0,0.01,64124902,58666,0,0.0172,7604,0,0,0
2023-05-16 04:53:33.031000+00:00,User2,1130520,14588,0,0.009,65483559,60002,0,0.016833333333333332,7891,0,0,0
2023-05-16 04:53:33.037000+00:00,User1,1123257,14403,0,0.009,58988449,54140,0,0.01707777777777778,7186,0,0,0
2023-05-16 04:53:33.075000+00:00,User2,1130657,14590,0,0.009,65492448,60010,0,0.017888888888888888,7892,0,0,0
2023-05-16 04:53:33.120000+00:00,User2,1130894,14593,0,0.01,65508086,60024,0,0.017644444444444445,7894,0,0,0
2023-05-16 04:53:33.126000+00:00,User2,1130894,14593,0,0.009,65508086,60024,0,0.01778888888888889,7894,0,0,0
2023-05-16 04:53:35.538000+00:00,User1,1133060,14529,0,0.012,59620193,54720,0,0.017277777777777777,7261,0,0,0
2023-05-16 04:53:35.552000+00:00,User1,1133060,14529,0,0.014,59623546,54723,0,0.01731111111111111,7262,0,0,0
2023-05-16 04:53:35.556000+00:00,User1,1133060,14529,0,0.012,59623546,54723,0,0.017344444444444444,7262,0,0,0
2023-05-16 04:53:35.588000+00:00,User1,1133319,14532,0,0.012,59628018,54727,0,0.017633333333333334,7263,0,0,0
2023-05-16 04:53:35.588000+00:00,User1,1133319,14532,0,0.013,59631266,54730,0,0.017222222222222222,7263,0,0,0
2023-05-16 04:53:35.596000+00:00,User1,1133319,14532,0,0.013,59633432,54732,0,0.017255555555555555,7263,0,0,0
2023-05-16 04:53:35.613000+00:00,User1,1133319,14532,0,0.014,59636681,54735,0,0.017555555555555557,7263,0,0,0
2023-05-16 04:53:35.609000+00:00,User1,1133319,14532,0,0.013,59637722,54736,0,0.017555555555555557,7264,0,0,0
2023-05-16 04:53:35.615000+00:00,User1,1133319,14532,0,0.013,59637640,54736,2,0.017,7212,10,0,1
2023-05-16 04:53:35.617000+00:00,User1,1133319,14532,0,0.013,59639804,54738,0,0.01718888888888889,7264,0,0,0
2023-05-16 04:53:35.651000+00:00,User1,1133484,14534,0,0.016,59646052,54744,0,0.019355555555555556,7264,0,0,0
2023-05-16 04:53:35.739000+00:00,User3,1123659,14450,0,0.011,64807888,59291,0,0.01622222222222222,7686,0,0,0
2023-05-16 04:53:35.752000+00:00,User3,1123815,14452,0,0.01,64812132,59295,0,0.01588888888888889,7686,0,0,0
2023-05-16 04:53:35.748000+00:00,User3,1123815,14452,0,0.01,64810010,59293,0,0.0157,7686,0,0,0
2023-05-16 04:53:35.757000+00:00,User3,1123815,14452,0,0.01,64811071,59294,0,0.015288888888888888,7686,0,0,0
2023-05-16 04:53:35.753000+00:00,User3,1123815,14452,0,0.01,64814254,59297,0,0.015733333333333332,7686,0,0,0
2023-05-16 04:53:35.751000+00:00,User3,1123815,14452,0,0.01,64814254,59297,0,0.01577777777777778,7686,0,0,0
2023-05-16 04:53:35.773000+00:00,User3,1123887,14453,0,0.009,64816376,59299,0,0.015677777777777777,7687,0,0,0
2023-05-16 04:53:35.766000+00:00,User3,1123887,14453,0,0.009,64816376,59299,0,0.0159,7687,0,0,0
2023-05-16 04:53:35.778000+00:00,User3,1123887,14453,0,0.01,64819805,59302,0,0.01571111111111111,7687,0,0,0
2023-05-16 04:53:35.796000+00:00,User3,1123953,14454,0,0.01,64823235,59305,0,0.016066666666666667,7687,0,0,0
2023-05-16 04:53:35.857000+00:00,User3,1124197,14457,0,0.01,64835725,59316,0,0.016077777777777778,7689,0,0,0
2023-05-16 04:53:35.942000+00:00,User2,1141860,14735,0,0.01,66200999,60658,0,0.017755555555555556,7978,0,0,0
2023-05-16 04:53:35.966000+00:00,User2,1141860,14735,0,0.01,66206269,60663,0,0.018222222222222223,7979,0,0,0
2023-05-16 04:53:35.967000+00:00,User2,1141932,14736,0,0.009,66206269,60663,0,0.018266666666666667,7979,0,0,0
2023-05-16 04:53:35.973000+00:00,User2,1141932,14736,0,0.009,66206269,60663,0,0.01791111111111111,7979,0,0,0
2023-05-16 04:53:35.975000+00:00,User2,1141932,14736,0,0.009,66207411,60664,0,0.017266666666666666,7979,0,0,0
2023-05-16 04:53:35.982000+00:00,User2,1141932,14736,0,0.009,66209695,60666,0,0.01767777777777778,7979,0,0,0
2023-05-16 04:53:36.010000+00:00,User2,1142010,14737,0,0.01,66214265,60670,0,0.017611111111111112,7979,0,0,0
2023-05-16 04:53:36.006000+00:00,User2,1142010,14737,0,0.009,66217397,60673,0,0.01802222222222222,7980,0,0,0
2023-05-16 04:53:36.010000+00:00,User3,1124788,14464,0,0.01,64875734,59354,0,0.01633333333333333,7694,0,0,0
2023-05-16 04:53:36.031000+00:00,User2,1142162,14739,0,0.009,66222617,60678,0,0.017655555555555556,7981,0,0,0
2023-05-16 04:53:36.038000+00:00,User1,1135058,14554,0,0.015,59743395,54832,0,0.018644444444444446,7276,0,0,0
2023-05-16 04:53:36.078000+00:00,User2,1142328,14741,0,0.009,66231715,60686,0,0.018477777777777777,7982,0,0,0
2023-05-16 04:53:36.119000+00:00,User2,1142586,14744,0,0.009,66243725,60697,0,0.017633333333333334,7983,0,0,0
2023-05-16 04:53:36.125000+00:00,User2,1142586,14744,0,0.009,66246863,60700,0,0.0182,7984,0,0,0
2023-05-16 04:53:38.538000+00:00,User1,1144773,14679,0,0.012,60375616,55406,0,0.016644444444444444,7351,0,0,0
2023-05-16 04:53:38.552000+00:00,User1,1144855,14680,0,0.012,60376767,55407,0,0.01757777777777778,7352,0,0,0
2023-05-16 04:53:38.556000+00:00,User1,1144855,14680,0,0.011,60377919,55408,0,0.01728888888888889,7352,0,0,0
2023-05-16 04:53:38.588000+00:00,User1,1144935,14681,0,0.012,60387119,55416,0,0.018222222222222223,7353,0,0,0
2023-05-16 04:53:38.590000+00:00,User1,1144935,14681,0,0.012,60387119,55416,0,0.017566666666666668,7353,0,0,0
2023-05-16 04:53:38.596000+00:00,User1,1144935,14681,0,0.012,60387119,55416,0,0.017655555555555556,7353,0,0,0
2023-05-16 04:53:38.613000+00:00,User1,1144935,14681,0,0.011,60391711,55420,0,0.017477777777777776,7353,0,0,0
2023-05-16 04:53:38.608000+00:00,User1,1145013,14682,0,0.011,60391711,55420,0,0.018444444444444444,7354,0,0,0
2023-05-16 04:53:38.615000+00:00,User1,1145083,14683,0,0.012,60390563,55419,2,0.018055555555555554,7302,10,0,1
2023-05-16 04:53:38.617000+00:00,User1,1145083,14683,0,0.011,60392727,55421,0,0.017566666666666668,7354,0,0,0
2023-05-16 04:53:38.651000+00:00,User1,1145152,14684,0,0.012,60398927,55427,0,0.018455555555555555,7354,0,0,0
2023-05-16 04:53:38.745000+00:00,User3,1135497,14602,0,0.008,65565181,59982,0,0.0181,7776,0,0,0
2023-05-16 04:53:38.744000+00:00,User3,1135406,14601,0,0.009,65564066,59981,0,0.016844444444444443,7776,0,0,0
2023-05-16 04:53:38.759000+00:00,User3,1135497,14602,0,0.009,65567411,59984,0,0.017133333333333334,7776,0,0,0
2023-05-16 04:53:38.752000+00:00,User3,1135497,14602,0,0.01,65567411,59984,0,0.0174,7776,0,0,0
2023-05-16 04:53:38.753000+00:00,User3,1135497,14602,0,0.009,65567411,59984,0,0.01792222222222222,7776,0,0,0
2023-05-16 04:53:38.755000+00:00,User3,1135497,14602,0,0.009,65567411,59984,0,0.0174,7776,0,0,0
2023-05-16 04:53:38.767000+00:00,User3,1135497,14602,0,0.009,65574061,59990,0,0.01778888888888889,7777,0,0,0
2023-05-16 04:53:38.773000+00:00,User3,1135497,14602,0,0.01,65574061,59990,0,0.018344444444444444,7777,0,0,0
2023-05-16 04:53:38.780000+00:00,User3,1135497,14602,0,0.01,65580505,59996,0,0.018122222222222224,7777,0,0,0
2023-05-16 04:53:38.797000+00:00,User3,1135586,14603,0,0.01,65580505,59996,0,0.0183,7777,0,0,0
2023-05-16 04:53:38.858000+00:00,User3,1135922,14607,0,0.009,65595665,60010,0,0.017944444444444443,7779,0,0,0
2023-05-16 04:53:38.943000+00:00,User2,1152972,14884,0,0.01,66960871,61351,0,0.0162,8069,0,0,0
2023-05-16 04:53:38.973000+00:00,User2,1153054,14885,0,0.01,66961982,61352,0,0.016566666666666667,8069,0,0,0
2023-05-16 04:53:38.964000+00:00,User2,1153054,14885,0,0.01,66961982,61352,0,0.01622222222222222,8069,0,0,0
2023-05-16 04:53:38.970000+00:00,User2,1153054,14885,0,0.011,66961982,61352,0,0.017022222222222223,8069,0,0,0
2023-05-16 04:53:38.981000+00:00,User2,1153222,14887,0,0.01,66961982,61352,0,0.016633333333333333,8069,0,0,0
2023-05-16 04:53:38.975000+00:00,User2,1153222,14887,0,0.01,66961982,61352,0,0.01672222222222222,8069,0,0,0
2023-05-16 04:53:39.008000+00:00,User3,1136533,14615,0,0.009,65629386,60040,0,0.01721111111111111,7784,0,0,0
2023-05-16 04:53:39.009000+00:00,User2,1153222,14887,0,0.009,66972464,61362,0,0.016566666666666667,8070,0,0,0
2023-05-16 04:53:39.006000+00:00,User2,1153303,14888,0,0.009,66973581,61363,0,0.016877777777777776,8070,0,0,0
2023-05-16 04:53:39.037000+00:00,User1,1146769,14704,0,0.012,60495942,55515,0,0.01888888888888889,7366,0,0,0
2023-05-16 04:53:39.032000+00:00,User2,1153385,14889,0,0.009,66978049,61367,0,0.016455555555555557,8071,0,0,0
2023-05-16 04:53:39.077000+00:00,User2,1153468,14890,0,0.009,66986116,61374,0,0.016877777777777776,8072,0,0,0
2023-05-16 04:53:39.125000+00:00,User2,1153778,14894,0,0.009,67004848,61391,0,0.016433333333333335,8074,0,0,0
2023-05-16 04:53:39.120000+00:00,User2,1153694,14893,0,0.009,67002556,61389,0,0.016288888888888887,8074,0,0,0
2023-05-16 04:53:41.538000+00:00,User1,1156780,14829,0,0.011,60810568,55827,0,0.011744444444444445,7440,0,0,0
2023-05-16 04:53:41.558000+00:00,User1,1156942,14831,0,0.01,60811665,55828,0,0.012311111111111111,7441,0,0,0
2023-05-16 04:53:41.558000+00:00,User1,1156942,14831,0,0.013,60810568,55827,0,0.012255555555555556,7440,0,0,0
2023-05-16 04:53:41.588000+00:00,User1,1156942,14831,0,0.011,60821102,55837,0,0.012988888888888888,7442,0,0,0
2023-05-16 04:53:41.592000+00:00,User1,1156942,14831,0,0.011,60822090,55838,0,0.013366666666666667,7442,0,0,0
2023-05-16 04:53:56.944000+00:00,User2,1222894,15784,0,0.011,71184898,65243,0,0.01661111111111111,8608,0,0,0
2023-05-16 04:53:56.967000+00:00,User2,1222955,15785,0,0.01,71185933,65244,0,0.016277777777777776,8608,0,0,0
2023-05-16 04:53:56.974000+00:00,User2,1223027,15786,0,0.011,71187019,65245,0,0.016677777777777777,8608,0,0,0
2023-05-16 04:53:56.973000+00:00,User2,1223027,15786,0,0.011,71187019,65245,0,0.016566666666666667,8608,0,0,0
2023-05-16 04:53:56.979000+00:00,User2,1223027,15786,0,0.01,71189191,65247,0,0.015933333333333334,8608,0,0,0
2023-05-16 04:53:56.983000+00:00,User2,1223027,15786,0,0.011,71192450,65250,0,0.01638888888888889,8609,0,0,0
2023-05-16 04:53:57.014000+00:00,User2,1223090,15787,0,0.009,71194695,65252,0,0.0164,8609,0,0,0
2023-05-16 04:53:57.010000+00:00,User3,1206582,15515,0,0.011,69771465,63859,0,0.0099,8323,0,0,0
2023-05-16 04:53:57.009000+00:00,User2,1223090,15787,0,0.01,71194695,65252,0,0.01671111111111111,8609,0,0,0
2023-05-16 04:53:57.038000+00:00,User2,1223241,15789,0,0.01,71201647,65258,0,0.016055555555555556,8610,0,0,0
2023-05-16 04:53:57.038000+00:00,User1,1216583,15604,0,0.012,64590412,59294,0,0.010566666666666667,7906,0,0,0
2023-05-16 04:53:57.082000+00:00,User2,1223402,15791,0,0.01,71216421,65271,0,0.016955555555555557,8611,0,0,0
2023-05-16 04:53:57.123000+00:00,User2,1223561,15793,0,0.011,71227083,65281,0,0.01647777777777778,8613,0,0,0
2023-05-16 04:53:57.126000+00:00,User2,1223561,15793,0,0.01,71228194,65282,0,0.016255555555555554,8613,0,0,0
2023-05-16 04:53:59.542000+00:00,User1,1226728,15729,0,0.009,65024877,59707,0,0.015755555555555554,7979,0,0,0
2023-05-16 04:53:59.554000+00:00,User1,1226797,15730,0,0.008,65035056,59716,0,0.01601111111111111,7980,0,0,0
2023-05-16 04:53:59.558000+00:00,User1,1226797,15730,0,0.009,65038452,59719,0,0.015955555555555556,7980,0,0,0
2023-05-16 04:53:59.593000+00:00,User1,1226882,15731,0,0.007,65044979,59725,0,0.015944444444444445,7981,0,0,0
2023-05-16 04:53:59.597000+00:00,User1,1226882,15731,0,0.008,65052123,59732,0,0.017755555555555556,7981,0,0,0
2023-05-16 04:53:59.593000+00:00,User1,1226882,15731,0,0.008,65052123,59732,0,0.017933333333333332,7981,0,0,0
2023-05-16 04:53:59.615000+00:00,User1,1226950,15732,0,0.008,65055231,59735,0,0.018433333333333333,7981,0,0,0
2023-05-16 04:53:59.613000+00:00,User1,1226950,15732,0,0.008,65055231,59735,0,0.01711111111111111,7982,0,0,0
2023-05-16 04:53:59.618000+00:00,User1,1226950,15732,0,0.009,65055231,59735,0,0.016877777777777776,7982,0,0,0
2023-05-16 04:53:59.618000+00:00,User1,1226950,15732,0,0.007,65053067,59733,2,0.017877777777777777,7930,10,0,1
2023-05-16 04:53:59.663000+00:00,User1,1227187,15735,0,0.008,65062989,59742,0,0.01728888888888889,7982,0,0,0
2023-05-16 04:53:59.746000+00:00,User3,1217848,15651,0,0.01,70223355,64289,0,0.015755555555555554,8404,0,0,0
2023-05-16 04:53:59.740000+00:00,User3,1217848,15651,0,0.008,70222220,64288,0,0.0148,8404,0,0,0
2023-05-16 04:53:59.754000+00:00,User3,1218010,15653,0,0.009,70223355,64289,0,0.014333333333333333,8404,0,0,0
2023-05-16 04:53:59.756000+00:00,User3,1218010,15653,0,0.009,70224473,64290,0,0.016066666666666667,8404,0,0,0
2023-05-16 04:53:59.764000+00:00,User3,1218010,15653,0,0.01,70223355,64289,0,0.015677777777777777,8404,0,0,0
2023-05-16 04:53:59.761000+00:00,User3,1218010,15653,0,0.01,70225591,64291,0,0.015666666666666666,8404,0,0,0
2023-05-16 04:53:59.773000+00:00,User3,1218010,15653,0,0.009,70231185,64296,0,0.0147,8405,0,0,0
2023-05-16 04:53:59.779000+00:00,User3,1218010,15653,0,0.009,70231185,64296,0,0.01572222222222222,8405,0,0,0
2023-05-16 04:53:59.781000+00:00,User3,1218010,15653,0,0.01,70238792,64303,0,0.016177777777777777,8405,0,0,0
2023-05-16 04:53:59.805000+00:00,User3,1218010,15653,0,0.01,70238792,64303,0,0.01638888888888889,8406,0,0,0
2023-05-16 04:53:59.863000+00:00,User3,1218334,15657,0,0.011,70261526,64323,0,0.0167,8408,0,0,0
2023-05-16 04:53:59.944000+00:00,User2,1234565,15934,0,0.008,71935901,65927,0,0.016933333333333335,8698,0,0,0
2023-05-16 04:53:59.967000+00:00,User2,1234565,15934,0,0.009,71940248,65931,0,0.016755555555555555,8698,0,0,0
2023-05-16 04:53:59.974000+00:00,User2,1234652,15935,0,0.01,71941346,65932,0,0.0168,8698,0,0,0
2023-05-16 04:53:59.973000+00:00,User2,1234652,15935,0,0.01,71941346,65932,0,0.0167,8698,0,0,0
2023-05-16 04:53:59.979000+00:00,User2,1234743,15936,0,0.01,71944640,65935,0,0.01658888888888889,8698,0,0,0
2023-05-16 04:53:59.987000+00:00,User2,1234743,15936,0,0.009,71944640,65935,0,0.016833333333333332,8699,0,0,0
2023-05-16 04:54:00.009000+00:00,User2,1234874,15938,0,0.01,71957515,65947,0,0.01708888888888889,8699,0,0,0
2023-05-16 04:54:00.011000+00:00,User3,1219026,15665,0,0.011,70297271,64356,0,0.01637777777777778,8412,0,0,0
2023-05-16 04:54:00.014000+00:00,User2,1234810,15937,0,0.009,71954350,65944,0,0.018344444444444444,8699,0,0,0
2023-05-16 04:54:00.041000+00:00,User1,1228679,15754,0,0.01,65170076,59839,0,0.019633333333333332,7994,0,0,0
2023-05-16 04:54:00.038000+00:00,User2,1234944,15939,0,0.01,71957515,65947,0,0.017044444444444445,8700,0,0,0
2023-05-16 04:54:00.081000+00:00,User2,1235016,15940,0,0.01,71966483,65955,0,0.017055555555555556,8701,0,0,0
2023-05-16 04:54:00.127000+00:00,User2,1235273,15943,0,0.009,71982573,65969,0,0.016877777777777776,8703,0,0,0
2023-05-16 04:54:00.129000+00:00,User2,1235273,15943,0,0.011,71982573,65969,0,0.018122222222222224,8703,0,0,0
2023-05-16 04:54:02.542000+00:00,User1,1235582,15842,0,0.032,65491283,60131,0,0.062433333333333334,8030,0,0,0
2023-05-16 04:54:02.554000+00:00,User1,1235650,15843,0,0.033,65492393,60132,0,0.06477777777777778,8030,0,0,0
2023-05-16 04:54:02.558000+00:00,User1,1235650,15843,0,0.034,65492393,60132,0,0.06366666666666666,8030,0,0,0
2023-05-16 04:54:02.591000+00:00,User1,1235728,15844,0,0.033,65493503,60133,0,0.06325555555555555,8030,0,0,0
2023-05-16 04:54:02.593000+00:00,User1,1235728,15844,0,0.033,65493503,60133,0,0.0638,8030,0,0,0
2023-05-16 04:54:02.598000+00:00,User1,1235728,15844,0,0.033,65493503,60133,0,0.06351111111111112,8030,0,0,0
2023-05-16 04:54:02.614000+00:00,User1,1235728,15844,0,0.033,65493503,60133,0,0.06332222222222222,8030,0,0,0
2023-05-16 04:54:02.614000+00:00,User1,1235728,15844,0,0.032,65493503,60133,0,0.06412222222222222,8030,0,0,0
2023-05-16 04:54:02.619000+00:00,User1,1235728,15844,0,0.033,65491339,60131,2,0.06375555555555555,7978,10,0,1
2023-05-16 04:54:02.629000+00:00,User1,1235728,15844,0,0.032,65493503,60133,0,0.06393333333333333,8030,0,0,0
2023-05-16 04:54:02.668000+00:00,User1,1235860,15846,0,0.03,65504392,60143,0,0.06903333333333334,8031,0,0,0
2023-05-16 04:54:02.746000+00:00,User3,1229463,15798,0,0.013,70928021,64926,0,0.027733333333333332,8482,0,0,0
2023-05-16 04:54:02.752000+00:00,User3,1229463,15798,0,0.013,70928021,64926,0,0.028777777777777777,8481,0,0,0
2023-05-16 04:54:02.762000+00:00,User3,1229463,15798,0,0.013,70931237,64929,0,0.026822222222222223,8482,0,0,0
2023-05-16 04:54:02.758000+00:00,User3,1229463,15798,0,0.013,70929093,64927,0,0.027422222222222223,8482,0,0,0
2023-05-16 04:54:02.759000+00:00,User3,1229463,15798,0,0.013,70932309,64930,0,0.026733333333333335,8482,0,0,0
2023-05-16 04:54:02.757000+00:00,User3,1229463,15798,0,0.013,70932309,64930,0,0.027155555555555554,8482,0,0,0
2023-05-16 04:54:02.771000+00:00,User3,1229540,15799,0,0.013,70937672,64935,0,0.027866666666666668,8483,0,0,0
2023-05-16 04:54:02.778000+00:00,User3,1229463,15798,0,0.013,70937672,64935,0,0.02761111111111111,8482,0,0,0
2023-05-16 04:54:02.780000+00:00,User3,1229540,15799,0,0.013,70937672,64935,0,0.02801111111111111,8483,0,0,0
2023-05-16 04:54:02.802000+00:00,User3,1229540,15799,0,0.015,70938827,64936,0,0.027533333333333333,8483,0,0,0
2023-05-16 04:54:02.864000+00:00,User3,1229760,15802,0,0.014,70966218,64960,0,0.026455555555555555,8485,0,0,0
2023-05-16 04:54:02.943000+00:00,User2,1246369,16084,0,0.009,72476643,66437,0,0.011,8788,0,0,0
2023-05-16 04:54:02.966000+00:00,User2,1246454,16085,0,0.009,72476643,66437,0,0.010566666666666667,8788,0,0,0
2023-05-16 04:54:02.973000+00:00,User2,1246454,16085,0,0.01,72477629,66438,0,0.0117,8788,0,0,0
2023-05-16 04:54:02.978000+00:00,User2,1246622,16087,0,0.01,72479601,66440,0,0.010822222222222223,8788,0,0,0
2023-05-16 04:54:02.977000+00:00,User2,1246454,16085,0,0.01,72477629,66438,0,0.010455555555555555,8788,0,0,0
2023-05-16 04:54:02.987000+00:00,User2,1246622,16087,0,0.01,72480588,66441,0,0.010477777777777779,8788,0,0,0
2023-05-16 04:54:03.016000+00:00,User2,1246622,16087,0,0.011,72483582,66444,0,0.011566666666666666,8789,0,0,0
2023-05-16 04:54:03.013000+00:00,User2,1246707,16088,0,0.011,72484580,66445,0,0.010544444444444445,8788,0,0,0
2023-05-16 04:54:03.045000+00:00,User2,1246791,16089,0,0.009,72487479,66448,0,0.01071111111111111,8790,0,0,0
2023-05-16 04:54:03.048000+00:00,User3,1230211,15807,2,0.017,70991290,64982,13,0.029955555555555555,8453,11,0,0
2023-05-16 04:54:03.083000+00:00,User2,1246877,16090,0,0.01,72489451,66450,0,0.011377777777777778,8791,0,0,0
2023-05-16 04:54:03.080000+00:00,User1,1237465,15866,0,0.023,65529052,60165,0,0.07741111111111111,8034,0,0,0
2023-05-16 04:54:03.129000+00:00,User2,1247130,16093,0,0.015,72496400,66457,0,0.02218888888888889,8768,0,0,0
2023-05-16 04:54:03.135000+00:00,User2,1247130,16093,0,0.012,72496400,66457,0,0.0117,8793,0,0,0
2023-05-16 04:54:05.541000+00:00,User1,1247835,16001,0,0.013,66447702,60988,0,0.026088888888888887,8101,0,0,0
2023-05-16 04:54:05.554000+00:00,User1,1247901,16002,0,0.012,66453252,60993,0,0.025733333333333334,8101,0,0,0
2023-05-16 04:54:05.559000+00:00,User1,1247901,16002,0,0.012,66456585,60996,0,0.02557777777777778,8101,0,0,0
2023-05-16 04:54:05.593000+00:00,User1,1247971,16003,0,0.012,66457696,60997,0,0.025844444444444444,8102,0,0,0
2023-05-16 04:54:05.592000+00:00,User1,1247971,16003,0,0.012,66458754,60998,0,0.023788888888888887,8102,0,0,0
2023-05-16 04:54:05.603000+00:00,User1,1247971,16003,0,0.011,66458754,60998,0,0.024077777777777778,8103,0,0,0
2023-05-16 04:54:05.611000+00:00,User1,1247971,16003,0,0.012,66468283,61007,0,0.023733333333333332,8103,0,0,0
2023-05-16 04:54:05.617000+00:00,User1,1247971,16003,0,0.012,66466119,61005,2,0.024344444444444443,8051,10,0,1
2023-05-16 04:54:05.621000+00:00,User1,1247971,16003,0,0.012,66468283,61007,0,0.023911111111111112,8103,0,0,0
2023-05-16 04:54:05.622000+00:00,User1,1247971,16003,0,0.013,66458754,60998,0,0.024722222222222222,8103,0,0,0
2023-05-16 04:54:05.664000+00:00,User1,1248187,16006,0,0.014,66478210,61016,0,0.023355555555555556,8104,0,0,0
2023-05-16 04:54:05.746000+00:00,User3,1241041,15948,0,0.011,71778005,65695,0,0.019322222222222223,8571,0,0,0
2023-05-16 04:54:05.743000+00:00,User3,1240950,15947,0,0.011,71776860,65694,0,0.01961111111111111,8571,0,0,0
2023-05-16 04:54:05.754000+00:00,User3,1241041,15948,0,0.011,71782585,65699,0,0.0196,8571,0,0,0
2023-05-16 04:54:05.756000+00:00,User3,1241041,15948,0,0.011,71781440,65698,0,0.0189,8571,0,0,0
2023-05-16 04:54:05.762000+00:00,User3,1241041,15948,0,0.012,71782585,65699,0,0.01962222222222222,8571,0,0,0
2023-05-16 04:54:05.763000+00:00,User3,1241041,15948,0,0.011,71782585,65699,0,0.019266666666666668,8571,0,0,0
2023-05-16 04:54:05.772000+00:00,User3,1241129,15949,0,0.01,71786026,65702,0,0.019344444444444445,8572,0,0,0
2023-05-16 04:54:05.779000+00:00,User3,1241129,15949,0,0.01,71783732,65700,0,0.019077777777777777,8571,0,0,0
2023-05-16 04:54:05.780000+00:00,User3,1241129,15949,0,0.01,71789469,65705,0,0.01962222222222222,8572,0,0,0
2023-05-16 04:54:05.801000+00:00,User3,1241129,15949,0,0.011,71789469,65705,0,0.020622222222222222,8572,0,0,0
2023-05-16 04:54:05.860000+00:00,User3,1241408,15953,0,0.01,71805310,65719,0,0.01862222222222222,8574,0,0,0
2023-05-16 04:54:05.943000+00:00,User2,1258309,16234,0,0.01,73150272,67060,0,0.01731111111111111,8877,0,0,0
2023-05-16 04:54:05.968000+00:00,User2,1258476,16236,0,0.01,73151422,67061,0,0.01658888888888889,8877,0,0,0
2023-05-16 04:54:05.972000+00:00,User2,1258476,16236,0,0.011,73152572,67062,0,0.0166,8878,0,0,0
2023-05-16 04:54:05.976000+00:00,User2,1258476,16236,0,0.009,73152572,67062,0,0.0167,8877,0,0,0
2023-05-16 04:54:05.979000+00:00,User2,1258476,16236,0,0.009,73153722,67063,0,0.017033333333333334,8878,0,0,0
2023-05-16 04:54:05.984000+00:00,User2,1258476,16236,0,0.01,73156024,67065,0,0.01668888888888889,8878,0,0,0
2023-05-16 04:54:06.009000+00:00,User2,1258559,16237,0,0.009,73157183,67066,0,0.01658888888888889,8879,0,0,0
2023-05-16 04:54:06.016000+00:00,User3,1241956,15960,2,0.011,71823707,65736,13,0.017644444444444445,8468,11,0,1
2023-05-16 04:54:06.036000+00:00,User2,1258476,16236,0,0.012,73156024,67065,0,0.017255555555555555,8878,0,0,0
2023-05-16 04:54:06.038000+00:00,User1,1249667,16025,0,0.014,66590274,61117,0,0.02171111111111111,8116,0,0,0
2023-05-16 04:54:06.043000+00:00,User2,1258732,16239,0,0.009,73169872,67077,0,0.017166666666666667,8879,0,0,0
2023-05-16 04:54:06.084000+00:00,User2,1258885,16241,0,0.01,73175429,67082,0,0.016455555555555557,8880,0,0,0
2023-05-16 04:54:06.126000+00:00,User2,1259092,16244,0,0.01,73190617,67096,0,0.017122222222222223,8882,0,0,0
2023-05-16 04:54:06.129000+00:00,User2,1259092,16244,0,0.01,73190617,67096,0,0.016744444444444444,8882,0,0,0
2023-05-16 04:54:08.542000+00:00,User1,1259050,16150,0,0.011,67186618,61663,0,0.014344444444444444,8190,0,0,0
2023-05-16 04:54:08.555000+00:00,User1,1259116,16151,0,0.01,67191480,61668,0,0.013511111111111111,8191,0,0,0
2023-05-16 04:54:08.559000+00:00,User1,1259116,16151,0,0.011,67191480,61668,0,0.013822222222222222,8191,0,0,0
2023-05-16 04:54:08.591000+00:00,User1,1259255,16153,0,0.011,67195488,61672,0,0.013911111111111112,8192,0,0,0
2023-05-16 04:54:08.599000+00:00,User1,1259319,16154,0,0.011,67197494,61674,0,0.0139,8192,0,0,0
2023-05-16 04:54:08.594000+00:00,User1,1259255,16153,0,0.011,67197494,61674,0,0.0142,8192,0,0,0
2023-05-16 04:54:08.615000+00:00,User1,1259319,16154,0,0.011,67197494,61674,0,0.015033333333333333,8192,0,0,0
2023-05-16 04:54:08.611000+00:00,User1,1259319,16154,0,0.011,67197494,61674,0,0.014377777777777778,8193,0,0,0
2023-05-16 04:54:08.620000+00:00,User1,1259388,16155,0,0.01,67195330,61672,2,0.014,8141,10,0,1
2023-05-16 04:54:08.621000+00:00,User1,1259453,16156,0,0.011,67197494,61674,0,0.0145,8193,0,0,0
2023-05-16 04:54:08.659000+00:00,User1,1259453,16156,0,0.012,67201835,61678,0,0.014744444444444444,8194,0,0,0
2023-05-16 04:54:08.743000+00:00,User3,1252249,16097,0,0.009,72484428,66345,0,0.014022222222222222,8661,0,0,0
2023-05-16 04:54:08.746000+00:00,User3,1252336,16098,0,0.009,72486720,66347,0,0.014533333333333334,8661,0,0,0
2023-05-16 04:54:08.754000+00:00,User3,1252336,16098,0,0.009,72489012,66349,0,0.014577777777777778,8661,0,0,0
2023-05-16 04:54:08.757000+00:00,User3,1252336,16098,0,0.01,72489012,66349,0,0.015177777777777778,8661,0,0,0
2023-05-16 04:54:08.765000+00:00,User3,1252336,16098,0,0.009,72489012,66349,0,0.013855555555555555,8661,0,0,0
2023-05-16 04:54:08.760000+00:00,User3,1252336,16098,0,0.009,72489012,66349,0,0.01538888888888889,8661,0,0,0
2023-05-16 04:54:08.775000+00:00,User3,1252336,16098,0,0.009,72489012,66349,0,0.014155555555555555,8662,0,0,0
2023-05-16 04:54:08.772000+00:00,User3,1252410,16099,0,0.009,72489012,66349,0,0.014566666666666667,8662,0,0,0
2023-05-16 04:54:08.780000+00:00,User3,1252410,16099,0,0.01,72490173,66350,0,0.013766666666666667,8662,0,0,0
2023-05-16 04:54:08.801000+00:00,User3,1252410,16099,0,0.01,72492495,66352,0,0.0141,8662,0,0,0
2023-05-16 04:54:08.861000+00:00,User3,1252711,16103,0,0.009,72514599,66372,0,0.014811111111111112,8664,0,0,0
2023-05-16 04:54:08.945000+00:00,User2,1269933,16384,0,0.01,73902116,67747,0,0.01588888888888889,8967,0,0,0
2023-05-16 04:54:08.967000+00:00,User2,1270019,16385,0,0.009,73902116,67747,0,0.015911111111111112,8968,0,0,0
2023-05-16 04:54:08.973000+00:00,User2,1270019,16385,0,0.009,73904398,67749,0,0.016411111111111112,8968,0,0,0
2023-05-16 04:54:08.976000+00:00,User2,1270019,16385,0,0.009,73904398,67749,0,0.016633333333333333,8968,0,0,0
2023-05-16 04:54:08.980000+00:00,User2,1270019,16385,0,0.009,73905539,67750,0,0.016155555555555555,8968,0,0,0
2023-05-16 04:54:08.985000+00:00,User2,1270104,16386,0,0.009,73907821,67752,0,0.0164,8968,0,0,0
2023-05-16 04:54:09.009000+00:00,User2,1270261,16388,0,0.01,73913502,67757,0,0.016144444444444444,8969,0,0,0
2023-05-16 04:54:09.023000+00:00,User2,1270261,16388,0,0.01,73913502,67757,0,0.01658888888888889,8969,0,0,0
2023-05-16 04:54:09.021000+00:00,User3,1253102,16109,2,0.009,72538383,66394,13,0.014677777777777777,8557,11,0,1
2023-05-16 04:54:09.041000+00:00,User2,1270332,16389,0,0.01,73920201,67763,0,0.015811111111111113,8969,0,0,0
2023-05-16 04:54:09.040000+00:00,User1,1261038,16176,0,0.012,67241371,61716,0,0.013077777777777778,8200,0,0,0
2023-05-16 04:54:09.083000+00:00,User2,1270422,16390,0,0.009,73932749,67774,0,0.016444444444444446,8971,0,0,0
2023-05-16 04:54:09.126000+00:00,User2,1270626,16393,0,0.009,73946562,67786,0,0.015844444444444446,8972,0,0,0
2023-05-16 04:54:09.128000+00:00,User2,1270626,16393,0,0.009,73945416,67785,0,0.015688888888888888,8972,0,0,0
2023-05-16 04:54:11.544000+00:00,User1,1270651,16300,0,0.009,67575634,62021,0,0.020888888888888887,8237,0,0,0
2023-05-16 04:54:11.554000+00:00,User1,1270718,16301,0,0.009,67576724,62022,0,0.020522222222222223,8238,0,0,0
2023-05-16 04:54:11.560000+00:00,User1,1270718,16301,0,0.008,67576724,62022,0,0.020455555555555557,8238,0,0,0
2023-05-16 04:54:11.591000+00:00,User1,1270866,16303,0,0.008,67580135,62025,0,0.02121111111111111,8238,0,0,0
2023-05-16 04:54:11.594000+00:00,User1,1270866,16303,0,0.009,67583546,62028,0,0.02097777777777778,8238,0,0,0
2023-05-16 04:54:11.600000+00:00,User1,1270866,16303,0,0.008,67583546,62028,0,0.021011111111111112,8238,0,0,0
2023-05-16 04:54:11.615000+00:00,User1,1270944,16304,0,0.008,67591510,62035,0,0.02131111111111111,8239,0,0,0
2023-05-16 04:54:11.617000+00:00,User1,1271035,16305,0,0.009,67592760,62036,2,0.021044444444444445,8187,10,0,1
2023-05-16 04:54:11.621000+00:00,User1,1271035,16305,0,0.009,67594924,62038,0,0.02118888888888889,8239,0,0,0
2023-05-16 04:54:11.619000+00:00,User1,1271035,16305,0,0.009,67594924,62038,0,0.021033333333333334,8239,0,0,0
2023-05-16 04:54:11.660000+00:00,User1,1271124,16306,0,0.009,67595981,62039,0,0.021955555555555555,8239,0,0,0
2023-05-16 04:54:11.745000+00:00,User3,1263905,16248,0,0.01,73226498,67023,0,0.015677777777777777,8751,0,0,0
2023-05-16 04:54:11.760000+00:00,User3,1263905,16248,0,0.011,73232888,67029,0,0.01578888888888889,8751,0,0,0
2023-05-16 04:54:11.759000+00:00,User3,1263905,16248,0,0.011,73233953,67030,0,0.015688888888888888,8751,0,0,0
2023-05-16 04:54:17.763000+00:00,User3,1287591,16548,0,0.011,74439257,68156,0,0.016177777777777777,8930,0,0,0
2023-05-16 04:54:17.759000+00:00,User3,1287591,16548,0,0.011,74440304,68157,0,0.016455555555555557,8930,0,0,0
2023-05-16 04:54:17.776000+00:00,User3,1287737,16550,0,0.011,74442424,68159,0,0.016866666666666665,8930,0,0,0
2023-05-16 04:54:17.773000+00:00,User3,1287737,16550,0,0.011,74442424,68159,0,0.017044444444444445,8931,0,0,0
2023-05-16 04:54:17.779000+00:00,User3,1287737,16550,0,0.011,74447725,68164,0,0.017177777777777778,8931,0,0,0
2023-05-16 04:54:17.804000+00:00,User3,1287737,16550,0,0.012,74447725,68164,0,0.017666666666666667,8931,0,0,0
2023-05-16 04:54:17.862000+00:00,User3,1287959,16553,0,0.011,74467320,68182,0,0.017366666666666666,8933,0,0,0
2023-05-16 04:54:17.944000+00:00,User2,1304468,16834,0,0.008,76162546,69807,0,0.01608888888888889,9237,0,0,0
2023-05-16 04:54:17.969000+00:00,User2,1304537,16835,0,0.009,76163640,69808,0,0.016522222222222223,9237,0,0,0
2023-05-16 04:54:17.972000+00:00,User2,1304615,16836,0,0.008,76166922,69811,0,0.016566666666666667,9238,0,0,0
2023-05-16 04:54:17.976000+00:00,User2,1304615,16836,0,0.008,76166922,69811,0,0.016422222222222223,9238,0,0,0
2023-05-16 04:54:17.980000+00:00,User2,1304615,16836,0,0.008,76170206,69814,0,0.01668888888888889,9238,0,0,0
2023-05-16 04:54:17.985000+00:00,User2,1304615,16836,0,0.008,76171301,69815,0,0.016777777777777777,9238,0,0,0
2023-05-16 04:54:18.018000+00:00,User2,1304708,16837,0,0.01,76176727,69820,0,0.016366666666666668,9239,0,0,0
2023-05-16 04:54:18.016000+00:00,User2,1304708,16837,0,0.008,76174556,69818,0,0.016433333333333335,9239,0,0,0
2023-05-16 04:54:18.022000+00:00,User3,1288383,16558,2,0.012,74492300,68205,13,0.017,8826,11,0,1
2023-05-16 04:54:18.040000+00:00,User2,1304877,16839,0,0.009,76179995,69823,0,0.016166666666666666,9240,0,0,0
2023-05-16 04:54:18.040000+00:00,User1,1296537,16625,0,0.01,68538269,62891,0,0.026,8334,0,0,0
2023-05-16 04:54:18.084000+00:00,User2,1305023,16841,0,0.009,76189748,69832,0,0.01621111111111111,9241,0,0,0
2023-05-16 04:54:18.126000+00:00,User2,1305258,16844,0,0.009,76205018,69846,0,0.015566666666666666,9242,0,0,0
2023-05-16 04:54:18.132000+00:00,User2,1305258,16844,0,0.01,76205018,69846,0,0.015033333333333333,9242,0,0,0
2023-05-16 04:54:20.545000+00:00,User1,1306353,16752,0,0.008,69239787,63509,0,0.034077777777777776,8372,0,0,0
2023-05-16 04:54:20.556000+00:00,User1,1306353,16752,0,0.009,69239787,63509,0,0.033322222222222225,8372,0,0,0
2023-05-16 04:54:20.562000+00:00,User1,1306353,16752,0,0.009,69239787,63509,0,0.03322222222222222,8373,0,0,0
2023-05-16 04:54:20.591000+00:00,User1,1306438,16753,0,0.01,69246675,63515,0,0.03397777777777778,8373,0,0,0
2023-05-16 04:54:20.593000+00:00,User1,1306519,16754,0,0.008,69253567,63521,0,0.03336666666666667,8373,0,0,0
2023-05-16 04:54:20.747000+00:00,User3,1299150,16697,0,0.014,75196277,68849,0,0.017244444444444444,9020,0,0,0
2023-05-16 04:54:20.762000+00:00,User3,1299321,16699,0,0.013,75199640,68852,0,0.016188888888888888,9020,0,0,0
2023-05-16 04:54:20.758000+00:00,User3,1299321,16699,0,0.014,75200761,68853,0,0.016866666666666665,9020,0,0,0
2023-05-16 04:54:20.759000+00:00,User3,1299321,16699,0,0.013,75200761,68853,0,0.016744444444444444,9020,0,0,0
2023-05-16 04:54:20.761000+00:00,User3,1299321,16699,0,0.013,75200761,68853,0,0.01682222222222222,9020,0,0,0
2023-05-16 04:54:20.775000+00:00,User3,1299321,16699,0,0.013,75204229,68856,0,0.01732222222222222,9021,0,0,0
2023-05-16 04:54:20.772000+00:00,User3,1299321,16699,0,0.013,75204229,68856,0,0.016944444444444446,9021,0,0,0
2023-05-16 04:54:20.779000+00:00,User3,1299321,16699,0,0.013,75207698,68859,0,0.01707777777777778,9021,0,0,0
2023-05-16 04:54:20.804000+00:00,User3,1299321,16699,0,0.014,75207698,68859,0,0.016655555555555555,9021,0,0,0
2023-05-16 04:54:20.862000+00:00,User3,1299728,16704,0,0.014,75221341,68872,0,0.016422222222222223,9023,0,0,0
2023-05-16 04:54:20.944000+00:00,User2,1316482,16984,0,0.013,76597665,70228,0,0.0106,9326,0,0,0
2023-05-16 04:54:20.967000+00:00,User2,1316563,16985,0,0.013,76598726,70229,0,0.011555555555555555,9327,0,0,0
2023-05-16 04:54:20.972000+00:00,User2,1316563,16985,0,0.012,76599750,70230,0,0.010988888888888888,9327,0,0,0
2023-05-16 04:54:20.980000+00:00,User2,1316563,16985,0,0.013,76599750,70230,0,0.010555555555555556,9327,0,0,0
2023-05-16 04:54:20.985000+00:00,User2,1316725,16987,0,0.013,76602823,70233,0,0.011344444444444445,9327,0,0,0
2023-05-16 04:54:20.982000+00:00,User2,1316563,16985,0,0.012,76599750,70230,0,0.010933333333333333,9327,0,0,0
2023-05-16 04:54:21.011000+00:00,User2,1316806,16988,0,0.012,76608512,70238,0,0.011755555555555556,9328,0,0,0
2023-05-16 04:54:21.019000+00:00,User2,1316806,16988,0,0.012,76608512,70238,0,0.0121,9328,0,0,0
2023-05-16 04:54:21.031000+00:00,User3,1300163,16709,2,0.015,75250159,68898,13,0.015655555555555555,8916,11,0,1
2023-05-16 04:54:21.040000+00:00,User2,1316968,16990,0,0.011,76610738,70240,0,0.011322222222222221,9328,0,0,0
2023-05-16 04:54:21.039000+00:00,User1,1308118,16776,0,0.01,69345057,63603,0,0.0305,8379,0,0,0
2023-05-16 04:54:21.087000+00:00,User2,1317130,16992,0,0.013,76622337,70251,0,0.01071111111111111,9329,0,0,0
2023-05-16 04:54:21.127000+00:00,User2,1317211,16993,0,0.012,76632412,70260,0,0.010777777777777778,9331,0,0,0
2023-05-16 04:54:21.130000+00:00,User2,1317211,16993,0,0.013,76632412,70260,0,0.010622222222222222,9331,0,0,0
2023-05-16 04:54:23.545000+00:00,User1,1317615,16901,0,0.012,69864557,64065,0,0.029666666666666668,8417,0,0,0
2023-05-16 04:54:23.555000+00:00,User1,1317681,16902,0,0.011,69868027,64068,0,0.029555555555555557,8417,0,0,0
2023-05-16 04:54:23.564000+00:00,User1,1317681,16902,0,0.011,69872655,64072,0,0.02898888888888889,8417,0,0,0
2023-05-16 04:54:23.593000+00:00,User1,1317747,16903,0,0.012,69879548,64078,0,0.030577777777777777,8417,0,0,0
2023-05-16 04:54:23.594000+00:00,User1,1317747,16903,0,0.012,69881764,64080,0,0.03161111111111111,8418,0,0,0
2023-05-16 04:54:23.600000+00:00,User1,1317747,16903,0,0.011,69885088,64083,0,0.03138888888888889,8418,0,0,0
2023-05-16 04:54:23.616000+00:00,User1,1317818,16904,0,0.012,69889524,64087,0,0.032266666666666666,8418,0,0,0
2023-05-16 04:54:23.612000+00:00,User1,1317818,16904,0,0.012,69890633,64088,0,0.031455555555555556,8418,0,0,0
2023-05-16 04:54:23.619000+00:00,User1,1317818,16904,0,0.011,69888469,64086,2,0.03123333333333333,8366,10,0,1
2023-05-16 04:54:23.621000+00:00,User1,1317818,16904,0,0.011,69890633,64088,0,0.031044444444444444,8418,0,0,0
2023-05-16 04:54:23.668000+00:00,User1,1318025,16907,0,0.013,69894989,64092,0,0.030088888888888887,8418,0,0,0
2023-05-16 04:54:23.747000+00:00,User3,1310731,16847,0,0.015,75941247,69531,0,0.016555555555555556,9110,0,0,0
2023-05-16 04:54:23.751000+00:00,User3,1310731,16847,0,0.014,75941247,69531,0,0.0167,9110,0,0,0
2023-05-16 04:54:23.756000+00:00,User3,1310731,16847,0,0.014,75946922,69536,0,0.015466666666666667,9110,0,0,0
2023-05-16 04:54:23.759000+00:00,User3,1310731,16847,0,0.013,75946922,69536,0,0.016044444444444445,9110,0,0,0
2023-05-16 04:54:23.767000+00:00,User3,1310731,16847,0,0.013,75943517,69533,0,0.015911111111111112,9110,0,0,0
2023-05-16 04:54:23.762000+00:00,User3,1310731,16847,0,0.014,75946922,69536,0,0.015455555555555556,9110,0,0,0
2023-05-16 04:54:23.776000+00:00,User3,1310793,16848,0,0.012,75957143,69545,0,0.01578888888888889,9111,0,0,0
2023-05-16 04:54:23.772000+00:00,User3,1310793,16848,0,0.013,75958292,69546,0,0.01658888888888889,9111,0,0,0
2023-05-16 04:54:23.780000+00:00,User3,1310857,16849,0,0.012,75961742,69549,0,0.0176,9111,0,0,0
2023-05-16 04:54:23.805000+00:00,User3,1310924,16850,0,0.012,75964042,69551,0,0.016544444444444445,9111,0,0,0
2023-05-16 04:54:23.862000+00:00,User3,1311139,16853,0,0.012,75978199,69564,0,0.015555555555555555,9113,0,0,0
2023-05-16 04:54:23.946000+00:00,User2,1328162,17134,0,0.009,77387054,70947,0,0.019255555555555557,9416,0,0,0
2023-05-16 04:54:23.968000+00:00,User2,1328320,17136,0,0.011,77389237,70949,0,0.0183,9417,0,0,0
2023-05-16 04:54:23.973000+00:00,User2,1328320,17136,0,0.011,77391437,70951,0,0.018366666666666667,9417,0,0,0
2023-05-16 04:54:23.979000+00:00,User2,1328320,17136,0,0.011,77391437,70951,0,0.018833333333333334,9417,0,0,0
2023-05-16 04:54:23.984000+00:00,User2,1328320,17136,0,0.011,77389237,70949,0,0.017888888888888888,9417,0,0,0
2023-05-16 04:54:23.986000+00:00,User2,1328320,17136,0,0.011,77396940,70956,0,0.017877777777777777,9417,0,0,0
2023-05-16 04:54:24.018000+00:00,User2,1328465,17138,0,0.01,77400413,70959,0,0.01838888888888889,9418,0,0,0
2023-05-16 04:54:24.011000+00:00,User2,1328465,17138,0,0.011,77400413,70959,0,0.018555555555555554,9418,0,0,0
2023-05-16 04:54:24.026000+00:00,User3,1311520,16859,2,0.011,75999837,69584,13,0.015355555555555556,9006,11,0,1
2023-05-16 04:54:24.042000+00:00,User2,1328465,17138,0,0.01,77404984,70963,0,0.0186,9419,0,0,0
2023-05-16 04:54:24.040000+00:00,User1,1319301,16926,0,0.011,69977441,64165,0,0.028666666666666667,8424,0,0,0
2023-05-16 04:54:24.084000+00:00,User2,1328680,17141,0,0.01,77415850,70973,0,0.01682222222222222,9420,0,0,0
2023-05-16 04:54:24.127000+00:00,User2,1328903,17144,0,0.01,77428616,70985,0,0.01767777777777778,9421,0,0,0
2023-05-16 04:54:24.132000+00:00,User2,1328903,17144,0,0.01,77428616,70985,0,0.016866666666666665,9421,0,0,0
2023-05-16 04:54:26.545000+00:00,User1,1328997,17051,0,0.01,70523966,64651,0,0.0292,8462,0,0,0
2023-05-16 04:54:26.555000+00:00,User1,1329101,17052,0,0.01,70528518,64655,0,0.03,8462,0,0,0
2023-05-16 04:54:26.562000+00:00,User1,1329101,17052,0,0.009,70530800,64657,0,0.029177777777777778,8462,0,0,0
2023-05-16 04:54:26.591000+00:00,User1,1329195,17053,0,0.009,70536509,64662,0,0.029866666666666666,8462,0,0,0
2023-05-16 04:54:26.593000+00:00,User1,1329195,17053,0,0.009,70536509,64662,0,0.029733333333333334,8463,0,0,0
2023-05-16 04:54:26.600000+00:00,User1,1329282,17054,0,0.008,70536509,64662,0,0.029566666666666668,8463,0,0,0
2023-05-16 04:54:26.616000+00:00,User1,1329361,17055,0,0.009,70536509,64662,0,0.0292,8463,0,0,0
2023-05-16 04:54:26.612000+00:00,User1,1329361,17055,0,0.009,70536509,64662,0,0.02951111111111111,8463,0,0,0
2023-05-16 04:54:26.619000+00:00,User1,1329361,17055,0,0.009,70534345,64660,2,0.02992222222222222,8411,10,0,1
2023-05-16 04:54:26.621000+00:00,User1,1329361,17055,0,0.009,70536509,64662,0,0.029655555555555557,8463,0,0,0
2023-05-16 04:54:26.662000+00:00,User1,1329531,17057,0,0.011,70537625,64663,0,0.0292,8464,0,0,0
2023-05-16 04:54:26.748000+00:00,User3,1322229,16998,0,0.012,76695921,70228,0,0.015066666666666667,9200,0,0,0
2023-05-16 04:54:26.748000+00:00,User3,1322229,16998,0,0.011,76699161,70231,0,0.015111111111111112,9200,0,0,0
2023-05-16 04:54:26.758000+00:00,User3,1322229,16998,0,0.011,76702401,70234,0,0.014833333333333334,9200,0,0,0
2023-05-16 04:54:26.765000+00:00,User3,1322229,16998,0,0.012,76702401,70234,0,0.015166666666666667,9200,0,0,0
2023-05-16 04:54:26.760000+00:00,User3,1322229,16998,0,0.011,76702401,70234,0,0.015422222222222223,9200,0,0,0
2023-05-16 04:54:26.761000+00:00,User3,1322229,16998,0,0.011,76702401,70234,0,0.015288888888888888,9200,0,0,0
2023-05-16 04:54:26.772000+00:00,User3,1322229,16998,0,0.011,76703548,70235,0,0.015366666666666667,9201,0,0,0
2023-05-16 04:54:26.779000+00:00,User3,1322229,16998,0,0.011,76703548,70235,0,0.015111111111111112,9201,0,0,0
2023-05-16 04:54:26.781000+00:00,User3,1322366,17000,0,0.013,76706991,70238,0,0.015233333333333333,9201,0,0,0
2023-05-16 04:54:26.803000+00:00,User3,1322366,17000,0,0.014,76710435,70241,0,0.0149,9201,0,0,0
2023-05-16 04:54:26.862000+00:00,User3,1322508,17002,0,0.012,76725727,70255,0,0.014733333333333333,9203,0,0,0
2023-05-16 04:54:26.946000+00:00,User2,1339740,17284,0,0.013,78120208,71615,0,0.017022222222222223,9506,0,0,0
2023-05-16 04:54:26.969000+00:00,User2,1339893,17286,0,0.014,78121282,71616,0,0.016855555555555554,9507,0,0,0
2023-05-16 04:54:26.973000+00:00,User2,1339893,17286,0,0.013,78123430,71618,0,0.01732222222222222,9507,0,0,0
2023-05-16 04:54:26.976000+00:00,User2,1339893,17286,0,0.012,78123430,71618,0,0.015911111111111112,9507,0,0,0
2023-05-16 04:54:26.979000+00:00,User2,1339893,17286,0,0.013,78123430,71618,0,0.0165,9507,0,0,0
2023-05-16 04:54:26.985000+00:00,User2,1339893,17286,0,0.012,78126652,71621,0,0.016855555555555554,9507,0,0,0
2023-05-16 04:54:27.019000+00:00,User2,1339972,17287,0,0.013,78134393,71628,0,0.016044444444444445,9507,0,0,0
2023-05-16 04:54:27.011000+00:00,User2,1339972,17287,0,0.013,78137834,71631,0,0.01647777777777778,9508,0,0,0
2023-05-16 04:54:27.025000+00:00,User3,1323109,17009,2,0.011,76753974,70282,13,0.015511111111111111,9096,11,0,1
2023-05-16 04:54:27.041000+00:00,User2,1340117,17289,0,0.013,78140088,71633,0,0.016788888888888888,9508,0,0,0
2023-05-16 04:54:27.039000+00:00,User1,1331010,17076,0,0.01,70629689,64744,0,0.02771111111111111,8469,0,0,0
2023-05-16 04:54:27.084000+00:00,User2,1340368,17292,0,0.011,78151167,71643,0,0.01758888888888889,9510,0,0,0
2023-05-16 04:54:27.128000+00:00,User2,1340544,17294,0,0.013,78163976,71655,0,0.016077777777777778,9511,0,0,0
2023-05-16 04:54:27.134000+00:00,User2,1340544,17294,0,0.013,78165108,71656,0,0.016433333333333335,9511,0,0,0
2023-05-16 04:54:29.546000+00:00,User1,1340784,17201,0,0.009,71172989,65228,0,0.02907777777777778,8507,0,0,0
2023-05-16 04:54:29.556000+00:00,User1,1340860,17202,0,0.008,71172989,65228,0,0.02921111111111111,8507,0,0,0
2023-05-16 04:54:29.562000+00:00,User1,1340860,17202,0,0.008,71172989,65228,0,0.029011111111111113,8508,0,0,0
2023-05-16 04:54:29.590000+00:00,User1,1340937,17203,0,0.009,71175239,65230,0,0.029666666666666668,8508,0,0,0
2023-05-16 04:54:29.601000+00:00,User1,1340937,17203,0,0.009,71185364,65239,0,0.0298,8508,0,0,0
2023-05-16 04:54:29.598000+00:00,User1,1340937,17203,0,0.009,71181989,65236,0,0.03001111111111111,8508,0,0,0
2023-05-16 04:54:29.616000+00:00,User1,1341070,17205,0,0.009,71189866,65243,0,0.0293,8508,0,0,0
2023-05-16 04:54:29.613000+00:00,User1,1341070,17205,0,0.009,71190992,65244,0,0.029222222222222222,8508,0,0,0
2023-05-16 04:54:29.618000+00:00,User1,1341070,17205,0,0.008,71189989,65243,2,0.02981111111111111,8456,10,0,1
2023-05-16 04:54:29.622000+00:00,User1,1341070,17205,0,0.008,71194475,65247,0,0.02942222222222222,8508,0,0,0
2023-05-16 04:54:29.664000+00:00,User1,1341215,17207,0,0.008,71200285,65252,0,0.030744444444444446,8508,0,0,0
2023-05-16 04:54:29.748000+00:00,User3,1333956,17147,0,0.01,77457681,70923,0,0.015666666666666666,9290,0,0,0
2023-05-16 04:54:29.748000+00:00,User3,1333956,17147,0,0.01,77457681,70923,0,0.016055555555555556,9290,0,0,0
2023-05-16 04:54:29.761000+00:00,User3,1333956,17147,0,0.01,77458822,70924,0,0.01578888888888889,9290,0,0,0
2023-05-16 04:54:29.758000+00:00,User3,1334120,17149,0,0.011,77458822,70924,0,0.015811111111111113,9290,0,0,0
2023-05-16 04:54:29.762000+00:00,User3,1334120,17149,0,0.01,77458822,70924,0,0.01647777777777778,9291,0,0,0
2023-05-16 04:54:29.761000+00:00,User3,1334120,17149,0,0.01,77458822,70924,0,0.015844444444444446,9291,0,0,0
2023-05-16 04:54:29.776000+00:00,User3,1334120,17149,0,0.01,77459910,70925,0,0.016255555555555554,9291,0,0,0
2023-05-16 04:54:29.773000+00:00,User3,1334120,17149,0,0.011,77459910,70925,0,0.016633333333333333,9291,0,0,0
2023-05-16 04:54:29.780000+00:00,User3,1334120,17149,0,0.009,77465352,70930,0,0.0161,9291,0,0,0
2023-05-16 04:54:29.805000+00:00,User3,1334203,17150,0,0.01,77466441,70931,0,0.015744444444444443,9292,0,0,0
2023-05-16 04:54:29.862000+00:00,User3,1334527,17154,0,0.012,77481713,70945,0,0.01682222222222222,9293,0,0,0
2023-05-16 04:54:29.946000+00:00,User2,1351020,17435,0,0.011,78870459,72303,0,0.01681111111111111,9596,0,0,0
2023-05-16 04:54:29.968000+00:00,User2,1351108,17436,0,0.012,78873869,72306,0,0.017055555555555556,9597,0,0,0
2023-05-16 04:54:29.974000+00:00,User2,1351108,17436,0,0.012,78873869,72306,0,0.01711111111111111,9597,0,0,0
2023-05-16 04:54:29.976000+00:00,User2,1351108,17436,0,0.012,78873869,72306,0,0.017222222222222222,9596,0,0,0
2023-05-16 04:54:29.980000+00:00,User2,1351108,17436,0,0.012,78874998,72307,0,0.016244444444444443,9597,0,0,0
2023-05-16 04:54:29.985000+00:00,User2,1351189,17437,0,0.012,78878385,72310,0,0.01691111111111111,9597,0,0,0
2023-05-16 04:54:30.011000+00:00,User2,1351189,17437,0,0.011,78888297,72319,0,0.017122222222222223,9598,0,0,0
2023-05-16 04:54:30.026000+00:00,User3,1334994,17160,2,0.013,77507727,70968,13,0.016566666666666667,9186,11,0,1
2023-05-16 04:54:30.030000+00:00,User2,1351189,17437,0,0.011,78887209,72318,0,0.017777777777777778,9597,0,0,0
2023-05-16 04:54:30.041000+00:00,User1,1342664,17225,0,0.01,71273755,65317,0,0.02868888888888889,8515,0,0,0
2023-05-16 04:54:30.042000+00:00,User2,1351436,17440,0,0.011,78896075,72326,0,0.01708888888888889,9598,0,0,0
2023-05-16 04:54:30.114000+00:00,User2,1351509,17441,0,0.012,78898269,72328,0,0.016677777777777777,9600,0,0,0
2023-05-16 04:54:30.131000+00:00,User2,1351663,17443,0,0.01,78914944,72343,0,0.017222222222222222,9601,0,0,0
2023-05-16 04:54:30.138000+00:00,User2,1351835,17445,0,0.01,78914944,72343,0,0.01691111111111111,9601,0,0,0
2023-05-16 04:54:32.545000+00:00,User1,1352709,17351,0,0.009,71474749,65506,0,0.012944444444444444,8551,0,0,0
2023-05-16 04:54:32.557000+00:00,User1,1352790,17352,0,0.009,71474749,65506,0,0.012733333333333333,8551,0,0,0
2023-05-16 04:54:32.562000+00:00,User1,1352790,17352,0,0.008,71474749,65506,0,0.012877777777777778,8551,0,0,0
2023-05-16 04:54:32.591000+00:00,User1,1352871,17353,0,0.009,71482285,65513,0,0.012722222222222222,8551,0,0,0
2023-05-16 04:54:32.594000+00:00,User1,1353033,17355,0,0.009,71482285,65513,0,0.013,8551,0,0,0
2023-05-16 04:54:32.600000+00:00,User1,1353033,17355,0,0.009,71482285,65513,0,0.013222222222222222,8551,0,0,0
2023-05-16 04:54:32.616000+00:00,User1,1353033,17355,0,0.009,71483453,65514,0,0.014477777777777777,8552,0,0,0
2023-05-16 04:54:32.615000+00:00,User1,1353033,17355,0,0.009,71485789,65516,0,0.014444444444444444,8552,0,0,0
2023-05-16 04:54:32.618000+00:00,User1,1353033,17355,0,0.009,71483625,65514,2,0.013588888888888888,8500,10,0,1
2023-05-16 04:54:32.624000+00:00,User1,1353033,17355,0,0.009,71489294,65519,0,0.013466666666666667,8552,0,0,0
2023-05-16 04:54:32.663000+00:00,User1,1353199,17357,0,0.009,71489294,65519,0,0.015133333333333334,8552,0,0,0
2023-05-16 04:54:32.747000+00:00,User3,1346062,17298,0,0.011,77893545,71347,0,0.009177777777777778,9379,0,0,0
2023-05-16 04:54:32.748000+00:00,User3,1346062,17298,0,0.011,77893545,71347,0,0.0091,9379,0,0,0
2023-05-16 04:54:32.761000+00:00,User3,1346062,17298,0,0.011,77896989,71350,0,0.00931111111111111,9379,0,0,0
2023-05-16 04:54:32.757000+00:00,User3,1346062,17298,0,0.011,77896989,71350,0,0.008722222222222221,9379,0,0,0
2023-05-16 04:54:32.762000+00:00,User3,1346062,17298,0,0.011,77896989,71350,0,0.009322222222222223,9379,0,0,0
2023-05-16 04:54:32.763000+00:00,User3,1346062,17298,0,0.01,77896989,71350,0,0.0098,9379,0,0,0
2023-05-16 04:54:32.772000+00:00,User3,1346143,17299,0,0.011,77898149,71351,0,0.009266666666666666,9380,0,0,0
2023-05-16 04:54:32.782000+00:00,User3,1346143,17299,0,0.011,77898149,71351,0,0.009422222222222222,9380,0,0,0
2023-05-16 04:54:32.788000+00:00,User3,1346143,17299,0,0.01,77901629,71354,0,0.008822222222222223,9380,0,0,0
2023-05-16 04:54:32.807000+00:00,User3,1346224,17300,0,0.011,77902789,71355,0,0.009711111111111111,9380,0,0,0
2023-05-16 04:54:32.866000+00:00,User3,1346467,17303,0,0.011,77915582,71367,0,0.008744444444444445,9382,0,0,0
2023-05-16 04:54:32.946000+00:00,User2,1362627,17585,0,0.013,79626853,72997,0,0.01711111111111111,9686,0,0,0
2023-05-16 04:54:32.977000+00:00,User2,1362627,17585,0,0.013,79627936,72998,0,0.016444444444444446,9687,0,0,0
2023-05-16 04:54:32.972000+00:00,User2,1362627,17585,0,0.013,79626853,72997,0,0.017244444444444444,9686,0,0,0
2023-05-16 04:54:32.975000+00:00,User2,1362627,17585,0,0.013,79627936,72998,0,0.016444444444444446,9687,0,0,0
2023-05-16 04:54:32.980000+00:00,User2,1362627,17585,0,0.013,79627936,72998,0,0.01631111111111111,9687,0,0,0
2023-05-16 04:54:32.986000+00:00,User2,1362782,17587,0,0.014,79630102,73000,0,0.01621111111111111,9687,0,0,0
2023-05-16 04:54:33.012000+00:00,User2,1362854,17588,0,0.013,79638950,73008,0,0.01718888888888889,9688,0,0,0
2023-05-16 04:54:33.022000+00:00,User2,1362854,17588,0,0.013,79638950,73008,0,0.016866666666666665,9687,0,0,0
2023-05-16 04:54:33.026000+00:00,User3,1346954,17309,2,0.009,77936659,71386,13,0.01078888888888889,9275,11,0,1
2023-05-16 04:54:33.042000+00:00,User1,1354734,17376,0,0.011,71551630,65575,0,0.015922222222222223,8558,0,0,0
2023-05-16 04:54:33.044000+00:00,User2,1362922,17589,0,0.012,79647681,73016,0,0.01742222222222222,9689,0,0,0
2023-05-16 04:54:33.095000+00:00,User2,1363180,17592,0,0.013,79658830,73026,0,0.017377777777777777,9690,0,0,0
2023-05-16 04:54:33.132000+00:00,User2,1363461,17595,0,0.012,79669559,73036,0,0.01707777777777778,9691,0,0,0
2023-05-16 04:54:33.138000+00:00,User2,1363367,17594,0,0.011,79669559,73036,0,0.017044444444444445,9691,0,0,0
2023-05-16 04:54:35.545000+00:00,User1,1364668,17501,0,0.012,72117223,66076,0,0.031077777777777777,8596,0,0,0
2023-05-16 04:54:35.557000+00:00,User1,1364740,17502,0,0.012,72123979,66082,0,0.030377777777777778,8596,0,0,0
2023-05-16 04:54:35.563000+00:00,User1,1364740,17502,0,0.012,72127453,66085,0,0.031344444444444446,8596,0,0,0
2023-05-16 04:54:35.591000+00:00,User1,1364808,17503,0,0.012,72140191,66096,0,0.030711111111111113,8596,0,0,0
2023-05-16 04:54:35.595000+00:00,User1,1364808,17503,0,0.012,72143666,66099,0,0.030444444444444444,8596,0,0,0
2023-05-16 04:54:35.601000+00:00,User1,1364957,17505,0,0.012,72143666,66099,0,0.031077777777777777,8597,0,0,0
2023-05-16 04:54:35.618000+00:00,User1,1364957,17505,0,0.011,72143666,66099,0,0.03122222222222222,8597,0,0,0
2023-05-16 04:54:35.615000+00:00,User1,1364957,17505,0,0.012,72143666,66099,0,0.03188888888888889,8597,0,0,0
2023-05-16 04:54:35.619000+00:00,User1,1364957,17505,0,0.012,72141502,66097,2,0.03123333333333333,8545,10,0,1
2023-05-16 04:54:35.621000+00:00,User1,1364957,17505,0,0.012,72143666,66099,0,0.03061111111111111,8597,0,0,0
2023-05-16 04:54:35.665000+00:00,User1,1365112,17507,0,0.014,72143666,66099,0,0.030966666666666667,8598,0,0,0
2023-05-16 04:54:35.749000+00:00,User3,1357813,17448,0,0.009,78684031,72066,0,0.017866666666666666,9469,0,0,0
2023-05-16 04:54:35.747000+00:00,User3,1357813,17448,0,0.01,78684031,72066,0,0.017255555555555555,9469,0,0,0
2023-05-16 04:54:35.758000+00:00,User3,1357813,17448,0,0.009,78687400,72069,0,0.017844444444444444,9469,0,0,0
2023-05-16 04:54:35.761000+00:00,User3,1357813,17448,0,0.009,78687400,72069,0,0.0186,9469,0,0,0
2023-05-16 04:54:35.761000+00:00,User3,1357813,17448,0,0.009,78687400,72069,0,0.017755555555555556,9469,0,0,0
2023-05-16 04:54:35.765000+00:00,User3,1357813,17448,0,0.008,78687400,72069,0,0.0183,9470,0,0,0
2023-05-16 04:54:35.772000+00:00,User3,1357901,17449,0,0.01,78688383,72070,0,0.017244444444444444,9470,0,0,0
2023-05-16 04:54:35.779000+00:00,User3,1357901,17449,0,0.009,78688383,72070,0,0.017333333333333333,9470,0,0,0
2023-05-16 04:54:35.786000+00:00,User3,1357988,17450,0,0.008,78693303,72075,0,0.01681111111111111,9470,0,0,0
2023-05-16 04:54:35.806000+00:00,User3,1357988,17450,0,0.008,78693303,72075,0,0.018111111111111113,9471,0,0,0
2023-05-16 04:54:35.865000+00:00,User3,1358211,17453,0,0.009,78708619,72089,0,0.016644444444444444,9472,0,0,0
2023-05-16 04:54:35.946000+00:00,User2,1374285,17735,0,0.012,80308052,73623,0,0.010633333333333333,9776,0,0,0
2023-05-16 04:54:35.969000+00:00,User2,1374346,17736,0,0.012,80309934,73625,0,0.010277777777777778,9776,0,0,0
2023-05-16 04:54:35.975000+00:00,User2,1374346,17736,0,0.012,80310876,73626,0,0.010266666666666667,9777,0,0,0
2023-05-16 04:54:35.978000+00:00,User2,1374346,17736,0,0.012,80310876,73626,0,0.010044444444444444,9777,0,0,0
2023-05-16 04:54:35.980000+00:00,User2,1374346,17736,0,0.011,80310876,73626,0,0.010355555555555555,9777,0,0,0
2023-05-16 04:54:35.985000+00:00,User2,1374346,17736,0,0.013,80310876,73626,0,0.0102,9777,0,0,0
2023-05-16 04:54:36.012000+00:00,User2,1374481,17738,0,0.012,80313870,73629,0,0.009722222222222222,9778,0,0,0
2023-05-16 04:54:36.021000+00:00,User2,1374481,17738,0,0.012,80313870,73629,0,0.010455555555555555,9778,0,0,0
2023-05-16 04:54:36.027000+00:00,User3,1358632,17459,2,0.01,78736242,72114,13,0.016411111111111112,9365,11,0,1
2023-05-16 04:54:36.042000+00:00,User2,1374617,17740,0,0.011,80316743,73632,0,0.010355555555555555,9779,0,0,0
2023-05-16 04:54:36.042000+00:00,User1,1366481,17525,0,0.012,72258304,66200,0,0.033555555555555554,8603,0,0,0
2023-05-16 04:54:36.096000+00:00,User2,1374699,17741,0,0.011,80319617,73635,0,0.009677777777777778,9780,0,0,0
2023-05-16 04:54:36.132000+00:00,User2,1374875,17743,0,0.011,80322640,73638,0,0.008977777777777777,9781,0,0,0
2023-05-16 04:54:36.137000+00:00,User2,1374875,17743,0,0.011,80325837,73641,0,0.009044444444444445,9781,0,0,0
2023-05-16 04:54:38.545000+00:00,User1,1376284,17651,0,0.014,72859536,66734,0,0.02797777777777778,8641,0,0,0
2023-05-16 04:54:38.557000+00:00,User1,1376352,17652,0,0.013,72859536,66734,0,0.02818888888888889,8641,0,0,0
2023-05-16 04:54:38.563000+00:00,User1,1376352,17652,0,0.013,72859536,66734,0,0.028277777777777777,8641,0,0,0
2023-05-16 04:54:38.592000+00:00,User1,1376426,17653,0,0.012,72860609,66735,0,0.027155555555555554,8641,0,0,0
2023-05-16 04:54:38.600000+00:00,User1,1376426,17653,0,0.012,72865974,66740,0,0.0276,8642,0,0,0
2023-05-16 04:54:38.599000+00:00,User1,1376426,17653,0,0.013,72865974,66740,0,0.02821111111111111,8641,0,0,0
2023-05-16 04:54:38.617000+00:00,User1,1376426,17653,0,0.012,72869193,66743,0,0.027133333333333332,8642,0,0,0
2023-05-16 04:54:38.614000+00:00,User1,1376426,17653,0,0.013,72872415,66746,0,0.027311111111111112,8642,0,0,0
2023-05-16 04:54:38.619000+00:00,User1,1376426,17653,0,0.012,72870251,66744,2,0.02758888888888889,8590,10,0,1
2023-05-16 04:54:38.623000+00:00,User1,1376426,17653,0,0.013,72872415,66746,0,0.027922222222222223,8642,0,0,0
2023-05-16 04:54:38.665000+00:00,User1,1376718,17657,0,0.014,72884179,66757,0,0.028377777777777776,8642,0,0,0
2023-05-16 04:54:38.748000+00:00,User3,1369358,17597,0,0.012,79410052,72732,0,0.016188888888888888,9559,0,0,0
2023-05-16 04:54:38.752000+00:00,User3,1369358,17597,0,0.012,79409007,72731,0,0.016044444444444445,9559,0,0,0
2023-05-16 04:54:38.758000+00:00,User3,1369358,17597,0,0.012,79415277,72737,0,0.016077777777777778,9560,0,0,0
2023-05-16 04:54:38.762000+00:00,User3,1369419,17598,0,0.012,79417367,72739,0,0.016166666666666666,9560,0,0,0
2023-05-16 04:54:38.767000+00:00,User3,1369358,17597,0,0.012,79415277,72737,0,0.015955555555555556,9559,0,0,0
2023-05-16 04:54:38.766000+00:00,User3,1369419,17598,0,0.012,79417367,72739,0,0.0166,9560,0,0,0
2023-05-16 04:54:38.772000+00:00,User3,1369419,17598,0,0.013,79418509,72740,0,0.015866666666666668,9560,0,0,0
2023-05-16 04:54:38.786000+00:00,User3,1369419,17598,0,0.012,79418509,72740,0,0.0163,9560,0,0,0
2023-05-16 04:54:38.790000+00:00,User3,1369556,17600,0,0.013,79425362,72746,0,0.016777777777777777,9560,0,0,0
2023-05-16 04:54:38.816000+00:00,User3,1369556,17600,0,0.012,79425362,72746,0,0.016833333333333332,9560,0,0,0
2023-05-16 04:54:38.867000+00:00,User3,1369774,17603,0,0.011,79444017,72763,0,0.016133333333333333,9563,0,0,0
2023-05-16 04:54:38.947000+00:00,User2,1386430,17885,0,0.01,80817204,74105,0,0.016511111111111112,9865,0,0,0
2023-05-16 04:54:38.968000+00:00,User2,1386430,17885,0,0.009,80828232,74115,0,0.01633333333333333,9866,0,0,0
2023-05-16 04:54:38.975000+00:00,User2,1386507,17886,0,0.009,80831319,74118,0,0.0156,9866,0,0,0
2023-05-16 04:54:38.979000+00:00,User2,1386507,17886,0,0.009,80832349,74119,0,0.01577777777777778,9866,0,0,0
2023-05-16 04:54:38.985000+00:00,User2,1386507,17886,0,0.01,80831319,74118,0,0.016188888888888888,9866,0,0,0
2023-05-16 04:54:38.985000+00:00,User2,1386507,17886,0,0.01,80832349,74119,0,0.01633333333333333,9866,0,0,0
2023-05-16 04:54:39.012000+00:00,User2,1386646,17888,0,0.01,80838194,74124,0,0.015666666666666666,9867,0,0,0
2023-05-16 04:54:39.021000+00:00,User2,1386646,17888,0,0.009,80838194,74124,0,0.015155555555555556,9867,0,0,0
2023-05-16 04:54:39.030000+00:00,User3,1370209,17609,2,0.012,79474495,72791,13,0.01758888888888889,9455,11,0,1
2023-05-16 04:54:39.043000+00:00,User2,1386724,17889,0,0.01,80842863,74128,0,0.0152,9867,0,0,0
2023-05-16 04:54:39.042000+00:00,User1,1378209,17676,0,0.012,72955761,66821,0,0.02822222222222222,8649,0,0,0
2023-05-16 04:54:39.100000+00:00,User2,1386887,17891,0,0.009,80859453,74143,0,0.016466666666666668,9869,0,0,0
2023-05-16 04:54:39.132000+00:00,User2,1387141,17894,0,0.009,80871804,74154,0,0.015555555555555555,9870,0,0,0
2023-05-16 04:54:39.137000+00:00,User2,1387141,17894,0,0.009,80872855,74155,0,0.0163,9870,0,0,0
2023-05-16 04:54:41.545000+00:00,User1,1387384,17801,0,0.012,73521916,67321,0,0.03087777777777778,8686,0,0,0
2023-05-16 04:54:41.556000+00:00,User1,1387466,17802,0,0.012,73521916,67321,0,0.031077777777777777,8686,0,0,0
2023-05-16 04:54:41.563000+00:00,User1,1387466,17802,0,0.012,73521916,67321,0,0.03128888888888889,8686,0,0,0
2023-05-16 04:54:41.592000+00:00,User1,1387646,17804,0,0.011,73526308,67325,0,0.03062222222222222,8686,0,0,0
2023-05-16 04:54:41.598000+00:00,User1,1387646,17804,0,0.011,73529602,67328,0,0.030577777777777777,8686,0,0,0
2023-05-16 04:54:41.601000+00:00,User1,1387646,17804,0,0.012,73532897,67331,0,0.030055555555555554,8687,0,0,0
2023-05-16 04:54:41.616000+00:00,User1,1387646,17804,0,0.011,73535095,67333,0,0.030333333333333334,8687,0,0,0
2023-05-16 04:54:41.615000+00:00,User1,1387646,17804,0,0.011,73535095,67333,0,0.030444444444444444,8687,0,0,0
2023-05-16 04:54:41.621000+00:00,User1,1387646,17804,0,0.011,73532931,67331,2,0.029733333333333334,8635,10,0,1
2023-05-16 04:54:41.622000+00:00,User1,1387646,17804,0,0.011,73535095,67333,0,0.0304,8687,0,0,0
2023-05-16 04:54:41.665000+00:00,User1,1387889,17807,0,0.011,73545282,67342,0,0.030155555555555557,8687,0,0,0
2023-05-16 04:54:41.752000+00:00,User3,1380436,17747,0,0.011,80166438,73425,0,0.016133333333333333,9649,0,0,0
2023-05-16 04:54:41.748000+00:00,User3,1380436,17747,0,0.011,80166438,73425,0,0.016055555555555556,9649,0,0,0
2023-05-16 04:54:41.762000+00:00,User3,1380436,17747,0,0.011,80168548,73427,0,0.01622222222222222,9649,0,0,0
2023-05-16 04:54:41.758000+00:00,User3,1380436,17747,0,0.011,80168548,73427,0,0.015122222222222223,9649,0,0,0
2023-05-16 04:54:41.762000+00:00,User3,1380611,17749,0,0.012,80168548,73427,0,0.0161,9650,0,0,0
2023-05-16 04:54:41.769000+00:00,User3,1380611,17749,0,0.012,80168548,73427,0,0.01588888888888889,9650,0,0,0
2023-05-16 04:54:41.772000+00:00,User3,1380611,17749,0,0.013,80172720,73431,0,0.015822222222222224,9650,0,0,0
2023-05-16 04:54:41.779000+00:00,User3,1380611,17749,0,0.012,80172720,73431,0,0.01647777777777778,9650,0,0,0
2023-05-16 04:54:41.787000+00:00,User3,1380611,17749,0,0.012,80176892,73435,0,0.01598888888888889,9650,0,0,0
2023-05-16 04:54:41.809000+00:00,User3,1380687,17750,0,0.012,80176892,73435,0,0.015822222222222224,9651,0,0,0
2023-05-16 04:54:41.866000+00:00,User3,1380979,17754,0,0.012,80193114,73450,0,0.015811111111111113,9652,0,0,0
2023-05-16 04:54:41.947000+00:00,User2,1398061,18034,0,0.008,81604500,74829,0,0.017466666666666665,9955,0,0,0
2023-05-16 04:54:41.969000+00:00,User2,1398235,18036,0,0.009,81607676,74832,0,0.01721111111111111,9956,0,0,0
2023-05-16 04:54:41.976000+00:00,User2,1398235,18036,0,0.009,81609924,74834,0,0.01711111111111111,9956,0,0,0
2023-05-16 04:54:41.980000+00:00,User2,1398235,18036,0,0.008,81609924,74834,0,0.017355555555555555,9956,0,0,0
2023-05-16 04:54:41.980000+00:00,User2,1398235,18036,0,0.009,81609924,74834,0,0.017244444444444444,9956,0,0,0
2023-05-16 04:54:41.985000+00:00,User2,1398235,18036,0,0.009,81613296,74837,0,0.016833333333333332,9956,0,0,0
2023-05-16 04:54:42.012000+00:00,User2,1398408,18038,0,0.008,81616666,74840,0,0.0191,9957,0,0,0
2023-05-16 04:54:42.021000+00:00,User2,1398408,18038,0,0.008,81617786,74841,0,0.018444444444444444,9957,0,0,0
2023-05-16 04:54:42.030000+00:00,User3,1381402,17759,2,0.011,80220664,73475,13,0.0162,9546,11,0,1
2023-05-16 04:54:42.045000+00:00,User2,1398492,18039,0,0.01,81628000,74850,0,0.01808888888888889,9958,0,0,0
2023-05-16 04:54:53.980000+00:00,User2,1444536,18636,0,0.01,84396571,77403,0,0.007866666666666666,10316,0,0,0
2023-05-16 04:54:53.981000+00:00,User2,1444536,18636,0,0.01,84396571,77403,0,0.007377777777777777,10316,0,0,0
2023-05-16 04:54:53.979000+00:00,User2,1444536,18636,0,0.01,84396571,77403,0,0.007855555555555555,10316,0,0,0
2023-05-16 04:54:53.986000+00:00,User2,1444536,18636,0,0.01,84396571,77403,0,0.007922222222222223,10316,0,0,0
2023-05-16 04:54:54.012000+00:00,User2,1444619,18637,0,0.009,84400504,77407,0,0.008966666666666666,10317,0,0,0
2023-05-16 04:54:54.028000+00:00,User3,1428612,18360,2,0.012,82951210,75998,13,0.015811111111111113,9905,11,0,1
2023-05-16 04:54:54.024000+00:00,User2,1444619,18637,0,0.01,84400504,77407,0,0.008733333333333333,10316,0,0,0
2023-05-16 04:54:54.043000+00:00,User2,1444875,18640,0,0.01,84404335,77411,0,0.009077777777777778,10318,0,0,0
2023-05-16 04:54:54.043000+00:00,User1,1436517,18425,0,0.012,75954669,69492,0,0.03361111111111111,8872,0,0,0
2023-05-16 04:54:54.099000+00:00,User2,1445131,18643,0,0.01,84409070,77416,0,0.008888888888888889,10319,0,0,0
2023-05-16 04:54:54.137000+00:00,User2,1445131,18643,0,0.01,84412919,77420,0,0.008177777777777779,10321,0,0,0
2023-05-16 04:54:54.152000+00:00,User2,1445341,18645,0,0.012,84413873,77421,0,0.008144444444444444,10320,0,0,0
2023-05-16 04:54:56.547000+00:00,User1,1446232,18551,0,0.013,76494054,69974,0,0.0287,8910,0,0,0
2023-05-16 04:54:56.561000+00:00,User1,1446363,18553,0,0.013,76494054,69974,0,0.027866666666666668,8910,0,0,0
2023-05-16 04:54:56.565000+00:00,User1,1446363,18553,0,0.013,76494054,69974,0,0.028044444444444445,8911,0,0,0
2023-05-16 04:54:56.592000+00:00,User1,1446363,18553,0,0.013,76498490,69978,0,0.0283,8911,0,0,0
2023-05-16 04:54:56.599000+00:00,User1,1446363,18553,0,0.013,76506253,69985,0,0.028133333333333333,8911,0,0,0
2023-05-16 04:54:56.604000+00:00,User1,1446363,18553,0,0.013,76506253,69985,0,0.0286,8911,0,0,0
2023-05-16 04:54:56.621000+00:00,User1,1446499,18555,0,0.014,76509583,69988,0,0.028,8911,0,0,0
2023-05-16 04:54:56.617000+00:00,User1,1446499,18555,0,0.015,76509583,69988,0,0.02808888888888889,8911,0,0,0
2023-05-16 04:54:56.622000+00:00,User1,1446499,18555,0,0.015,76512961,69991,0,0.02797777777777778,8911,0,0,0
2023-05-16 04:54:56.623000+00:00,User1,1446499,18555,0,0.014,76510797,69989,2,0.027777777777777776,8859,10,0,1
2023-05-16 04:54:56.665000+00:00,User1,1446656,18557,0,0.015,76524227,70001,0,0.029966666666666666,8912,0,0,0
2023-05-16 04:54:56.748000+00:00,User3,1439142,18497,0,0.008,83628454,76620,0,0.017122222222222223,10098,0,0,0
2023-05-16 04:54:56.753000+00:00,User3,1439320,18499,0,0.01,83629504,76621,0,0.017766666666666667,10098,0,0,0
2023-05-16 04:54:56.763000+00:00,User3,1439320,18499,0,0.008,83629504,76621,0,0.017233333333333333,10098,0,0,0
2023-05-16 04:54:56.762000+00:00,User3,1439320,18499,0,0.008,83632654,76624,0,0.016888888888888887,10099,0,0,0
2023-05-16 04:54:56.767000+00:00,User3,1439320,18499,0,0.009,83632654,76624,0,0.01731111111111111,10099,0,0,0
2023-05-16 04:54:56.768000+00:00,User3,1439320,18499,0,0.009,83634754,76626,0,0.017766666666666667,10099,0,0,0
2023-05-16 04:54:56.774000+00:00,User3,1439320,18499,0,0.009,83635853,76627,0,0.016922222222222224,10099,0,0,0
2023-05-16 04:54:56.784000+00:00,User3,1439320,18499,0,0.01,83639152,76630,0,0.017166666666666667,10099,0,0,0
2023-05-16 04:54:56.788000+00:00,User3,1439403,18500,0,0.009,83643552,76634,0,0.01731111111111111,10099,0,0,0
2023-05-16 04:54:56.813000+00:00,User3,1439473,18501,0,0.008,83643552,76634,0,0.01802222222222222,10100,0,0,0
2023-05-16 04:54:56.868000+00:00,User3,1439667,18504,0,0.01,83659851,76648,0,0.016955555555555557,10101,0,0,0
2023-05-16 04:54:56.947000+00:00,User2,1456391,18785,0,0.013,85064228,78017,0,0.01817777777777778,10404,0,0,0
2023-05-16 04:54:56.974000+00:00,User2,1456391,18785,0,0.013,85064228,78017,0,0.01721111111111111,10405,0,0,0
2023-05-16 04:54:56.981000+00:00,User2,1456480,18786,0,0.014,85064228,78017,0,0.017444444444444443,10405,0,0,0
2023-05-16 04:54:56.980000+00:00,User2,1456480,18786,0,0.014,85064228,78017,0,0.018744444444444446,10405,0,0,0
2023-05-16 04:54:56.980000+00:00,User2,1456480,18786,0,0.014,85064228,78017,0,0.017844444444444444,10405,0,0,0
2023-05-16 04:54:56.985000+00:00,User2,1456560,18787,0,0.014,85065350,78018,0,0.01658888888888889,10405,0,0,0
2023-05-16 04:54:57.013000+00:00,User2,1456560,18787,0,0.014,85077704,78029,0,0.018355555555555556,10406,0,0,0
2023-05-16 04:54:57.022000+00:00,User2,1456643,18788,0,0.014,85079966,78031,0,0.016888888888888887,10406,0,0,0
2023-05-16 04:54:57.027000+00:00,User3,1440064,18509,2,0.011,83688548,76674,13,0.01741111111111111,9995,11,0,1
2023-05-16 04:54:57.044000+00:00,User2,1456813,18790,0,0.014,85083372,78034,0,0.016655555555555555,10407,0,0,0
2023-05-16 04:54:57.042000+00:00,User1,1448114,18576,0,0.013,76594544,70063,0,0.029166666666666667,8917,0,0,0
2023-05-16 04:54:57.101000+00:00,User2,1456963,18792,0,0.012,85099422,78048,0,0.017455555555555554,10408,0,0,0
2023-05-16 04:54:57.138000+00:00,User2,1457161,18795,0,0.012,85112844,78060,0,0.017766666666666667,10410,0,0,0
2023-05-16 04:54:57.150000+00:00,User2,1457161,18795,0,0.012,85117238,78064,0,0.016866666666666665,10410,0,0,0
2023-05-16 04:54:59.547000+00:00,User1,1457469,18701,0,0.013,77169643,70572,0,0.027633333333333333,8955,0,0,0
2023-05-16 04:54:59.561000+00:00,User1,1457537,18702,0,0.013,77173069,70575,0,0.028666666666666667,8955,0,0,0
2023-05-16 04:54:59.566000+00:00,User1,1457537,18702,0,0.012,77176495,70578,0,0.02881111111111111,8955,0,0,0
2023-05-16 04:54:59.592000+00:00,User1,1457603,18703,0,0.012,77179921,70581,0,0.0283,8956,0,0,0
2023-05-16 04:54:59.602000+00:00,User1,1457603,18703,0,0.011,77179921,70581,0,0.028533333333333334,8956,0,0,0
2023-05-16 04:54:59.599000+00:00,User1,1457603,18703,0,0.011,77179921,70581,0,0.028266666666666666,8956,0,0,0
2023-05-16 04:54:59.620000+00:00,User1,1457739,18705,0,0.012,77179921,70581,0,0.029222222222222222,8956,0,0,0
2023-05-16 04:54:59.616000+00:00,User1,1457739,18705,0,0.011,77179921,70581,0,0.028733333333333333,8956,0,0,0
2023-05-16 04:54:59.623000+00:00,User1,1457739,18705,0,0.011,77179921,70581,0,0.028455555555555557,8956,0,0,0
2023-05-16 04:54:59.626000+00:00,User1,1457739,18705,0,0.011,77177757,70579,2,0.027966666666666667,8904,10,0,1
2023-05-16 04:54:59.666000+00:00,User1,1457869,18707,0,0.012,77183317,70584,0,0.027955555555555556,8957,0,0,0
2023-05-16 04:54:59.749000+00:00,User3,1450531,18648,0,0.009,84383511,77313,0,0.016177777777777777,10188,0,0,0
2023-05-16 04:54:59.752000+00:00,User3,1450531,18648,0,0.009,84384508,77314,0,0.016755555555555555,10188,0,0,0
2023-05-16 04:54:59.760000+00:00,User3,1450531,18648,0,0.009,84384508,77314,0,0.016166666666666666,10188,0,0,0
2023-05-16 04:54:59.764000+00:00,User3,1450531,18648,0,0.008,84384508,77314,0,0.01741111111111111,10188,0,0,0
2023-05-16 04:54:59.764000+00:00,User3,1450531,18648,0,0.008,84384508,77314,0,0.016844444444444443,10189,0,0,0
2023-05-16 04:54:59.768000+00:00,User3,1450606,18649,0,0.01,84385593,77315,0,0.016455555555555557,10189,0,0,0
2023-05-16 04:54:59.786000+00:00,User3,1450682,18650,0,0.009,84391023,77320,0,0.016755555555555555,10189,0,0,0
2023-05-16 04:54:59.774000+00:00,User3,1450606,18649,0,0.009,84387765,77317,0,0.016144444444444444,10189,0,0,0
2023-05-16 04:54:59.788000+00:00,User3,1450682,18650,0,0.009,84391023,77320,0,0.01588888888888889,10190,0,0,0
2023-05-16 04:54:59.814000+00:00,User3,1450682,18650,0,0.009,84391023,77320,0,0.017477777777777776,10190,0,0,0
2023-05-16 04:54:59.867000+00:00,User3,1450970,18654,0,0.009,84410025,77337,0,0.016366666666666668,10192,0,0,0
2023-05-16 04:54:59.947000+00:00,User2,1468034,18935,0,0.012,85817419,78702,0,0.0159,10494,0,0,0
2023-05-16 04:54:59.974000+00:00,User2,1468117,18936,0,0.01,85820655,78705,0,0.016155555555555555,10495,0,0,0
2023-05-16 04:54:59.981000+00:00,User2,1468117,18936,0,0.012,85824147,78708,0,0.016144444444444444,10495,0,0,0
2023-05-16 04:54:59.980000+00:00,User2,1468117,18936,0,0.011,85824147,78708,0,0.016244444444444443,10495,0,0,0
2023-05-16 04:54:59.980000+00:00,User2,1468117,18936,0,0.011,85824147,78708,0,0.015322222222222221,10495,0,0,0
2023-05-16 04:54:59.985000+00:00,User2,1468117,18936,0,0.011,85826476,78710,0,0.015566666666666666,10495,0,0,0
2023-05-16 04:55:00.015000+00:00,User2,1468349,18939,0,0.011,85832097,78715,0,0.01587777777777778,10496,0,0,0
2023-05-16 04:55:00.025000+00:00,User2,1468349,18939,0,0.01,85832097,78715,0,0.016866666666666665,10496,0,0,0
2023-05-16 04:55:00.029000+00:00,User3,1451302,18659,2,0.009,84437049,77361,13,0.016633333333333333,10084,11,0,1
2023-05-16 04:55:00.044000+00:00,User2,1468441,18940,0,0.01,85838625,78721,0,0.015922222222222223,10497,0,0,0
2023-05-16 04:55:00.054000+00:00,User1,1459499,18727,0,0.012,77267415,70659,0,0.026644444444444443,8962,0,0,0
2023-05-16 04:55:00.119000+00:00,User2,1468525,18941,0,0.011,85853452,78734,0,0.016411111111111112,10498,0,0,0
2023-05-16 04:55:00.139000+00:00,User2,1468717,18944,0,0.011,85864930,78744,0,0.0163,10500,0,0,0
2023-05-16 04:55:00.150000+00:00,User2,1468777,18945,0,0.011,85868062,78747,0,0.016033333333333333,10500,0,0,0
2023-05-16 04:55:02.547000+00:00,User1,1467185,18827,0,0.032,77665897,71013,0,0.0359,8991,0,0,0
2023-05-16 04:55:02.566000+00:00,User1,1467277,18828,0,0.031,77665897,71013,0,0.03464444444444444,8991,0,0,0
2023-05-16 04:55:02.573000+00:00,User1,1467277,18828,0,0.033,77665897,71013,0,0.035611111111111114,8991,0,0,0
2023-05-16 04:55:02.598000+00:00,User1,1467277,18828,0,0.031,77665897,71013,0,0.03504444444444445,8991,0,0,0
2023-05-16 04:55:02.600000+00:00,User1,1467277,18828,0,0.032,77665897,71013,0,0.03458888888888889,8991,0,0,0
2023-05-16 04:55:02.622000+00:00,User1,1467277,18828,0,0.033,77665897,71013,0,0.03408888888888889,8991,0,0,0
2023-05-16 04:55:02.603000+00:00,User1,1467277,18828,0,0.032,77665897,71013,0,0.03504444444444445,8991,0,0,0
2023-05-16 04:55:02.617000+00:00,User1,1467277,18828,0,0.033,77665897,71013,0,0.037088888888888887,8991,0,0,0
2023-05-16 04:55:02.623000+00:00,User1,1467277,18828,0,0.031,77664838,71012,2,0.060844444444444444,8939,10,0,1
2023-05-16 04:55:02.624000+00:00,User1,1467277,18828,0,0.032,77667002,71014,0,0.061177777777777775,8991,0,0,0
2023-05-16 04:55:02.678000+00:00,User1,1467277,18828,0,0.032,77667002,71014,0,0.05915555555555556,8991,0,0,0
2023-05-16 04:55:02.754000+00:00,User3,1462009,18796,0,0.01,85005758,77877,0,0.030744444444444446,10259,0,0,0
2023-05-16 04:55:02.765000+00:00,User3,1462009,18796,0,0.011,85005758,77877,0,0.03157777777777778,10259,0,0,0
2023-05-16 04:55:02.761000+00:00,User3,1462009,18796,0,0.013,85005758,77877,0,0.031955555555555556,10259,0,0,0
2023-05-16 04:55:02.767000+00:00,User3,1462009,18796,0,0.011,85005758,77877,0,0.03141111111111111,10259,0,0,0
2023-05-16 04:55:02.759000+00:00,User3,1462009,18796,0,0.011,85005758,77877,0,0.03186666666666667,10257,0,0,0
2023-05-16 04:55:02.769000+00:00,User3,1462009,18796,0,0.011,85005758,77877,0,0.032077777777777775,10260,0,0,0
2023-05-16 04:55:02.774000+00:00,User3,1462009,18796,0,0.011,85005758,77877,0,0.031033333333333333,10260,0,0,0
2023-05-16 04:55:02.784000+00:00,User3,1462098,18797,0,0.011,85009046,77880,0,0.03078888888888889,10260,0,0,0
2023-05-16 04:55:02.788000+00:00,User3,1462181,18798,0,0.011,85013430,77884,0,0.030255555555555556,10260,0,0,0
2023-05-16 04:55:02.815000+00:00,User3,1462181,18798,0,0.017,85013430,77884,0,0.032044444444444445,10252,0,0,0
2023-05-16 04:55:02.867000+00:00,User3,1462413,18801,0,0.012,85028621,77898,0,0.031377777777777775,10262,0,0,0
2023-05-16 04:55:02.948000+00:00,User2,1479420,19085,0,0.012,86562339,79382,0,0.017955555555555554,10583,0,0,0
2023-05-16 04:55:02.973000+00:00,User2,1479420,19085,0,0.011,86566783,79386,0,0.017466666666666665,10584,0,0,0
2023-05-16 04:55:02.980000+00:00,User2,1479492,19086,0,0.013,86566783,79386,0,0.017766666666666667,10584,0,0,0
2023-05-16 04:55:02.980000+00:00,User2,1479492,19086,0,0.012,86566783,79386,0,0.01767777777777778,10584,0,0,0
2023-05-16 04:55:02.986000+00:00,User2,1479492,19086,0,0.012,86567912,79387,0,0.017222222222222222,10584,0,0,0
2023-05-16 04:55:02.984000+00:00,User2,1479420,19085,0,0.013,86566783,79386,0,0.016777777777777777,10583,0,0,0
2023-05-16 04:55:03.027000+00:00,User2,1479624,19088,0,0.014,86580383,79398,0,0.02192222222222222,10577,0,0,0
2023-05-16 04:55:03.017000+00:00,User2,1479624,19088,0,0.013,86580383,79398,0,0.018111111111111113,10585,0,0,0
2023-05-16 04:55:03.038000+00:00,User3,1462732,18805,2,0.021,85048497,77916,13,0.03457777777777778,10140,11,0,1
2023-05-16 04:55:03.047000+00:00,User2,1479624,19088,0,0.011,86581407,79399,0,0.017377777777777777,10586,0,0,0
2023-05-16 04:55:03.055000+00:00,User1,1469712,18858,0,0.019,77715425,71057,0,0.06181111111111111,8994,0,0,0
2023-05-16 04:55:03.108000+00:00,User2,1479963,19093,0,0.015,86594250,79411,0,0.018211111111111112,10587,0,0,0
2023-05-16 04:55:03.149000+00:00,User2,1480099,19095,0,0.014,86608602,79424,0,0.02128888888888889,10572,0,0,0
2023-05-16 04:55:03.162000+00:00,User2,1480030,19094,0,0.015,86605422,79421,0,0.01998888888888889,10588,0,0,0
2023-05-16 04:55:05.548000+00:00,User1,1480364,18993,0,0.014,78025988,71340,0,0.0448,9026,0,0,0
2023-05-16 04:55:05.564000+00:00,User1,1480445,18994,0,0.013,78025988,71340,0,0.044755555555555555,9027,0,0,0
2023-05-16 04:55:05.566000+00:00,User1,1480445,18994,0,0.013,78025988,71340,0,0.0454,9027,0,0,0
2023-05-16 04:55:05.597000+00:00,User1,1480526,18995,0,0.012,78029398,71343,0,0.044222222222222225,9027,0,0,0
2023-05-16 04:55:05.599000+00:00,User1,1480526,18995,0,0.012,78029398,71343,0,0.043166666666666666,9027,0,0,0
2023-05-16 04:55:05.604000+00:00,User1,1480526,18995,0,0.013,78029398,71343,0,0.04343333333333333,9027,0,0,0
2023-05-16 04:55:05.618000+00:00,User1,1480606,18996,0,0.012,78029398,71343,0,0.043833333333333335,9027,0,0,0
2023-05-16 04:55:05.622000+00:00,User1,1480606,18996,0,0.012,78029398,71343,0,0.043166666666666666,9027,0,0,0
2023-05-16 04:55:05.623000+00:00,User1,1480606,18996,0,0.012,78029398,71343,0,0.04346666666666667,9028,0,0,0
2023-05-16 04:55:05.626000+00:00,User1,1480606,18996,0,0.012,78027234,71341,2,0.04345555555555555,8975,10,0,1
2023-05-16 04:55:05.668000+00:00,User1,1480850,18999,0,0.012,78031202,71345,0,0.040155555555555555,9028,0,0,0
2023-05-16 04:55:05.750000+00:00,User3,1473500,18943,0,0.01,85654698,78480,0,0.011666666666666667,10345,0,0,0
2023-05-16 04:55:05.754000+00:00,User3,1473500,18943,0,0.009,85654698,78480,0,0.0119,10345,0,0,0
2023-05-16 04:55:05.765000+00:00,User3,1473585,18944,0,0.009,85654698,78480,0,0.011644444444444445,10345,0,0,0
2023-05-16 04:55:05.760000+00:00,User3,1473585,18944,0,0.01,85654698,78480,0,0.01138888888888889,10345,0,0,0
2023-05-16 04:55:05.764000+00:00,User3,1473585,18944,0,0.009,85654698,78480,0,0.0114,10346,0,0,0
2023-05-16 04:55:05.768000+00:00,User3,1473585,18944,0,0.009,85654698,78480,0,0.011722222222222222,10346,0,0,0
2023-05-16 04:55:05.774000+00:00,User3,1473669,18945,0,0.009,85655853,78481,0,0.011033333333333332,10346,0,0,0
2023-05-16 04:55:05.784000+00:00,User3,1473669,18945,0,0.008,85658165,78483,0,0.01161111111111111,10346,0,0,0
2023-05-16 04:55:05.788000+00:00,User3,1473669,18945,0,0.009,85658165,78483,0,0.0113,10346,0,0,0
2023-05-16 04:55:05.810000+00:00,User3,1473669,18945,0,0.008,85661823,78487,0,0.01168888888888889,10347,0,0,0
2023-05-16 04:55:05.868000+00:00,User3,1474005,18949,0,0.01,85665475,78491,0,0.010611111111111111,10349,0,0,0
2023-05-16 04:55:05.951000+00:00,User2,1490780,19234,0,0.013,87319592,80076,0,0.01708888888888889,10673,0,0,0
2023-05-16 04:55:05.973000+00:00,User2,1491032,19237,0,0.013,87320754,80077,0,0.016522222222222223,10674,0,0,0
2023-05-16 04:55:05.981000+00:00,User2,1491032,19237,0,0.012,87323078,80079,0,0.01637777777777778,10674,0,0,0
2023-05-16 04:55:05.986000+00:00,User2,1491032,19237,0,0.012,87326564,80082,0,0.016877777777777776,10674,0,0,0
2023-05-16 04:55:05.978000+00:00,User2,1491032,19237,0,0.013,87323078,80079,0,0.016155555555555555,10674,0,0,0
2023-05-16 04:55:06.013000+00:00,User2,1491115,19238,0,0.012,87333575,80088,0,0.016733333333333333,10675,0,0,0
2023-05-16 04:55:06.023000+00:00,User2,1491115,19238,0,0.013,87333575,80088,0,0.016955555555555557,10675,0,0,0
2023-05-16 04:55:05.995000+00:00,User2,1491032,19237,0,0.013,87323078,80079,0,0.01601111111111111,10674,0,0,0
2023-05-16 04:55:06.035000+00:00,User3,1474646,18956,2,0.01,85670456,78498,13,0.010122222222222222,10241,11,0,1
2023-05-16 04:55:06.045000+00:00,User2,1491200,19239,0,0.011,87338231,80092,0,0.016888888888888887,10676,0,0,0
2023-05-16 04:55:06.054000+00:00,User1,1482389,19018,0,0.01,78050570,71364,0,0.034888888888888886,9034,0,0,0
2023-05-16 04:55:06.108000+00:00,User2,1491431,19242,0,0.012,87354944,80107,0,0.01707777777777778,10678,0,0,0
2023-05-16 04:55:06.138000+00:00,User2,1491568,19244,0,0.013,87363521,80115,0,0.016833333333333332,10679,0,0,0
2023-05-16 04:55:06.156000+00:00,User2,1491568,19244,0,0.014,87369595,80121,0,0.015855555555555557,10679,0,0,0
2023-05-16 04:55:08.549000+00:00,User1,1492145,19143,0,0.013,78513290,71777,0,0.025822222222222222,9070,0,0,0
2023-05-16 04:55:08.566000+00:00,User1,1492210,19144,0,0.012,78521312,71784,0,0.02678888888888889,9071,0,0,0
2023-05-16 04:55:08.568000+00:00,User1,1492145,19143,0,0.012,78519020,71782,0,0.02701111111111111,9071,0,0,0
2023-05-16 04:55:08.597000+00:00,User1,1492377,19146,0,0.011,78529304,71791,0,0.0255,9071,0,0,0
2023-05-16 04:55:08.599000+00:00,User1,1492377,19146,0,0.011,78534878,71796,0,0.026433333333333333,9071,0,0,0
2023-05-16 04:55:08.605000+00:00,User1,1492377,19146,0,0.012,78534878,71796,0,0.026422222222222222,9071,0,0,0
2023-05-16 04:55:08.622000+00:00,User1,1492377,19146,0,0.011,78540453,71801,0,0.02677777777777778,9071,0,0,0
2023-05-16 04:55:08.617000+00:00,User1,1492377,19146,0,0.012,78540453,71801,0,0.0262,9071,0,0,0
2023-05-16 04:55:08.624000+00:00,User1,1492457,19147,0,0.012,78540453,71801,0,0.026455555555555555,9071,0,0,0
2023-05-16 04:55:08.625000+00:00,User1,1492457,19147,0,0.012,78538289,71799,2,0.026722222222222224,9019,10,0,1
2023-05-16 04:55:08.676000+00:00,User1,1492542,19148,0,0.012,78540453,71801,0,0.027055555555555555,9071,0,0,0
2023-05-16 04:55:08.750000+00:00,User3,1485501,19093,0,0.01,86285941,79065,0,0.017,10434,0,0,0
2023-05-16 04:55:08.756000+00:00,User3,1485501,19093,0,0.009,86285941,79065,0,0.016511111111111112,10434,0,0,0
2023-05-16 04:55:08.764000+00:00,User3,1485570,19094,0,0.009,86290181,79069,0,0.01707777777777778,10435,0,0,0
2023-05-16 04:55:08.759000+00:00,User3,1485570,19094,0,0.009,86290181,79069,0,0.015755555555555554,10435,0,0,0
2023-05-16 04:55:08.765000+00:00,User3,1485570,19094,0,0.009,86293363,79072,0,0.01672222222222222,10435,0,0,0
2023-05-16 04:55:08.776000+00:00,User3,1485570,19094,0,0.009,86294417,79073,0,0.017255555555555555,10435,0,0,0
2023-05-16 04:55:08.780000+00:00,User3,1485570,19094,0,0.01,86293363,79072,0,0.017466666666666665,10433,0,0,0
2023-05-16 04:55:08.788000+00:00,User3,1485570,19094,0,0.008,86297579,79076,0,0.016255555555555554,10435,0,0,0
2023-05-16 04:55:08.791000+00:00,User3,1485644,19095,0,0.009,86300744,79079,0,0.017122222222222223,10435,0,0,0
2023-05-16 04:55:08.811000+00:00,User3,1485778,19097,0,0.01,86300744,79079,0,0.016922222222222224,10435,0,0,0
2023-05-16 04:55:08.868000+00:00,User3,1485920,19099,0,0.008,86315319,79092,0,0.01681111111111111,10438,0,0,0
2023-05-16 04:55:08.949000+00:00,User2,1502606,19385,0,0.011,88078927,80769,0,0.017122222222222223,10763,0,0,0
2023-05-16 04:55:08.975000+00:00,User2,1502775,19387,0,0.011,88080054,80770,0,0.016077777777777778,10764,0,0,0
2023-05-16 04:55:08.981000+00:00,User2,1502775,19387,0,0.011,88082308,80772,0,0.015911111111111112,10764,0,0,0
2023-05-16 04:55:08.981000+00:00,User2,1502775,19387,0,0.012,88082308,80772,0,0.016077777777777778,10764,0,0,0
2023-05-16 04:55:08.980000+00:00,User2,1502775,19387,0,0.011,88082308,80772,0,0.014977777777777777,10764,0,0,0
2023-05-16 04:55:08.987000+00:00,User2,1502775,19387,0,0.011,88086816,80776,0,0.015944444444444445,10764,0,0,0
2023-05-16 04:55:09.013000+00:00,User2,1502775,19387,0,0.011,88094830,80783,0,0.017988888888888888,10765,0,0,0
2023-05-16 04:55:09.031000+00:00,User2,1502942,19389,0,0.013,88095978,80784,0,0.017433333333333332,10765,0,0,0
2023-05-16 04:55:09.029000+00:00,User3,1486435,19105,2,0.009,86345276,79120,13,0.017666666666666667,10331,11,0,1
2023-05-16 04:55:09.045000+00:00,User2,1502942,19389,0,0.012,88100329,80788,0,0.017155555555555556,10766,0,0,0
2023-05-16 04:55:09.054000+00:00,User1,1494100,19168,0,0.011,78619614,71870,0,0.026055555555555554,9078,0,0,0
2023-05-16 04:55:09.111000+00:00,User2,1503176,19392,0,0.012,88112358,80799,0,0.01572222222222222,10768,0,0,0
2023-05-16 04:55:09.138000+00:00,User2,1503319,19394,0,0.013,88121362,80807,0,0.015111111111111112,10769,0,0,0
2023-05-16 04:55:09.152000+00:00,User2,1503405,19395,0,0.013,88127701,80813,0,0.015566666666666666,10769,0,0,0
2023-05-16 04:55:11.551000+00:00,User1,1503779,19293,0,0.012,79302527,72476,0,0.03557777777777778,9115,0,0,0
2023-05-16 04:55:11.564000+00:00,User1,1503868,19294,0,0.013,79313012,72485,0,0.03503333333333333,9115,0,0,0
2023-05-16 04:55:11.568000+00:00,User1,1503868,19294,0,0.013,79316508,72488,0,0.03508888888888889,9115,0,0,0
2023-05-16 04:55:11.601000+00:00,User1,1504117,19297,0,0.012,79325189,72496,0,0.035477777777777775,9116,0,0,0
2023-05-16 04:55:11.605000+00:00,User1,1504032,19296,0,0.011,79324103,72495,0,0.035722222222222225,9116,0,0,0
2023-05-16 04:55:11.605000+00:00,User1,1503952,19295,0,0.012,79321933,72493,0,0.03546666666666667,9116,0,0,0
2023-05-16 04:55:11.617000+00:00,User1,1504117,19297,0,0.011,79328447,72499,0,0.035277777777777776,9116,0,0,0
2023-05-16 04:55:11.628000+00:00,User1,1504117,19297,0,0.013,79328447,72499,0,0.03581111111111111,9116,0,0,0
2023-05-16 04:55:11.625000+00:00,User1,1504117,19297,0,0.012,79326283,72497,2,0.03523333333333333,9065,10,0,1
2023-05-16 04:55:11.625000+00:00,User1,1504117,19297,0,0.011,79328447,72499,0,0.03534444444444444,9117,0,0,0
2023-05-16 04:55:11.672000+00:00,User1,1504282,19299,0,0.013,79328447,72499,0,0.035055555555555555,9117,0,0,0
2023-05-16 04:55:11.756000+00:00,User3,1497057,19243,0,0.01,87044816,79761,0,0.016244444444444443,10525,0,0,0
2023-05-16 04:55:11.756000+00:00,User3,1497057,19243,0,0.009,87042574,79759,0,0.0165,10524,0,0,0
2023-05-16 04:55:11.765000+00:00,User3,1497057,19243,0,0.008,87044816,79761,0,0.017433333333333332,10525,0,0,0
2023-05-16 04:55:11.761000+00:00,User3,1497057,19243,0,0.01,87044816,79761,0,0.0162,10525,0,0,0
2023-05-16 04:55:11.764000+00:00,User3,1497057,19243,0,0.009,87044816,79761,0,0.015855555555555557,10525,0,0,0
2023-05-16 04:55:11.769000+00:00,User3,1497137,19244,0,0.009,87044816,79761,0,0.015966666666666667,10525,0,0,0
2023-05-16 04:55:11.789000+00:00,User3,1497205,19245,0,0.01,87051731,79767,0,0.0167,10525,0,0,0
2023-05-16 04:55:11.790000+00:00,User3,1497205,19245,0,0.009,87051731,79767,0,0.01632222222222222,10525,0,0,0
2023-05-16 04:55:11.778000+00:00,User3,1497205,19245,0,0.009,87047120,79763,0,0.016144444444444444,10525,0,0,0
2023-05-16 04:55:11.811000+00:00,User3,1497273,19246,0,0.01,87051731,79767,0,0.015844444444444446,10526,0,0,0
2023-05-16 04:55:11.868000+00:00,User3,1497528,19249,0,0.008,87065397,79780,0,0.014555555555555556,10528,0,0,0
2023-05-16 04:55:11.949000+00:00,User2,1514576,19535,0,0.01,88515690,81192,0,0.010166666666666666,10852,0,0,0
2023-05-16 04:55:11.981000+00:00,User2,1514657,19536,0,0.011,88519197,81195,0,0.0103,10853,0,0,0
2023-05-16 04:55:20.757000+00:00,User3,1531487,19693,0,0.01,89282598,81814,0,0.02081111111111111,10793,0,0,0
2023-05-16 04:55:20.766000+00:00,User3,1531487,19693,0,0.009,89282598,81814,0,0.020022222222222223,10793,0,0,0
2023-05-16 04:55:20.762000+00:00,User3,1531487,19693,0,0.009,89282598,81814,0,0.02033333333333333,10793,0,0,0
2023-05-16 04:55:20.768000+00:00,User3,1531667,19695,0,0.009,89287010,81818,0,0.020644444444444444,10793,0,0,0
2023-05-16 04:55:20.770000+00:00,User3,1531667,19695,0,0.009,89288113,81819,0,0.020355555555555557,10793,0,0,0
2023-05-16 04:55:20.784000+00:00,User3,1531667,19695,0,0.009,89289185,81820,0,0.02097777777777778,10793,0,0,0
2023-05-16 04:55:20.793000+00:00,User3,1531667,19695,0,0.01,89293473,81824,0,0.02091111111111111,10793,0,0,0
2023-05-16 04:55:20.795000+00:00,User3,1531756,19696,0,0.009,89295618,81826,0,0.021033333333333334,10793,0,0,0
2023-05-16 04:55:20.814000+00:00,User3,1531756,19696,0,0.009,89295618,81826,0,0.020577777777777778,10794,0,0,0
2023-05-16 04:55:20.869000+00:00,User3,1532076,19700,0,0.009,89309196,81838,0,0.019922222222222223,10796,0,0,0
2023-05-16 04:55:20.952000+00:00,User2,1548898,19984,0,0.009,90798259,83278,0,0.016355555555555557,11122,0,0,0
2023-05-16 04:55:20.981000+00:00,User2,1549067,19986,0,0.009,90804502,83284,0,0.016922222222222224,11123,0,0,0
2023-05-16 04:55:20.982000+00:00,User2,1549067,19986,0,0.009,90804502,83284,0,0.015966666666666667,11123,0,0,0
2023-05-16 04:55:20.982000+00:00,User2,1549067,19986,0,0.01,90804502,83284,0,0.015633333333333332,11123,0,0,0
2023-05-16 04:55:20.982000+00:00,User2,1549067,19986,0,0.009,90802420,83282,0,0.0159,11123,0,0,0
2023-05-16 04:55:20.986000+00:00,User2,1549067,19986,0,0.009,90804502,83284,0,0.015855555555555557,11123,0,0,0
2023-05-16 04:55:21.016000+00:00,User2,1549231,19988,0,0.01,90813263,83292,0,0.016733333333333333,11124,0,0,0
2023-05-16 04:55:21.028000+00:00,User2,1549231,19988,0,0.009,90813263,83292,0,0.015644444444444443,11124,0,0,0
2023-05-16 04:55:21.034000+00:00,User3,1532440,19705,2,0.009,89330862,81857,13,0.018444444444444444,10689,11,0,1
2023-05-16 04:55:21.045000+00:00,User2,1549316,19989,0,0.01,90815515,83294,0,0.01647777777777778,11125,0,0,0
2023-05-16 04:55:21.058000+00:00,User1,1540248,19768,0,0.014,81361009,74305,0,0.02618888888888889,9258,0,0,0
2023-05-16 04:55:21.113000+00:00,User2,1549547,19992,0,0.01,90830952,83308,0,0.017233333333333333,11127,0,0,0
2023-05-16 04:55:21.139000+00:00,User2,1549703,19994,0,0.01,90847137,83323,0,0.016522222222222223,11128,0,0,0
2023-05-16 04:55:21.153000+00:00,User2,1549703,19994,0,0.009,90848201,83324,0,0.016244444444444443,11128,0,0,0
2023-05-16 04:55:23.552000+00:00,User1,1550306,19894,0,0.009,81545233,74483,0,0.013255555555555555,9294,0,0,0
2023-05-16 04:55:23.569000+00:00,User1,1550306,19894,0,0.009,81545233,74483,0,0.012977777777777777,9294,0,0,0
2023-05-16 04:55:23.569000+00:00,User1,1550306,19894,0,0.009,81545233,74483,0,0.013044444444444444,9294,0,0,0
2023-05-16 04:55:23.602000+00:00,User1,1550387,19895,0,0.009,81545233,74483,0,0.013422222222222223,9295,0,0,0
2023-05-16 04:55:23.601000+00:00,User1,1550387,19895,0,0.009,81545233,74483,0,0.01278888888888889,9295,0,0,0
2023-05-16 04:55:23.605000+00:00,User1,1550387,19895,0,0.01,81545233,74483,0,0.012955555555555555,9295,0,0,0
2023-05-16 04:55:23.627000+00:00,User1,1550549,19897,0,0.01,81545233,74483,0,0.013077777777777778,9295,0,0,0
2023-05-16 04:55:23.626000+00:00,User1,1550549,19897,0,0.009,81543069,74481,2,0.01331111111111111,9244,10,0,1
2023-05-16 04:55:23.620000+00:00,User1,1550549,19897,0,0.009,81545233,74483,0,0.013077777777777778,9295,0,0,0
2023-05-16 04:55:23.627000+00:00,User1,1550549,19897,0,0.009,81545233,74483,0,0.013177777777777778,9296,0,0,0
2023-05-16 04:55:23.678000+00:00,User1,1550711,19899,0,0.009,81560062,74497,0,0.013211111111111111,9296,0,0,0
2023-05-16 04:55:23.758000+00:00,User3,1543350,19844,0,0.009,89730194,82246,0,0.00998888888888889,10881,0,0,0
2023-05-16 04:55:23.757000+00:00,User3,1543350,19844,0,0.009,89730194,82246,0,0.010222222222222223,10881,0,0,0
2023-05-16 04:55:23.762000+00:00,User3,1543350,19844,0,0.008,89730194,82246,0,0.011022222222222221,10881,0,0,0
2023-05-16 04:55:23.769000+00:00,User3,1543350,19844,0,0.009,89730194,82246,0,0.0112,10881,0,0,0
2023-05-16 04:55:23.768000+00:00,User3,1543350,19844,0,0.009,89730194,82246,0,0.010722222222222222,10882,0,0,0
2023-05-16 04:55:23.769000+00:00,User3,1543350,19844,0,0.009,89730194,82246,0,0.010166666666666666,10882,0,0,0
2023-05-16 04:55:23.777000+00:00,User3,1543431,19845,0,0.009,89733635,82249,0,0.010455555555555555,10882,0,0,0
2023-05-16 04:55:23.795000+00:00,User3,1543431,19845,0,0.008,89735931,82251,0,0.010344444444444444,10882,0,0,0
2023-05-16 04:55:23.795000+00:00,User3,1543512,19846,0,0.009,89735931,82251,0,0.010077777777777778,10882,0,0,0
2023-05-16 04:55:23.814000+00:00,User3,1543512,19846,0,0.011,89738974,82254,0,0.009522222222222222,10883,0,0,0
2023-05-16 04:55:23.869000+00:00,User3,1543755,19849,0,0.009,89748975,82263,0,0.010088888888888889,10885,0,0,0
2023-05-16 04:55:23.949000+00:00,User2,1560583,20135,0,0.009,91549887,83972,0,0.016866666666666665,11212,0,0,0
2023-05-16 04:55:23.981000+00:00,User2,1560658,20136,0,0.01,91558824,83980,0,0.01708888888888889,11213,0,0,0
2023-05-16 04:55:23.982000+00:00,User2,1560658,20136,0,0.009,91559894,83981,0,0.016888888888888887,11213,0,0,0
2023-05-16 04:55:23.986000+00:00,User2,1560658,20136,0,0.009,91558824,83980,0,0.016422222222222223,11213,0,0,0
2023-05-16 04:55:23.987000+00:00,User2,1560738,20137,0,0.009,91559894,83981,0,0.017155555555555556,11213,0,0,0
2023-05-16 04:55:23.986000+00:00,User2,1560658,20136,0,0.009,91556686,83978,0,0.0171,11213,0,0,0
2023-05-16 04:55:24.021000+00:00,User2,1560810,20138,0,0.009,91569018,83989,0,0.017155555555555556,11214,0,0,0
2023-05-16 04:55:24.032000+00:00,User3,1544323,19856,2,0.011,89772842,82284,13,0.009555555555555555,10777,11,0,1
2023-05-16 04:55:24.037000+00:00,User2,1560738,20137,0,0.009,91567854,83988,0,0.016788888888888888,11214,0,0,0
2023-05-16 04:55:24.045000+00:00,User2,1560954,20140,0,0.009,91571209,83991,0,0.017388888888888888,11215,0,0,0
2023-05-16 04:55:24.058000+00:00,User1,1552276,19918,0,0.01,81619516,74549,0,0.0145,9302,0,0,0
2023-05-16 04:55:24.139000+00:00,User2,1561411,20145,0,0.01,91597143,84015,0,0.016877777777777776,11218,0,0,0
2023-05-16 04:55:24.125000+00:00,User2,1561137,20142,0,0.009,91587637,84006,0,0.016655555555555555,11216,0,0,0
2023-05-16 04:55:24.156000+00:00,User2,1561411,20145,0,0.011,91602197,84020,0,0.016755555555555555,11218,0,0,0
2023-05-16 04:55:26.552000+00:00,User1,1561949,20044,0,0.008,82190151,75056,0,0.030044444444444443,9339,0,0,0
2023-05-16 04:55:26.570000+00:00,User1,1561949,20044,0,0.007,82192421,75058,0,0.030166666666666668,9339,0,0,0
2023-05-16 04:55:26.573000+00:00,User1,1561949,20044,0,0.008,82192421,75058,0,0.029777777777777778,9339,0,0,0
2023-05-16 04:55:26.604000+00:00,User1,1562017,20045,0,0.008,82205265,75069,0,0.03123333333333333,9340,0,0,0
2023-05-16 04:55:26.605000+00:00,User1,1562156,20047,0,0.009,82206433,75070,0,0.031855555555555554,9340,0,0,0
2023-05-16 04:55:26.601000+00:00,User1,1562156,20047,0,0.008,82206433,75070,0,0.03125555555555556,9340,0,0,0
2023-05-16 04:55:26.620000+00:00,User1,1562156,20047,0,0.009,82211105,75074,0,0.031988888888888886,9341,0,0,0
2023-05-16 04:55:26.626000+00:00,User1,1562156,20047,0,0.008,82208941,75072,2,0.031733333333333336,9289,10,0,1
2023-05-16 04:55:26.625000+00:00,User1,1562156,20047,0,0.008,82211105,75074,0,0.03175555555555556,9341,0,0,0
2023-05-16 04:55:26.625000+00:00,User1,1562156,20047,0,0.008,82211105,75074,0,0.03206666666666667,9341,0,0,0
2023-05-16 04:55:26.676000+00:00,User1,1562316,20049,0,0.008,82211105,75074,0,0.03158888888888889,9341,0,0,0
2023-05-16 04:55:26.758000+00:00,User3,1555068,19994,0,0.01,90527067,82972,0,0.017988888888888888,10972,0,0,0
2023-05-16 04:55:26.756000+00:00,User3,1555068,19994,0,0.009,90527067,82972,0,0.0181,10972,0,0,0
2023-05-16 04:55:26.764000+00:00,User3,1555068,19994,0,0.009,90527067,82972,0,0.018433333333333333,10972,0,0,0
2023-05-16 04:55:26.769000+00:00,User3,1555068,19994,0,0.009,90527067,82972,0,0.0183,10971,0,0,0
2023-05-16 04:55:26.768000+00:00,User3,1555068,19994,0,0.009,90527067,82972,0,0.018122222222222224,10972,0,0,0
2023-05-16 04:55:26.769000+00:00,User3,1555148,19995,0,0.008,90528192,82973,0,0.0176,10972,0,0,0
2023-05-16 04:55:26.777000+00:00,User3,1555148,19995,0,0.009,90530443,82975,0,0.017555555555555557,10972,0,0,0
2023-05-16 04:55:26.792000+00:00,User3,1555148,19995,0,0.008,90532695,82977,0,0.017277777777777777,10972,0,0,0
2023-05-16 04:55:26.799000+00:00,User3,1555148,19995,0,0.009,90532695,82977,0,0.01771111111111111,10973,0,0,0
2023-05-16 04:55:26.813000+00:00,User3,1555230,19996,0,0.009,90533710,82978,0,0.017033333333333334,10973,0,0,0
2023-05-16 04:55:26.868000+00:00,User3,1555444,19999,0,0.009,90548145,82992,0,0.016266666666666665,10975,0,0,0
2023-05-16 04:55:26.950000+00:00,User2,1572239,20285,0,0.01,92233577,84604,0,0.011866666666666666,11302,0,0,0
2023-05-16 04:55:26.981000+00:00,User2,1572305,20286,0,0.01,92236522,84607,0,0.010422222222222222,11303,0,0,0
2023-05-16 04:55:26.977000+00:00,User2,1572305,20286,0,0.01,92236522,84607,0,0.01041111111111111,11303,0,0,0
2023-05-16 04:55:26.982000+00:00,User2,1572305,20286,0,0.01,92236522,84607,0,0.01041111111111111,11303,0,0,0
2023-05-16 04:55:26.988000+00:00,User2,1572305,20286,0,0.01,92236522,84607,0,0.010666666666666666,11303,0,0,0
2023-05-16 04:55:26.985000+00:00,User2,1572305,20286,0,0.01,92236522,84607,0,0.0111,11303,0,0,0
2023-05-16 04:55:27.016000+00:00,User2,1572510,20289,0,0.01,92239364,84610,0,0.010222222222222223,11304,0,0,0
2023-05-16 04:55:27.024000+00:00,User2,1572510,20289,0,0.011,92239364,84610,0,0.010433333333333333,11304,0,0,0
2023-05-16 04:55:27.034000+00:00,User3,1555945,20006,2,0.009,90577064,83019,13,0.016755555555555555,10868,11,0,1
2023-05-16 04:55:27.046000+00:00,User2,1572510,20289,0,0.01,92242341,84613,0,0.009866666666666666,11305,0,0,0
2023-05-16 04:55:27.055000+00:00,User1,1563774,20068,0,0.008,82333163,75181,0,0.03457777777777778,9347,0,0,0
2023-05-16 04:55:27.117000+00:00,User2,1572835,20293,0,0.011,92246453,84617,0,0.009933333333333334,11307,0,0,0
2023-05-16 04:55:27.139000+00:00,User2,1572909,20294,0,0.01,92251635,84622,0,0.009177777777777778,11308,0,0,0
2023-05-16 04:55:27.154000+00:00,User2,1572990,20295,0,0.009,92251635,84622,0,0.009577777777777777,11308,0,0,0
2023-05-16 04:55:29.552000+00:00,User1,1573419,20193,0,0.011,82933489,75711,0,0.029477777777777776,9384,0,0,0
2023-05-16 04:55:29.571000+00:00,User1,1573482,20194,0,0.01,82933489,75711,0,0.029666666666666668,9385,0,0,0
2023-05-16 04:55:29.570000+00:00,User1,1573482,20194,0,0.01,82933489,75711,0,0.029122222222222223,9384,0,0,0
2023-05-16 04:55:29.601000+00:00,User1,1573711,20197,0,0.009,82933489,75711,0,0.029877777777777777,9386,0,0,0
2023-05-16 04:55:29.606000+00:00,User1,1573711,20197,0,0.01,82933489,75711,0,0.029766666666666667,9386,0,0,0
2023-05-16 04:55:29.613000+00:00,User1,1573553,20195,0,0.009,82933489,75711,0,0.0285,9385,0,0,0
2023-05-16 04:55:29.618000+00:00,User1,1573711,20197,0,0.01,82934613,75712,0,0.029555555555555557,9386,0,0,0
2023-05-16 04:55:29.627000+00:00,User1,1573711,20197,0,0.01,82934697,75712,2,0.02882222222222222,9334,10,0,1
2023-05-16 04:55:29.626000+00:00,User1,1573711,20197,0,0.01,82936861,75714,0,0.028788888888888888,9386,0,0,0
2023-05-16 04:55:29.630000+00:00,User1,1573711,20197,0,0.011,82934613,75712,0,0.0304,9386,0,0,0
2023-05-16 04:55:29.675000+00:00,User1,1573858,20199,0,0.009,82948126,75724,0,0.028166666666666666,9386,0,0,0
2023-05-16 04:55:29.757000+00:00,User3,1566617,20144,0,0.011,91256293,83637,0,0.014833333333333334,11062,0,0,0
2023-05-16 04:55:29.756000+00:00,User3,1566617,20144,0,0.011,91256293,83637,0,0.014522222222222223,11062,0,0,0
2023-05-16 04:55:29.763000+00:00,User3,1566617,20144,0,0.011,91256293,83637,0,0.014966666666666666,11062,0,0,0
2023-05-16 04:55:29.768000+00:00,User3,1566617,20144,0,0.011,91256293,83637,0,0.01587777777777778,11062,0,0,0
2023-05-16 04:55:29.769000+00:00,User3,1566690,20145,0,0.011,91256293,83637,0,0.014611111111111111,11062,0,0,0
2023-05-16 04:55:29.773000+00:00,User3,1566690,20145,0,0.011,91256293,83637,0,0.015155555555555556,11062,0,0,0
2023-05-16 04:55:29.778000+00:00,User3,1566690,20145,0,0.011,91259407,83640,0,0.015866666666666668,11062,0,0,0
2023-05-16 04:55:29.791000+00:00,User3,1566690,20145,0,0.011,91262521,83643,0,0.015811111111111113,11063,0,0,0
2023-05-16 04:55:29.800000+00:00,User3,1566690,20145,0,0.01,91264598,83645,0,0.016044444444444445,11063,0,0,0
2023-05-16 04:55:29.814000+00:00,User3,1566751,20146,0,0.012,91264598,83645,0,0.015588888888888888,11063,0,0,0
2023-05-16 04:55:29.870000+00:00,User3,1566906,20148,0,0.011,91283385,83662,0,0.015255555555555555,11065,0,0,0
2023-05-16 04:55:29.950000+00:00,User2,1584385,20435,0,0.012,92748567,85094,0,0.016166666666666666,11391,0,0,0
2023-05-16 04:55:29.977000+00:00,User2,1584462,20436,0,0.012,92751919,85097,0,0.0161,11392,0,0,0
2023-05-16 04:55:29.981000+00:00,User2,1584462,20436,0,0.013,92751919,85097,0,0.016066666666666667,11392,0,0,0
2023-05-16 04:55:29.982000+00:00,User2,1584462,20436,0,0.012,92751919,85097,0,0.016122222222222222,11392,0,0,0
2023-05-16 04:55:29.982000+00:00,User2,1584462,20436,0,0.012,92751919,85097,0,0.015755555555555554,11392,0,0,0
2023-05-16 04:55:29.990000+00:00,User2,1584462,20436,0,0.013,92755273,85100,0,0.01631111111111111,11392,0,0,0
2023-05-16 04:55:30.017000+00:00,User2,1584676,20439,0,0.012,92768510,85112,0,0.016355555555555557,11393,0,0,0
2023-05-16 04:55:30.025000+00:00,User2,1584676,20439,0,0.011,92768510,85112,0,0.017033333333333334,11393,0,0,0
2023-05-16 04:55:30.035000+00:00,User3,1567485,20156,2,0.012,91311187,83687,13,0.015655555555555555,10958,11,0,1
2023-05-16 04:55:30.045000+00:00,User2,1584676,20439,0,0.011,92775906,85119,0,0.017377777777777777,11394,0,0,0
2023-05-16 04:55:30.056000+00:00,User1,1575417,20219,0,0.009,83028512,75796,0,0.029011111111111113,9392,0,0,0
2023-05-16 04:55:30.115000+00:00,User2,1584921,20442,0,0.014,92790180,85132,0,0.01697777777777778,11396,0,0,0
2023-05-16 04:55:30.139000+00:00,User2,1585085,20444,0,0.013,92796704,85138,0,0.017244444444444444,11397,0,0,0
2023-05-16 04:55:30.153000+00:00,User2,1585085,20444,0,0.013,92802069,85143,0,0.016566666666666667,11397,0,0,0
2023-05-16 04:55:32.553000+00:00,User1,1584492,20343,0,0.01,83595040,76301,0,0.0292,9429,0,0,0
2023-05-16 04:55:32.570000+00:00,User1,1584575,20344,0,0.01,83595040,76301,0,0.028344444444444443,9430,0,0,0
2023-05-16 04:55:32.572000+00:00,User1,1584575,20344,0,0.01,83595040,76301,0,0.028444444444444446,9429,0,0,0
2023-05-16 04:55:32.606000+00:00,User1,1584758,20346,0,0.011,83595040,76301,0,0.028377777777777776,9431,0,0,0
2023-05-16 04:55:32.602000+00:00,User1,1584758,20346,0,0.011,83595040,76301,0,0.028833333333333332,9431,0,0,0
2023-05-16 04:55:32.614000+00:00,User1,1584758,20346,0,0.009,83595040,76301,0,0.028344444444444443,9431,0,0,0
2023-05-16 04:55:32.618000+00:00,User1,1584842,20347,0,0.011,83597325,76303,0,0.0284,9431,0,0,0
2023-05-16 04:55:32.625000+00:00,User1,1584842,20347,0,0.01,83601897,76307,0,0.029222222222222222,9431,0,0,0
2023-05-16 04:55:32.629000+00:00,User1,1584842,20347,0,0.011,83599733,76305,2,0.029644444444444445,9379,10,0,1
2023-05-16 04:55:32.633000+00:00,User1,1584842,20347,0,0.01,83597325,76303,0,0.029433333333333332,9431,0,0,0
2023-05-16 04:55:32.675000+00:00,User1,1585005,20349,0,0.01,83613291,76317,0,0.02847777777777778,9431,0,0,0
2023-05-16 04:55:32.758000+00:00,User3,1577534,20293,0,0.012,92007426,84324,0,0.015566666666666666,11152,0,0,0
2023-05-16 04:55:32.757000+00:00,User3,1577534,20293,0,0.013,92007426,84324,0,0.015488888888888889,11152,0,0,0
2023-05-16 04:55:32.763000+00:00,User3,1577534,20293,0,0.013,92007426,84324,0,0.015966666666666667,11152,0,0,0
2023-05-16 04:55:32.768000+00:00,User3,1577534,20293,0,0.013,92007426,84324,0,0.01587777777777778,11152,0,0,0
2023-05-16 04:55:32.769000+00:00,User3,1577704,20295,0,0.014,92007426,84324,0,0.0158,11152,0,0,0
2023-05-16 04:55:32.769000+00:00,User3,1577704,20295,0,0.014,92007426,84324,0,0.015822222222222224,11152,0,0,0
2023-05-16 04:55:32.777000+00:00,User3,1577704,20295,0,0.014,92007426,84324,0,0.01611111111111111,11152,0,0,0
2023-05-16 04:55:32.794000+00:00,User3,1577704,20295,0,0.015,92010582,84327,0,0.01577777777777778,11153,0,0,0
2023-05-16 04:55:32.799000+00:00,User3,1577704,20295,0,0.014,92014793,84331,0,0.01633333333333333,11153,0,0,0
2023-05-16 04:55:32.813000+00:00,User3,1577780,20296,0,0.014,92015846,84332,0,0.016522222222222223,11153,0,0,0
2023-05-16 04:55:32.868000+00:00,User3,1577923,20298,0,0.014,92032092,84347,0,0.0168,11155,0,0,0
2023-05-16 04:55:32.953000+00:00,User2,1596189,20586,0,0.012,93531408,85808,0,0.016766666666666666,11481,0,0,0
2023-05-16 04:55:32.981000+00:00,User2,1596189,20586,0,0.012,93532533,85809,0,0.01708888888888889,11482,0,0,0
2023-05-16 04:55:32.977000+00:00,User2,1596189,20586,0,0.012,93532533,85809,0,0.017466666666666665,11482,0,0,0
2023-05-16 04:55:32.984000+00:00,User2,1596189,20586,0,0.012,93532533,85809,0,0.01708888888888889,11482,0,0,0
2023-05-16 04:55:32.983000+00:00,User2,1596282,20587,0,0.012,93535908,85812,0,0.016844444444444443,11483,0,0,0
2023-05-16 04:55:32.987000+00:00,User2,1596282,20587,0,0.012,93538160,85814,0,0.017277777777777777,11483,0,0,0
2023-05-16 04:55:33.016000+00:00,User2,1596359,20588,0,0.012,93547039,85822,0,0.017155555555555556,11483,0,0,0
2023-05-16 04:55:33.024000+00:00,User2,1596359,20588,0,0.011,93547039,85822,0,0.017455555555555554,11483,0,0,0
2023-05-16 04:55:33.038000+00:00,User3,1578589,20306,2,0.012,92058768,84371,13,0.016755555555555555,11048,11,0,1
2023-05-16 04:55:33.045000+00:00,User2,1596443,20589,0,0.011,93552718,85827,0,0.01648888888888889,11484,0,0,0
2023-05-16 04:55:33.054000+00:00,User1,1586563,20368,0,0.008,83704090,76398,0,0.028544444444444445,9437,0,0,0
2023-05-16 04:55:33.116000+00:00,User2,1596714,20593,0,0.01,93569973,85842,0,0.016933333333333335,11486,0,0,0
2023-05-16 04:55:33.139000+00:00,User2,1596794,20594,0,0.011,93573402,85845,0,0.01622222222222222,11487,0,0,0
2023-05-16 04:55:33.152000+00:00,User2,1596970,20596,0,0.011,93575724,85847,0,0.01698888888888889,11487,0,0,0
2023-05-16 04:55:35.556000+00:00,User1,1596177,20493,0,0.009,84236261,76870,0,0.02822222222222222,9474,0,0,0
2023-05-16 04:55:35.571000+00:00,User1,1596260,20494,0,0.009,84236261,76870,0,0.027944444444444445,9475,0,0,0
2023-05-16 04:55:35.576000+00:00,User1,1596260,20494,0,0.009,84236261,76870,0,0.0284,9475,0,0,0
2023-05-16 04:55:35.601000+00:00,User1,1596402,20496,0,0.009,84237347,76871,0,0.027933333333333334,9476,0,0,0
2023-05-16 04:55:35.606000+00:00,User1,1596402,20496,0,0.008,84237347,76871,0,0.027088888888888888,9476,0,0,0
2023-05-16 04:55:35.614000+00:00,User1,1596402,20496,0,0.009,84237347,76871,0,0.027866666666666668,9476,0,0,0
2023-05-16 04:55:35.621000+00:00,User1,1596464,20497,0,0.009,84241694,76875,0,0.027744444444444443,9476,0,0,0
2023-05-16 04:55:35.631000+00:00,User1,1596464,20497,0,0.009,84244955,76878,0,0.027855555555555557,9476,0,0,0
2023-05-16 04:55:35.626000+00:00,User1,1596464,20497,0,0.009,84244955,76878,0,0.02721111111111111,9476,0,0,0
2023-05-16 04:55:35.628000+00:00,User1,1596464,20497,0,0.009,84246052,76879,2,0.027666666666666666,9424,10,0,1
2023-05-16 04:55:35.675000+00:00,User1,1596604,20499,0,0.009,84262624,76894,0,0.027688888888888888,9476,0,0,0
2023-05-16 04:55:35.757000+00:00,User3,1589294,20444,0,0.011,92758360,85011,0,0.0155,11242,0,0,0
2023-05-16 04:55:35.759000+00:00,User3,1589294,20444,0,0.012,92757203,85010,0,0.016066666666666667,11242,0,0,0
2023-05-16 04:55:35.764000+00:00,User3,1589294,20444,0,0.012,92758360,85011,0,0.016155555555555555,11242,0,0,0
2023-05-16 04:55:35.768000+00:00,User3,1589294,20444,0,0.012,92757203,85010,0,0.017144444444444445,11241,0,0,0
2023-05-16 04:55:35.769000+00:00,User3,1589294,20444,0,0.012,92759450,85012,0,0.016555555555555556,11242,0,0,0
2023-05-16 04:55:35.769000+00:00,User3,1589294,20444,0,0.011,92759450,85012,0,0.016277777777777776,11242,0,0,0
2023-05-16 04:55:35.777000+00:00,User3,1589359,20445,0,0.012,92762720,85015,0,0.016344444444444446,11242,0,0,0
2023-05-16 04:55:35.794000+00:00,User3,1589359,20445,0,0.012,92765990,85018,0,0.016366666666666668,11243,0,0,0
2023-05-16 04:55:35.801000+00:00,User3,1589494,20447,0,0.012,92765990,85018,0,0.016355555555555557,11243,0,0,0
2023-05-16 04:55:35.814000+00:00,User3,1589494,20447,0,0.011,92765990,85018,0,0.0162,11243,0,0,0
2023-05-16 04:55:35.868000+00:00,User3,1589655,20449,0,0.013,92781744,85033,0,0.016744444444444444,11245,0,0,0
2023-05-16 04:55:35.952000+00:00,User2,1607715,20736,0,0.012,94271194,86481,0,0.017011111111111112,11572,0,0,0
2023-05-16 04:55:35.978000+00:00,User2,1607715,20736,0,0.012,94275522,86485,0,0.016188888888888888,11572,0,0,0
2023-05-16 04:55:35.982000+00:00,User2,1607715,20736,0,0.013,94275522,86485,0,0.016655555555555555,11572,0,0,0
2023-05-16 04:55:35.981000+00:00,User2,1607715,20736,0,0.012,94275522,86485,0,0.016133333333333333,11572,0,0,0
2023-05-16 04:55:35.983000+00:00,User2,1607810,20737,0,0.012,94276604,86486,0,0.016077777777777778,11572,0,0,0
2023-05-16 04:55:35.988000+00:00,User2,1607810,20737,0,0.012,94278770,86488,0,0.0164,11573,0,0,0
2023-05-16 04:55:36.025000+00:00,User2,1607902,20738,0,0.012,94287782,86496,0,0.015955555555555556,11573,0,0,0
2023-05-16 04:55:36.017000+00:00,User2,1607902,20738,0,0.013,94286649,86495,0,0.016522222222222223,11573,0,0,0
2023-05-16 04:55:36.038000+00:00,User3,1590045,20455,2,0.012,92812808,85060,13,0.0163,11138,11,0,1
2023-05-16 04:55:36.046000+00:00,User2,1607983,20739,0,0.014,94290971,86499,0,0.01671111111111111,11574,0,0,0
2023-05-16 04:55:36.055000+00:00,User1,1598139,20518,0,0.008,84339325,76962,0,0.027733333333333332,9482,0,0,0
2023-05-16 04:55:36.117000+00:00,User2,1608286,20743,0,0.015,94305768,86513,0,0.016755555555555555,11576,0,0,0
2023-05-16 04:55:36.140000+00:00,User2,1608351,20744,0,0.014,94314732,86521,0,0.015911111111111112,11577,0,0,0
2023-05-16 04:55:36.154000+00:00,User2,1608496,20746,0,0.015,94319320,86525,0,0.016244444444444443,11577,0,0,0
2023-05-16 04:55:38.553000+00:00,User1,1607897,20644,0,0.008,84834155,77406,0,0.02481111111111111,9520,0,0,0
2023-05-16 04:55:38.570000+00:00,User1,1607960,20645,0,0.008,84835157,77407,0,0.023944444444444445,9520,0,0,0
2023-05-16 04:55:38.573000+00:00,User1,1607960,20645,0,0.009,84835157,77407,0,0.0238,9520,0,0,0
2023-05-16 04:55:38.602000+00:00,User1,1608022,20646,0,0.008,84837162,77409,0,0.02432222222222222,9520,0,0,0
2023-05-16 04:55:38.608000+00:00,User1,1608022,20646,0,0.008,84837162,77409,0,0.024344444444444443,9520,0,0,0
2023-05-16 04:55:38.612000+00:00,User1,1608022,20646,0,0.009,84837162,77409,0,0.024577777777777778,9520,0,0,0
2023-05-16 04:55:38.619000+00:00,User1,1608022,20646,0,0.008,84837162,77409,0,0.024,9520,0,0,0
2023-05-16 04:55:38.630000+00:00,User1,1608082,20647,0,0.008,84837162,77409,0,0.02438888888888889,9520,0,0,0
2023-05-16 04:55:38.627000+00:00,User1,1608082,20647,0,0.008,84834998,77407,2,0.024411111111111113,9469,10,0,1
2023-05-16 04:55:38.626000+00:00,User1,1608082,20647,0,0.009,84837162,77409,0,0.0244,9521,0,0,0
2023-05-16 04:55:38.675000+00:00,User1,1608212,20649,0,0.008,84837162,77409,0,0.0245,9521,0,0,0
2023-05-16 04:55:38.760000+00:00,User3,1600993,20595,0,0.012,93469759,85666,0,0.013322222222222221,11332,0,0,0
2023-05-16 04:55:38.981000+00:00,User2,1619038,20887,0,0.012,95030625,87174,0,0.017477777777777776,11662,0,0,0
2023-05-16 04:55:38.983000+00:00,User2,1619038,20887,0,0.012,95032683,87176,0,0.01841111111111111,11662,0,0,0
2023-05-16 04:55:38.988000+00:00,User2,1619038,20887,0,0.012,95032683,87176,0,0.017777777777777778,11662,0,0,0
2023-05-16 04:55:39.024000+00:00,User2,1619106,20888,0,0.013,95043230,87186,0,0.018422222222222222,11663,0,0,0
2023-05-16 04:55:39.017000+00:00,User2,1619106,20888,0,0.013,95043230,87186,0,0.01828888888888889,11663,0,0,0
2023-05-16 04:55:39.040000+00:00,User3,1601709,20606,2,0.013,93482931,85680,13,0.009833333333333333,11228,11,0,1
2023-05-16 04:55:39.046000+00:00,User2,1619270,20890,0,0.013,95046410,87189,0,0.018377777777777778,11664,0,0,0
2023-05-16 04:55:39.056000+00:00,User1,1609869,20669,0,0.009,84856985,77430,0,0.019522222222222222,9527,0,0,0
2023-05-16 04:55:39.116000+00:00,User2,1619510,20893,0,0.013,95060583,87202,0,0.017455555555555554,11666,0,0,0
2023-05-16 04:55:39.141000+00:00,User2,1619663,20895,0,0.012,95069285,87210,0,0.0173,11667,0,0,0
2023-05-16 04:55:39.152000+00:00,User2,1619663,20895,0,0.012,95074660,87215,0,0.01818888888888889,11667,0,0,0
2023-05-16 04:55:41.555000+00:00,User1,1619877,20794,0,0.01,85162076,77714,0,0.021866666666666666,9563,0,0,0
2023-05-16 04:55:41.571000+00:00,User1,1619956,20795,0,0.011,85162076,77714,0,0.022166666666666668,9564,0,0,0
2023-05-16 04:55:41.575000+00:00,User1,1619956,20795,0,0.011,85162076,77714,0,0.021944444444444444,9564,0,0,0
2023-05-16 04:55:41.602000+00:00,User1,1620026,20796,0,0.009,85163203,77715,0,0.021511111111111113,9564,0,0,0
2023-05-16 04:55:41.609000+00:00,User1,1620026,20796,0,0.01,85163203,77715,0,0.021222222222222222,9564,0,0,0
2023-05-16 04:55:41.617000+00:00,User1,1620026,20796,0,0.01,85163203,77715,0,0.0211,9564,0,0,0
2023-05-16 04:55:41.619000+00:00,User1,1620026,20796,0,0.01,85168838,77720,0,0.02188888888888889,9565,0,0,0
2023-05-16 04:55:41.629000+00:00,User1,1620026,20796,0,0.011,85168838,77720,0,0.022,9565,0,0,0
2023-05-16 04:55:41.626000+00:00,User1,1620099,20797,0,0.01,85169965,77721,0,0.021544444444444446,9565,0,0,0
2023-05-16 04:55:41.630000+00:00,User1,1620099,20797,0,0.012,85167801,77719,2,0.02141111111111111,9513,10,0,1
2023-05-16 04:55:41.679000+00:00,User1,1620260,20799,0,0.011,85182277,77732,0,0.02142222222222222,9565,0,0,0
2023-05-16 04:55:41.758000+00:00,User3,1612866,20744,0,0.011,93951721,86123,0,0.014733333333333333,11421,0,0,0
2023-05-16 04:55:41.757000+00:00,User3,1612866,20744,0,0.012,93951721,86123,0,0.0144,11421,0,0,0
2023-05-16 04:55:41.768000+00:00,User3,1612866,20744,0,0.012,93951721,86123,0,0.014366666666666666,11421,0,0,0
2023-05-16 04:55:41.768000+00:00,User3,1612866,20744,0,0.012,93951721,86123,0,0.014666666666666666,11421,0,0,0
2023-05-16 04:55:41.769000+00:00,User3,1612866,20744,0,0.012,93951721,86123,0,0.014966666666666666,11421,0,0,0
2023-05-16 04:55:41.773000+00:00,User3,1612866,20744,0,0.012,93951721,86123,0,0.015188888888888889,11421,0,0,0
2023-05-16 04:55:41.779000+00:00,User3,1612866,20744,0,0.013,93955984,86127,0,0.014577777777777778,11421,0,0,0
2023-05-16 04:55:41.796000+00:00,User3,1612998,20746,0,0.014,93959182,86130,0,0.01441111111111111,11421,0,0,0
2023-05-16 04:55:41.803000+00:00,User3,1612998,20746,0,0.013,93959182,86130,0,0.014644444444444444,11422,0,0,0
2023-05-16 04:55:41.816000+00:00,User3,1612998,20746,0,0.013,93960301,86131,0,0.014011111111111111,11422,0,0,0
2023-05-16 04:55:41.869000+00:00,User3,1613215,20749,0,0.013,93983326,86152,0,0.01577777777777778,11424,0,0,0
2023-05-16 04:55:41.953000+00:00,User2,1630502,21034,0,0.011,95780559,87858,0,0.016122222222222222,11751,0,0,0
2023-05-16 04:55:41.978000+00:00,User2,1630681,21036,0,0.014,95787319,87864,0,0.0157,11752,0,0,0
2023-05-16 04:55:41.982000+00:00,User2,1630681,21036,0,0.014,95788446,87865,0,0.015577777777777777,11752,0,0,0
2023-05-16 04:55:41.981000+00:00,User2,1630681,21036,0,0.013,95788446,87865,0,0.015566666666666666,11752,0,0,0
2023-05-16 04:55:41.984000+00:00,User2,1630681,21036,0,0.013,95788446,87865,0,0.0162,11752,0,0,0
2023-05-16 04:55:41.989000+00:00,User2,1630681,21036,0,0.013,95788446,87865,0,0.015966666666666667,11752,0,0,0
2023-05-16 04:55:42.026000+00:00,User2,1630884,21039,0,0.012,95795088,87871,0,0.01598888888888889,11753,0,0,0
2023-05-16 04:55:42.018000+00:00,User2,1630884,21039,0,0.012,95795088,87871,0,0.015577777777777777,11753,0,0,0
2023-05-16 04:55:42.042000+00:00,User3,1613833,20757,2,0.013,94010543,86177,13,0.01587777777777778,11317,11,0,1
2023-05-16 04:55:42.047000+00:00,User2,1630956,21040,0,0.013,95805034,87880,0,0.016644444444444444,11754,0,0,0
2023-05-16 04:55:42.056000+00:00,User1,1621813,20819,0,0.009,85255037,77797,0,0.022566666666666665,9571,0,0,0
2023-05-16 04:55:42.116000+00:00,User2,1631296,21044,0,0.011,95817281,87891,0,0.015655555555555555,11756,0,0,0
2023-05-16 04:55:42.140000+00:00,User2,1631296,21044,0,0.012,95824024,87897,0,0.016144444444444444,11757,0,0,0
2023-05-16 04:55:42.154000+00:00,User2,1631296,21044,0,0.011,95830046,87903,0,0.016788888888888888,11757,0,0,0
2023-05-16 04:55:44.552000+00:00,User1,1631517,20944,0,0.009,85890602,78360,0,0.032322222222222224,9609,0,0,0
2023-05-16 04:55:44.571000+00:00,User1,1631605,20945,0,0.009,85898495,78367,0,0.03233333333333333,9609,0,0,0
2023-05-16 04:55:44.573000+00:00,User1,1631605,20945,0,0.009,85898495,78367,0,0.0321,9609,0,0,0
2023-05-16 04:55:44.608000+00:00,User1,1631684,20946,0,0.008,85907658,78375,0,0.03327777777777778,9610,0,0,0
2023-05-16 04:55:44.605000+00:00,User1,1631684,20946,0,0.009,85907658,78375,0,0.033522222222222224,9610,0,0,0
2023-05-16 04:55:44.614000+00:00,User1,1631684,20946,0,0.009,85907658,78375,0,0.03321111111111111,9610,0,0,0
2023-05-16 04:55:44.620000+00:00,User1,1631754,20947,0,0.008,85915680,78382,0,0.03314444444444444,9610,0,0,0
2023-05-16 04:55:44.629000+00:00,User1,1631846,20948,0,0.009,85915680,78382,0,0.03351111111111111,9610,0,0,0
2023-05-16 04:55:44.626000+00:00,User1,1631846,20948,0,0.009,85915680,78382,0,0.0336,9610,0,0,0
2023-05-16 04:55:44.628000+00:00,User1,1631846,20948,0,0.009,85914662,78381,2,0.033666666666666664,9558,10,0,1
2023-05-16 04:55:44.675000+00:00,User1,1631932,20949,0,0.009,85916826,78383,0,0.03365555555555556,9611,0,0,0
2023-05-16 04:55:44.759000+00:00,User3,1624503,20894,0,0.011,94732361,86836,0,0.016133333333333333,11511,0,0,0
2023-05-16 04:55:44.758000+00:00,User3,1624503,20894,0,0.011,94734693,86838,0,0.016244444444444443,11511,0,0,0
2023-05-16 04:55:44.764000+00:00,User3,1624503,20894,0,0.011,94734693,86838,0,0.015955555555555556,11511,0,0,0
2023-05-16 04:55:44.769000+00:00,User3,1624503,20894,0,0.011,94735842,86839,0,0.01658888888888889,11511,0,0,0
2023-05-16 04:55:44.769000+00:00,User3,1624503,20894,0,0.011,94735842,86839,0,0.0166,11511,0,0,0
2023-05-16 04:55:44.770000+00:00,User3,1624503,20894,0,0.011,94734693,86838,0,0.016066666666666667,11511,0,0,0
2023-05-16 04:55:44.780000+00:00,User3,1624576,20895,0,0.011,94739289,86842,0,0.016633333333333333,11511,0,0,0
2023-05-16 04:55:44.797000+00:00,User3,1624576,20895,0,0.011,94743888,86846,0,0.016966666666666668,11511,0,0,0
2023-05-16 04:55:44.800000+00:00,User3,1624731,20897,0,0.012,94743888,86846,0,0.016877777777777776,11512,0,0,0
2023-05-16 04:55:44.816000+00:00,User3,1624731,20897,0,0.011,94747236,86849,0,0.0165,11512,0,0,0
2023-05-16 04:55:44.869000+00:00,User3,1624890,20899,0,0.01,94761958,86862,0,0.01691111111111111,11514,0,0,0
2023-05-16 04:55:44.952000+00:00,User2,1642408,21185,0,0.013,96317856,88370,0,0.008744444444444445,11841,0,0,0
2023-05-16 04:55:44.978000+00:00,User2,1642492,21186,0,0.014,96321650,88374,0,0.008144444444444444,11842,0,0,0
2023-05-16 04:55:44.982000+00:00,User2,1642492,21186,0,0.013,96321650,88374,0,0.008755555555555556,11842,0,0,0
2023-05-16 04:55:44.983000+00:00,User2,1642577,21187,0,0.013,96321650,88374,0,0.008333333333333333,11842,0,0,0
2023-05-16 04:55:44.987000+00:00,User2,1642492,21186,0,0.014,96321650,88374,0,0.0084,11842,0,0,0
2023-05-16 04:55:44.989000+00:00,User2,1642661,21188,0,0.013,96321650,88374,0,0.008633333333333333,11842,0,0,0
2023-05-16 04:55:45.025000+00:00,User2,1642661,21188,0,0.012,96325480,88378,0,0.00938888888888889,11843,0,0,0
2023-05-16 04:55:45.019000+00:00,User2,1642661,21188,0,0.013,96325480,88378,0,0.0093,11843,0,0,0
2023-05-16 04:55:45.040000+00:00,User3,1625407,20905,2,0.01,94792153,86888,13,0.01778888888888889,11407,11,0,1
2023-05-16 04:55:45.047000+00:00,User2,1642829,21190,0,0.014,96329379,88382,0,0.008944444444444444,11844,0,0,0
2023-05-16 04:55:45.062000+00:00,User1,1633450,20969,0,0.009,86030268,78483,0,0.03365555555555556,9616,0,0,0
2023-05-16 04:55:45.121000+00:00,User2,1642999,21192,0,0.014,96337314,88390,0,0.009255555555555555,11846,0,0,0
2023-05-16 04:55:45.140000+00:00,User2,1643294,21195,0,0.013,96340191,88393,0,0.0081,11847,0,0,0
2023-05-16 04:55:45.152000+00:00,User2,1643294,21195,0,0.013,96341150,88394,0,0.008877777777777778,11847,0,0,0
2023-05-16 04:55:47.553000+00:00,User1,1642958,21093,0,0.01,86550751,78947,0,0.02712222222222222,9654,0,0,0
2023-05-16 04:55:47.571000+00:00,User1,1643093,21095,0,0.01,86551841,78948,0,0.02723333333333333,9654,0,0,0
2023-05-16 04:55:47.574000+00:00,User1,1643093,21095,0,0.011,86551841,78948,0,0.02641111111111111,9654,0,0,0
2023-05-16 04:55:47.608000+00:00,User1,1643164,21096,0,0.01,86551841,78948,0,0.026744444444444446,9655,0,0,0
2023-05-16 04:55:47.606000+00:00,User1,1643164,21096,0,0.011,86551841,78948,0,0.027677777777777777,9654,0,0,0
2023-05-16 04:55:47.621000+00:00,User1,1643164,21096,0,0.01,86551841,78948,0,0.026811111111111112,9655,0,0,0
2023-05-16 04:55:47.619000+00:00,User1,1643306,21098,0,0.01,86551841,78948,0,0.02691111111111111,9655,0,0,0
2023-05-16 04:55:47.632000+00:00,User1,1643306,21098,0,0.01,86551841,78948,0,0.02698888888888889,9655,0,0,0
2023-05-16 04:55:47.627000+00:00,User1,1643306,21098,0,0.01,86551841,78948,0,0.026811111111111112,9655,0,0,0
2023-05-16 04:56:20.618000+00:00,User1,1770550,22743,0,0.011,93158833,84831,0,0.02728888888888889,10138,0,0,0
2023-05-16 04:56:20.637000+00:00,User1,1770624,22744,0,0.011,93166875,84838,0,0.027655555555555555,10139,0,0,0
2023-05-16 04:56:20.628000+00:00,User1,1770624,22744,0,0.012,93166875,84838,0,0.028344444444444443,10138,0,0,0
2023-05-16 04:56:20.631000+00:00,User1,1770624,22744,0,0.011,93166875,84838,0,0.028422222222222224,10139,0,0,0
2023-05-16 04:56:20.635000+00:00,User1,1770624,22744,0,0.011,93164711,84836,2,0.02798888888888889,10086,10,0,1
2023-05-16 04:56:20.679000+00:00,User1,1770769,22746,0,0.01,93170322,84841,0,0.02838888888888889,10139,0,0,0
2023-05-16 04:56:20.762000+00:00,User3,1762874,22684,0,0.011,102982586,94413,0,0.015277777777777777,12548,0,0,0
2023-05-16 04:56:20.765000+00:00,User3,1762874,22684,0,0.011,102982586,94413,0,0.015244444444444444,12548,0,0,0
2023-05-16 04:56:20.770000+00:00,User3,1762874,22684,0,0.01,102982586,94413,0,0.016255555555555554,12548,0,0,0
2023-05-16 04:56:20.771000+00:00,User3,1762874,22684,0,0.01,102983742,94414,0,0.015255555555555555,12548,0,0,0
2023-05-16 04:56:20.779000+00:00,User3,1762874,22684,0,0.01,102983742,94414,0,0.015622222222222221,12548,0,0,0
2023-05-16 04:56:20.772000+00:00,User3,1762949,22685,0,0.011,102984899,94415,0,0.01538888888888889,12548,0,0,0
2023-05-16 04:56:20.806000+00:00,User3,1763014,22686,0,0.011,102990684,94420,0,0.0159,12549,0,0,0
2023-05-16 04:56:20.786000+00:00,User3,1762949,22685,0,0.01,102990684,94420,0,0.015811111111111113,12548,0,0,0
2023-05-16 04:56:20.986000+00:00,User2,1782520,22987,0,0.011,104678336,96069,0,0.01778888888888889,12919,0,0,0
2023-05-16 04:56:20.987000+00:00,User2,1782520,22987,0,0.01,104678336,96069,0,0.017466666666666665,12919,0,0,0
2023-05-16 04:56:20.994000+00:00,User2,1782520,22987,0,0.01,104678336,96069,0,0.01741111111111111,12919,0,0,0
2023-05-16 04:56:21.020000+00:00,User2,1782589,22988,0,0.01,104685500,96076,0,0.0176,12920,0,0,0
2023-05-16 04:56:21.043000+00:00,User2,1782665,22989,0,0.01,104685500,96076,0,0.016566666666666667,12921,0,0,0
2023-05-16 04:56:21.043000+00:00,User3,1763825,22697,2,0.009,103040206,94465,13,0.015277777777777777,12444,11,0,1
2023-05-16 04:56:21.051000+00:00,User2,1782665,22989,0,0.01,104685500,96076,0,0.016766666666666666,12921,0,0,0
2023-05-16 04:56:21.060000+00:00,User1,1772299,22766,0,0.012,93252835,84915,0,0.02811111111111111,10145,0,0,0
2023-05-16 04:56:21.124000+00:00,User2,1782999,22993,0,0.008,104713102,96101,0,0.017666666666666667,12923,0,0,0
2023-05-16 04:56:21.150000+00:00,User2,1783082,22994,0,0.01,104718638,96106,0,0.017244444444444444,12924,0,0,0
2023-05-16 04:56:21.165000+00:00,User2,1783231,22996,0,0.011,104723860,96111,0,0.017144444444444445,12924,0,0,0
2023-05-16 04:56:23.564000+00:00,User1,1781336,22890,0,0.01,93814578,85414,0,0.030355555555555556,10183,0,0,0
2023-05-16 04:56:23.581000+00:00,User1,1781517,22892,0,0.011,93819226,85418,0,0.030155555555555557,10183,0,0,0
2023-05-16 04:56:23.587000+00:00,User1,1781517,22892,0,0.011,93819226,85418,0,0.03041111111111111,10183,0,0,0
2023-05-16 04:56:23.611000+00:00,User1,1781607,22893,0,0.011,93819226,85418,0,0.030466666666666666,10184,0,0,0
2023-05-16 04:56:23.612000+00:00,User1,1781607,22893,0,0.012,93819226,85418,0,0.0305,10184,0,0,0
2023-05-16 04:56:23.618000+00:00,User1,1781607,22893,0,0.013,93819226,85418,0,0.030966666666666667,10184,0,0,0
2023-05-16 04:56:23.630000+00:00,User1,1781767,22895,0,0.012,93821572,85420,2,0.0304,10132,10,0,1
2023-05-16 04:56:23.636000+00:00,User1,1781767,22895,0,0.012,93823736,85422,0,0.029766666666666667,10184,0,0,0
2023-05-16 04:56:23.628000+00:00,User1,1781767,22895,0,0.012,93823736,85422,0,0.030466666666666666,10184,0,0,0
2023-05-16 04:56:23.633000+00:00,User1,1781767,22895,0,0.012,93823736,85422,0,0.03041111111111111,10184,0,0,0
2023-05-16 04:56:23.678000+00:00,User1,1781853,22896,0,0.012,93833888,85431,0,0.031166666666666665,10184,0,0,0
2023-05-16 04:56:23.762000+00:00,User3,1773956,22834,0,0.012,103739134,95102,0,0.015344444444444445,12638,0,0,0
2023-05-16 04:56:23.769000+00:00,User3,1773956,22834,0,0.013,103739134,95102,0,0.015344444444444445,12638,0,0,0
2023-05-16 04:56:23.771000+00:00,User3,1773956,22834,0,0.014,103739134,95102,0,0.015633333333333332,12638,0,0,0
2023-05-16 04:56:23.779000+00:00,User3,1773956,22834,0,0.014,103739134,95102,0,0.016233333333333332,12638,0,0,0
2023-05-16 04:56:23.771000+00:00,User3,1773956,22834,0,0.014,103739134,95102,0,0.015666666666666666,12638,0,0,0
2023-05-16 04:56:23.777000+00:00,User3,1773956,22834,0,0.013,103739134,95102,0,0.015455555555555556,12637,0,0,0
2023-05-16 04:56:23.785000+00:00,User3,1774045,22835,0,0.014,103747177,95109,0,0.014633333333333333,12638,0,0,0
2023-05-16 04:56:23.806000+00:00,User3,1774045,22835,0,0.014,103747177,95109,0,0.015677777777777777,12639,0,0,0
2023-05-16 04:56:23.806000+00:00,User3,1774120,22836,0,0.013,103747177,95109,0,0.015511111111111111,12639,0,0,0
2023-05-16 04:56:23.821000+00:00,User3,1774120,22836,0,0.012,103747177,95109,0,0.014455555555555555,12639,0,0,0
2023-05-16 04:56:23.869000+00:00,User3,1774343,22839,0,0.012,103763530,95124,0,0.015677777777777777,12641,0,0,0
2023-05-16 04:56:23.957000+00:00,User2,1794154,23136,0,0.01,105449498,96775,0,0.0172,13008,0,0,0
2023-05-16 04:56:23.984000+00:00,User2,1794249,23137,0,0.009,105457429,96782,0,0.01741111111111111,13009,0,0,0
2023-05-16 04:56:23.987000+00:00,User2,1794249,23137,0,0.01,105458562,96783,0,0.017622222222222223,13010,0,0,0
2023-05-16 04:56:26.771000+00:00,User3,1785706,22985,0,0.013,104490462,95788,0,0.01471111111111111,12728,0,0,0
2023-05-16 04:56:26.771000+00:00,User3,1785706,22985,0,0.014,104490462,95788,0,0.015422222222222223,12728,0,0,0
2023-05-16 04:56:26.784000+00:00,User3,1785706,22985,0,0.013,104490462,95788,0,0.015733333333333332,12728,0,0,0
2023-05-16 04:56:26.786000+00:00,User3,1785706,22985,0,0.013,104497242,95794,0,0.015488888888888889,12728,0,0,0
2023-05-16 04:56:26.805000+00:00,User3,1785706,22985,0,0.014,104497242,95794,0,0.015677777777777777,12729,0,0,0
2023-05-16 04:56:26.803000+00:00,User3,1785774,22986,0,0.013,104500680,95797,0,0.014722222222222222,12729,0,0,0
2023-05-16 04:56:26.827000+00:00,User3,1785774,22986,0,0.013,104504119,95800,0,0.015166666666666667,12729,0,0,0
2023-05-16 04:56:26.870000+00:00,User3,1785924,22988,0,0.013,104512741,95808,0,0.0154,12731,0,0,0
2023-05-16 04:56:26.956000+00:00,User2,1805695,23286,0,0.009,106191725,97452,0,0.01681111111111111,13099,0,0,0
2023-05-16 04:56:26.985000+00:00,User2,1805695,23286,0,0.009,106198702,97458,0,0.01838888888888889,13099,0,0,0
2023-05-16 04:56:26.985000+00:00,User2,1805695,23286,0,0.009,106198702,97458,0,0.01748888888888889,13100,0,0,0
2023-05-16 04:56:26.988000+00:00,User2,1805695,23286,0,0.01,106198702,97458,0,0.017822222222222222,13100,0,0,0
2023-05-16 04:56:26.994000+00:00,User2,1805695,23286,0,0.01,106198702,97458,0,0.018055555555555554,13099,0,0,0
2023-05-16 04:56:26.994000+00:00,User2,1805790,23287,0,0.008,106198702,97458,0,0.017733333333333334,13100,0,0,0
2023-05-16 04:56:27.021000+00:00,User2,1805960,23289,0,0.009,106205717,97464,0,0.017222222222222222,13100,0,0,0
2023-05-16 04:56:27.040000+00:00,User2,1805960,23289,0,0.009,106207955,97466,0,0.01791111111111111,13101,0,0,0
2023-05-16 04:56:27.044000+00:00,User3,1786498,22996,2,0.014,104544779,95836,13,0.016755555555555555,12624,11,0,1
2023-05-16 04:56:27.052000+00:00,User2,1806042,23290,0,0.009,106213295,97471,0,0.016533333333333334,13101,0,0,0
2023-05-16 04:56:27.062000+00:00,User1,1794900,23064,0,0.01,94570626,86085,0,0.03696666666666667,10235,0,0,0
2023-05-16 04:56:27.122000+00:00,User2,1806335,23294,0,0.009,106230767,97487,0,0.017633333333333334,13103,0,0,0
2023-05-16 04:56:27.150000+00:00,User2,1806402,23295,0,0.009,106237675,97493,0,0.017133333333333334,13104,0,0,0
2023-05-16 04:56:27.165000+00:00,User2,1806480,23296,0,0.009,106241145,97496,0,0.018222222222222223,13104,0,0,0
2023-05-16 04:56:29.562000+00:00,User1,1804677,23190,0,0.01,95082815,86542,0,0.024577777777777778,10273,0,0,0
2023-05-16 04:56:29.577000+00:00,User1,1804677,23190,0,0.01,95082815,86542,0,0.024277777777777777,10273,0,0,0
2023-05-16 04:56:29.587000+00:00,User1,1804743,23191,0,0.01,95082815,86542,0,0.024055555555555556,10273,0,0,0
2023-05-16 04:56:29.611000+00:00,User1,1804812,23192,0,0.01,95083962,86543,0,0.022755555555555557,10273,0,0,0
2023-05-16 04:56:29.612000+00:00,User1,1804812,23192,0,0.01,95086257,86545,0,0.022555555555555554,10273,0,0,0
2023-05-16 04:56:29.618000+00:00,User1,1804812,23192,0,0.01,95086257,86545,0,0.0235,10273,0,0,0
2023-05-16 04:56:29.631000+00:00,User1,1804812,23192,0,0.01,95086257,86545,0,0.023077777777777777,10274,0,0,0
2023-05-16 04:56:29.628000+00:00,User1,1804812,23192,0,0.01,95086257,86545,0,0.02298888888888889,10273,0,0,0
2023-05-16 04:56:29.637000+00:00,User1,1804812,23192,0,0.009,95086257,86545,0,0.02321111111111111,10273,0,0,0
2023-05-16 04:56:29.634000+00:00,User1,1804812,23192,0,0.01,95084093,86543,2,0.023566666666666666,10221,10,0,1
2023-05-16 04:56:29.679000+00:00,User1,1805016,23195,0,0.01,95086257,86545,0,0.023966666666666667,10274,0,0,0
2023-05-16 04:56:29.763000+00:00,User3,1797282,23134,0,0.01,105198057,96439,0,0.012088888888888889,12818,0,0,0
2023-05-16 04:56:29.768000+00:00,User3,1797282,23134,0,0.011,105198057,96439,0,0.012588888888888889,12817,0,0,0
2023-05-16 04:56:29.771000+00:00,User3,1797282,23134,0,0.011,105198988,96440,0,0.012511111111111112,12818,0,0,0
2023-05-16 04:56:29.779000+00:00,User3,1797282,23134,0,0.01,105198988,96440,0,0.012688888888888888,12818,0,0,0
2023-05-16 04:56:29.772000+00:00,User3,1797282,23134,0,0.011,105198988,96440,0,0.012855555555555556,12818,0,0,0
2023-05-16 04:56:29.771000+00:00,User3,1797282,23134,0,0.011,105200850,96442,0,0.012255555555555556,12818,0,0,0
2023-05-16 04:56:29.786000+00:00,User3,1797424,23136,0,0.01,105200850,96442,0,0.01151111111111111,12818,0,0,0
2023-05-16 04:56:29.803000+00:00,User3,1797424,23136,0,0.009,105201809,96443,0,0.011522222222222222,12818,0,0,0
2023-05-16 04:56:29.803000+00:00,User3,1797424,23136,0,0.011,105203729,96445,0,0.011433333333333334,12819,0,0,0
2023-05-16 04:56:29.821000+00:00,User3,1797424,23136,0,0.011,105203729,96445,0,0.011966666666666667,12819,0,0,0
2023-05-16 04:56:29.870000+00:00,User3,1797632,23139,0,0.01,105206586,96448,0,0.010555555555555556,12821,0,0,0
2023-05-16 04:56:29.957000+00:00,User2,1816906,23435,0,0.008,106942349,98138,0,0.016188888888888888,13189,0,0,0
2023-05-16 04:56:29.985000+00:00,User2,1817040,23437,0,0.009,106951766,98147,0,0.017177777777777778,13189,0,0,0
2023-05-16 04:56:29.988000+00:00,User2,1817040,23437,0,0.008,106951766,98147,0,0.0178,13189,0,0,0
2023-05-16 04:56:29.984000+00:00,User2,1817040,23437,0,0.009,106951766,98147,0,0.017222222222222222,13189,0,0,0
2023-05-16 04:56:29.988000+00:00,User2,1817040,23437,0,0.009,106951766,98147,0,0.01698888888888889,13189,0,0,0
2023-05-16 04:56:29.993000+00:00,User2,1817040,23437,0,0.008,106951766,98147,0,0.017977777777777777,13189,0,0,0
2023-05-16 04:56:30.020000+00:00,User2,1817193,23439,0,0.007,106958918,98154,0,0.01672222222222222,13190,0,0,0
2023-05-16 04:56:30.041000+00:00,User2,1817193,23439,0,0.008,106959984,98155,0,0.016944444444444446,13191,0,0,0
2023-05-16 04:56:30.043000+00:00,User3,1798117,23146,2,0.011,105210079,96453,13,0.009188888888888889,12714,11,0,1
2023-05-16 04:56:30.050000+00:00,User2,1817193,23439,0,0.008,106965316,98160,0,0.016777777777777777,13191,0,0,0
2023-05-16 04:56:30.064000+00:00,User1,1806649,23214,0,0.009,95107570,86567,0,0.01928888888888889,10280,0,0,0
2023-05-16 04:56:30.127000+00:00,User2,1817518,23443,0,0.009,106980892,98174,0,0.01661111111111111,13193,0,0,0
2023-05-16 04:56:30.150000+00:00,User2,1817670,23445,0,0.008,106990872,98183,0,0.017233333333333333,13194,0,0,0
2023-05-16 04:56:30.165000+00:00,User2,1817670,23445,0,0.008,106990872,98183,0,0.017255555555555555,13195,0,0,0
2023-05-16 04:56:32.562000+00:00,User1,1816508,23339,0,0.011,95413746,86845,0,0.02202222222222222,10316,0,0,0
2023-05-16 04:56:32.580000+00:00,User1,1816597,23340,0,0.01,95413746,86845,0,0.021477777777777776,10317,0,0,0
2023-05-16 04:56:32.588000+00:00,User1,1816597,23340,0,0.01,95417223,86848,0,0.02107777777777778,10317,0,0,0
2023-05-16 04:56:32.611000+00:00,User1,1816668,23341,0,0.011,95427659,86857,0,0.021144444444444445,10317,0,0,0
2023-05-16 04:56:32.617000+00:00,User1,1816668,23341,0,0.01,95427659,86857,0,0.02142222222222222,10317,0,0,0
2023-05-16 04:56:32.613000+00:00,User1,1816668,23341,0,0.01,95427659,86857,0,0.020933333333333335,10317,0,0,0
2023-05-16 04:56:32.631000+00:00,User1,1816826,23343,0,0.011,95427659,86857,0,0.020566666666666667,10317,0,0,0
2023-05-16 04:56:32.630000+00:00,User1,1816826,23343,0,0.011,95427659,86857,0,0.020622222222222222,10317,0,0,0
2023-05-16 04:56:32.633000+00:00,User1,1816826,23343,0,0.011,95425495,86855,2,0.020833333333333332,10265,10,0,1
2023-05-16 04:56:32.638000+00:00,User1,1816826,23343,0,0.012,95427659,86857,0,0.02108888888888889,10317,0,0,0
2023-05-16 04:56:32.687000+00:00,User1,1816974,23345,0,0.01,95427659,86857,0,0.021555555555555557,10319,0,0,0
2023-05-16 04:56:32.762000+00:00,User3,1809517,23285,0,0.011,105680313,96897,0,0.015422222222222223,12907,0,0,0
2023-05-16 04:56:32.766000+00:00,User3,1809517,23285,0,0.011,105680313,96897,0,0.014822222222222223,12907,0,0,0
2023-05-16 04:56:32.778000+00:00,User3,1809517,23285,0,0.012,105680313,96897,0,0.015055555555555556,12907,0,0,0
2023-05-16 04:56:32.772000+00:00,User3,1809517,23285,0,0.012,105680313,96897,0,0.015366666666666667,12907,0,0,0
2023-05-16 04:56:32.774000+00:00,User3,1809517,23285,0,0.011,105680313,96897,0,0.015655555555555555,12906,0,0,0
2023-05-16 04:56:32.772000+00:00,User3,1809517,23285,0,0.012,105680313,96897,0,0.015477777777777778,12906,0,0,0
2023-05-16 04:56:32.786000+00:00,User3,1809517,23285,0,0.012,105684821,96901,0,0.014655555555555555,12907,0,0,0
2023-05-16 04:56:32.802000+00:00,User3,1809517,23285,0,0.012,105693839,96909,0,0.013911111111111112,12908,0,0,0
2023-05-16 04:56:32.803000+00:00,User3,1809517,23285,0,0.012,105696095,96911,0,0.014944444444444444,12908,0,0,0
2023-05-16 04:56:32.823000+00:00,User3,1809517,23285,0,0.012,105696095,96911,0,0.014366666666666666,12908,0,0,0
2023-05-16 04:56:32.870000+00:00,User3,1809898,23290,0,0.012,105711937,96926,0,0.0165,12910,0,0,0
2023-05-16 04:56:32.959000+00:00,User2,1828662,23586,0,0.01,107697816,98825,0,0.01671111111111111,13278,0,0,0
2023-05-16 04:56:32.984000+00:00,User2,1828662,23586,0,0.009,107705310,98832,0,0.016833333333333332,13279,0,0,0
2023-05-16 04:56:32.988000+00:00,User2,1828731,23587,0,0.01,107705310,98832,0,0.016566666666666667,13279,0,0,0
2023-05-16 04:56:32.985000+00:00,User2,1828731,23587,0,0.01,107705310,98832,0,0.016233333333333332,13279,0,0,0
2023-05-16 04:56:32.988000+00:00,User2,1828731,23587,0,0.009,107705310,98832,0,0.01671111111111111,13279,0,0,0
2023-05-16 04:56:32.993000+00:00,User2,1828731,23587,0,0.01,107705310,98832,0,0.017366666666666666,13280,0,0,0
2023-05-16 04:56:33.021000+00:00,User2,1828798,23588,0,0.01,107715026,98841,0,0.01621111111111111,13280,0,0,0
2023-05-16 04:56:33.043000+00:00,User2,1828798,23588,0,0.01,107715026,98841,0,0.01637777777777778,13281,0,0,0
2023-05-16 04:56:33.044000+00:00,User3,1810344,23296,2,0.011,105745967,96956,13,0.016288888888888887,12803,11,0,1
2023-05-16 04:56:33.055000+00:00,User2,1828870,23589,0,0.01,107716130,98842,0,0.015922222222222223,13281,0,0,0
2023-05-16 04:56:33.064000+00:00,User1,1818487,23364,0,0.009,95512539,86932,0,0.023344444444444445,10324,0,0,0
2023-05-16 04:56:33.124000+00:00,User2,1829203,23593,0,0.012,107739570,98863,0,0.015944444444444445,13283,0,0,0
2023-05-16 04:56:33.149000+00:00,User2,1829283,23594,0,0.01,107742993,98866,0,0.015855555555555557,13284,0,0,0
2023-05-16 04:56:33.164000+00:00,User2,1829430,23596,0,0.011,107746417,98869,0,0.016155555555555555,13285,0,0,0
2023-05-16 04:56:35.563000+00:00,User1,1828243,23489,0,0.012,96144544,87487,0,0.03422222222222222,10362,0,0,0
2023-05-16 04:56:35.579000+00:00,User1,1828331,23490,0,0.01,96152671,87494,0,0.034355555555555556,10362,0,0,0
2023-05-16 04:56:35.588000+00:00,User1,1828331,23490,0,0.011,96155983,87497,0,0.033966666666666666,10362,0,0,0
2023-05-16 04:56:35.611000+00:00,User1,1828411,23491,0,0.011,96167023,87507,0,0.0338,10362,0,0,0
2023-05-16 04:56:35.616000+00:00,User1,1828411,23491,0,0.011,96168127,87508,0,0.03403333333333333,10362,0,0,0
2023-05-16 04:56:35.613000+00:00,User1,1828411,23491,0,0.012,96168127,87508,0,0.0337,10362,0,0,0
2023-05-16 04:56:35.631000+00:00,User1,1828573,23493,0,0.01,96168127,87508,0,0.033466666666666665,10363,0,0,0
2023-05-16 04:56:35.629000+00:00,User1,1828573,23493,0,0.01,96168127,87508,0,0.0339,10363,0,0,0
2023-05-16 04:56:35.633000+00:00,User1,1828573,23493,0,0.01,96165963,87506,2,0.0339,10311,10,0,1
2023-05-16 04:56:35.637000+00:00,User1,1828573,23493,0,0.011,96168127,87508,0,0.03381111111111111,10363,0,0,0
2023-05-16 04:56:35.679000+00:00,User1,1828753,23495,0,0.011,96168127,87508,0,0.034666666666666665,10364,0,0,0
2023-05-16 04:56:35.762000+00:00,User3,1821191,23435,0,0.012,106463804,97615,0,0.014855555555555556,12997,0,0,0
2023-05-16 04:56:35.767000+00:00,User3,1821191,23435,0,0.013,106463804,97615,0,0.014688888888888888,12996,0,0,0
2023-05-16 04:56:35.772000+00:00,User3,1821191,23435,0,0.012,106464923,97616,0,0.015288888888888888,12997,0,0,0
2023-05-16 04:56:41.633000+00:00,User1,1851538,23793,0,0.012,97732373,88911,2,0.015111111111111112,10445,10,0,1
2023-05-16 04:56:41.633000+00:00,User1,1851538,23793,0,0.012,97734537,88913,0,0.015155555555555556,10497,0,0,0
2023-05-16 04:56:41.640000+00:00,User1,1851538,23793,0,0.012,97734537,88913,0,0.014922222222222222,10497,0,0,0
2023-05-16 04:56:41.679000+00:00,User1,1851669,23795,0,0.01,97740901,88919,0,0.015455555555555556,10499,0,0,0
2023-05-16 04:56:41.763000+00:00,User3,1843893,23734,0,0.008,107959053,98981,0,0.015533333333333333,13176,0,0,0
2023-05-16 04:56:41.767000+00:00,User3,1843893,23734,0,0.008,107959053,98981,0,0.015766666666666665,13177,0,0,0
2023-05-16 04:56:41.772000+00:00,User3,1843893,23734,0,0.008,107960123,98982,0,0.016422222222222223,13177,0,0,0
2023-05-16 04:56:41.775000+00:00,User3,1843893,23734,0,0.009,107960123,98982,0,0.015555555555555555,13177,0,0,0
2023-05-16 04:56:41.781000+00:00,User3,1843893,23734,0,0.009,107960123,98982,0,0.01668888888888889,13177,0,0,0
2023-05-16 04:56:41.772000+00:00,User3,1843893,23734,0,0.008,107960123,98982,0,0.01572222222222222,13177,0,0,0
2023-05-16 04:56:41.787000+00:00,User3,1843964,23735,0,0.009,107965473,98987,0,0.01608888888888889,13177,0,0,0
2023-05-16 04:56:41.804000+00:00,User3,1843964,23735,0,0.008,107965473,98987,0,0.015655555555555555,13178,0,0,0
2023-05-16 04:56:41.806000+00:00,User3,1843964,23735,0,0.008,107965473,98987,0,0.015744444444444443,13178,0,0,0
2023-05-16 04:56:41.824000+00:00,User3,1844132,23737,0,0.008,107966590,98988,0,0.015144444444444445,13178,0,0,0
2023-05-16 04:56:41.873000+00:00,User3,1844278,23739,0,0.009,107984626,99004,0,0.016555555555555556,13180,0,0,0
2023-05-16 04:56:41.958000+00:00,User2,1863952,24035,0,0.012,109656535,100637,0,0.016277777777777776,13548,0,0,0
2023-05-16 04:56:41.984000+00:00,User2,1864199,24038,0,0.012,109659993,100640,0,0.01501111111111111,13548,0,0,0
2023-05-16 04:56:41.987000+00:00,User2,1864199,24038,0,0.012,109659993,100640,0,0.015622222222222221,13548,0,0,0
2023-05-16 04:56:48.053000+00:00,User2,1887138,24339,0,0.008,111181710,102024,0,0.015366666666666667,13730,0,0,0
2023-05-16 04:56:48.063000+00:00,User1,1877054,24114,0,0.009,98894495,90007,0,0.0096,10690,0,0,0
2023-05-16 04:56:48.129000+00:00,User2,1887501,24344,0,0.009,111201982,102042,0,0.015644444444444443,13732,0,0,0
2023-05-16 04:56:48.152000+00:00,User2,1887566,24345,0,0.009,111209173,102049,0,0.0153,13733,0,0,0
2023-05-16 04:56:48.166000+00:00,User2,1887566,24345,0,0.01,111209173,102049,0,0.016055555555555556,13734,0,0,0
2023-05-16 04:56:50.565000+00:00,User1,1886969,24239,0,0.009,99503568,90562,0,0.015633333333333332,10764,0,0,0
2023-05-16 04:56:50.583000+00:00,User1,1887051,24240,0,0.009,99510062,90568,0,0.016733333333333333,10765,0,0,0
2023-05-16 04:56:50.589000+00:00,User1,1887051,24240,0,0.009,99513311,90571,0,0.015955555555555556,10765,0,0,0
2023-05-16 04:56:50.612000+00:00,User1,1887234,24242,0,0.01,99518774,90576,0,0.01707777777777778,10766,0,0,0
2023-05-16 04:56:50.617000+00:00,User1,1887234,24242,0,0.01,99521036,90578,0,0.016788888888888888,10766,0,0,0
2023-05-16 04:56:50.615000+00:00,User1,1887234,24242,0,0.01,99522167,90579,0,0.016844444444444443,10766,0,0,0
2023-05-16 04:56:50.630000+00:00,User1,1887313,24243,0,0.008,99522167,90579,0,0.016466666666666668,10767,0,0,0
2023-05-16 04:56:50.639000+00:00,User1,1887313,24243,0,0.009,99522167,90579,0,0.016666666666666666,10766,0,0,0
2023-05-16 04:56:50.634000+00:00,User1,1887313,24243,0,0.01,99522167,90579,0,0.016633333333333333,10766,0,0,0
2023-05-16 04:56:50.637000+00:00,User1,1887313,24243,0,0.009,99520003,90577,2,0.01671111111111111,10714,10,0,1
2023-05-16 04:56:50.680000+00:00,User1,1887398,24244,0,0.009,99529671,90586,0,0.016255555555555554,10768,0,0,0
2023-05-16 04:56:50.763000+00:00,User3,1879307,24184,0,0.008,109924332,100802,0,0.0162,13446,0,0,0
2023-05-16 04:56:50.779000+00:00,User3,1879307,24184,0,0.01,109924332,100802,0,0.017466666666666665,13446,0,0,0
2023-05-16 04:56:50.773000+00:00,User3,1879307,24184,0,0.009,109924332,100802,0,0.01622222222222222,13446,0,0,0
2023-05-16 04:56:50.774000+00:00,User3,1879240,24183,0,0.009,109924332,100802,0,0.017133333333333334,13446,0,0,0
2023-05-16 04:56:50.775000+00:00,User3,1879307,24184,0,0.009,109924332,100802,0,0.017244444444444444,13446,0,0,0
2023-05-16 04:56:50.773000+00:00,User3,1879307,24184,0,0.01,109924332,100802,0,0.016888888888888887,13446,0,0,0
2023-05-16 04:56:50.787000+00:00,User3,1879443,24186,0,0.009,109928572,100806,0,0.01691111111111111,13447,0,0,0
2023-05-16 04:56:50.804000+00:00,User3,1879443,24186,0,0.008,109931752,100809,0,0.016955555555555557,13447,0,0,0
2023-05-16 04:56:50.809000+00:00,User3,1879443,24186,0,0.01,109932892,100810,0,0.017333333333333333,13447,0,0,0
2023-05-16 04:56:50.825000+00:00,User3,1879443,24186,0,0.011,109934032,100811,0,0.017355555555555555,13447,0,0,0
2023-05-16 04:56:50.872000+00:00,User3,1879649,24189,0,0.01,109951486,100827,0,0.017222222222222222,13449,0,0,0
2023-05-16 04:56:50.960000+00:00,User2,1898602,24486,0,0.011,111911544,102691,0,0.016344444444444446,13818,0,0,0
2023-05-16 04:56:50.984000+00:00,User2,1898693,24487,0,0.01,111920763,102699,0,0.016566666666666667,13818,0,0,0
2023-05-16 04:56:50.988000+00:00,User2,1898693,24487,0,0.011,111920763,102699,0,0.01708888888888889,13818,0,0,0
2023-05-16 04:56:50.985000+00:00,User2,1898693,24487,0,0.009,111920763,102699,0,0.016644444444444444,13818,0,0,0
2023-05-16 04:56:50.990000+00:00,User2,1898693,24487,0,0.01,111920763,102699,0,0.016022222222222222,13818,0,0,0
2023-05-16 04:56:50.995000+00:00,User2,1898693,24487,0,0.01,111920763,102699,0,0.01647777777777778,13818,0,0,0
2023-05-16 04:56:51.024000+00:00,User2,1898778,24488,0,0.01,111928920,102706,0,0.01577777777777778,13819,0,0,0
2023-05-16 04:56:51.045000+00:00,User2,1898861,24489,0,0.01,111930024,102707,0,0.015533333333333333,13820,0,0,0
2023-05-16 04:56:51.046000+00:00,User3,1880235,24196,2,0.01,109982400,100855,13,0.017522222222222224,13342,11,0,1
2023-05-16 04:56:51.055000+00:00,User2,1899011,24491,0,0.01,111936653,102713,0,0.015511111111111111,13820,0,0,0
2023-05-16 04:56:51.069000+00:00,User1,1888942,24264,0,0.008,99635125,90681,0,0.016566666666666667,10779,0,0,0
2023-05-16 04:56:51.129000+00:00,User2,1899167,24493,0,0.011,111952077,102727,0,0.0148,13822,0,0,0
2023-05-16 04:56:51.152000+00:00,User2,1899416,24496,0,0.011,111957446,102732,0,0.01587777777777778,13823,0,0,0
2023-05-16 04:56:51.170000+00:00,User2,1899416,24496,0,0.01,111964794,102739,0,0.015266666666666666,13824,0,0,0
2023-05-16 04:56:53.564000+00:00,User1,1898661,24390,0,0.01,100250050,91245,0,0.014222222222222223,10855,0,0,0
2023-05-16 04:56:53.582000+00:00,User1,1898661,24390,0,0.011,100259947,91254,0,0.015577777777777777,10855,0,0,0
2023-05-16 04:56:53.589000+00:00,User1,1898661,24390,0,0.01,100259947,91254,0,0.015644444444444443,10855,0,0,0
2023-05-16 04:56:53.612000+00:00,User1,1898827,24392,0,0.01,100265382,91259,0,0.01538888888888889,10856,0,0,0
2023-05-16 04:56:53.617000+00:00,User1,1898827,24392,0,0.01,100266393,91260,0,0.016044444444444445,10856,0,0,0
2023-05-16 04:56:53.614000+00:00,User1,1898827,24392,0,0.01,100266393,91260,0,0.015666666666666666,10856,0,0,0
2023-05-16 04:56:53.630000+00:00,User1,1898827,24392,0,0.01,100272461,91266,0,0.014822222222222223,10857,0,0,0
2023-05-16 04:56:53.633000+00:00,User1,1898827,24392,0,0.01,100272461,91266,0,0.015355555555555556,10857,0,0,0
2023-05-16 04:56:53.637000+00:00,User1,1898827,24392,0,0.01,100270297,91264,2,0.01508888888888889,10805,10,0,1
2023-05-16 04:56:53.639000+00:00,User1,1898827,24392,0,0.011,100272461,91266,0,0.01561111111111111,10857,0,0,0
2023-05-16 04:56:53.684000+00:00,User1,1899080,24395,0,0.011,100280070,91273,0,0.015333333333333332,10858,0,0,0
2023-05-16 04:56:53.767000+00:00,User3,1890859,24334,0,0.009,110687233,101500,0,0.015,13536,0,0,0
2023-05-16 04:56:53.764000+00:00,User3,1890859,24334,0,0.008,110687233,101500,0,0.014733333333333333,13536,0,0,0
2023-05-16 04:56:53.779000+00:00,User3,1890927,24335,0,0.01,110688367,101501,0,0.015122222222222223,13536,0,0,0
2023-05-16 04:56:53.773000+00:00,User3,1890927,24335,0,0.01,110688367,101501,0,0.014233333333333334,13536,0,0,0
2023-05-16 04:56:53.989000+00:00,User2,1910663,24637,0,0.008,112355106,103122,0,0.011466666666666667,13907,0,0,0
2023-05-16 04:56:53.995000+00:00,User2,1910663,24637,0,0.008,112355106,103122,0,0.011544444444444444,13907,0,0,0
2023-05-16 04:56:54.023000+00:00,User2,1910906,24640,0,0.01,112362655,103129,0,0.011333333333333334,13908,0,0,0
2023-05-16 04:56:54.043000+00:00,User2,1910906,24640,0,0.009,112365991,103132,0,0.012244444444444445,13909,0,0,0
2023-05-16 04:56:54.046000+00:00,User3,1891809,24346,2,0.01,110735723,101544,13,0.014444444444444444,13432,11,0,1
2023-05-16 04:56:54.054000+00:00,User2,1910906,24640,0,0.009,112372669,103138,0,0.012655555555555555,13909,0,0,0
2023-05-16 04:56:54.066000+00:00,User1,1900515,24415,0,0.01,100380588,91365,0,0.015855555555555557,10870,0,0,0
2023-05-16 04:56:54.131000+00:00,User2,1911149,24643,0,0.01,112391966,103156,0,0.013122222222222223,13911,0,0,0
2023-05-16 04:56:54.151000+00:00,User2,1911311,24645,0,0.01,112398902,103162,0,0.012366666666666666,13912,0,0,0
2023-05-16 04:56:54.173000+00:00,User2,1911392,24646,0,0.009,112398902,103162,0,0.012544444444444445,13913,0,0,0
2023-05-16 04:56:56.567000+00:00,User1,1909982,24539,0,0.009,101007835,91937,0,0.018711111111111112,10944,0,0,0
2023-05-16 04:56:56.582000+00:00,User1,1910044,24540,0,0.009,101014320,91943,0,0.018766666666666668,10945,0,0,0
2023-05-16 04:56:56.591000+00:00,User1,1910044,24540,0,0.009,101014320,91943,0,0.018377777777777778,10945,0,0,0
2023-05-16 04:56:56.612000+00:00,User1,1910112,24541,0,0.01,101014320,91943,0,0.01888888888888889,10946,0,0,0
2023-05-16 04:56:56.617000+00:00,User1,1910112,24541,0,0.01,101014320,91943,0,0.01791111111111111,10946,0,0,0
2023-05-16 04:56:56.619000+00:00,User1,1910112,24541,0,0.009,101015398,91944,0,0.017044444444444445,10946,0,0,0
2023-05-16 04:56:56.630000+00:00,User1,1910250,24543,0,0.011,101021872,91950,0,0.017611111111111112,10947,0,0,0
2023-05-16 04:56:56.634000+00:00,User1,1910250,24543,0,0.01,101022951,91951,0,0.017177777777777778,10947,0,0,0
2023-05-16 04:56:56.637000+00:00,User1,1910250,24543,0,0.01,101020787,91949,2,0.017777777777777778,10895,10,0,1
2023-05-16 04:56:56.644000+00:00,User1,1910250,24543,0,0.01,101022951,91951,0,0.01792222222222222,10947,0,0,0
2023-05-16 04:56:56.683000+00:00,User1,1910388,24545,0,0.01,101029775,91957,0,0.017266666666666666,10948,0,0,0
2023-05-16 04:56:56.763000+00:00,User3,1902230,24484,0,0.009,111442554,102188,0,0.014322222222222222,13626,0,0,0
2023-05-16 04:57:38.777000+00:00,User3,2065014,26581,0,0.012,121103700,111083,0,0.007555555555555556,14862,0,0,0
2023-05-16 04:57:38.784000+00:00,User3,2065014,26581,0,0.012,121103700,111083,0,0.0071,14862,0,0,0
2023-05-16 04:57:38.794000+00:00,User3,2065014,26581,0,0.012,121104647,111084,0,0.007355555555555555,14862,0,0,0
2023-05-16 04:57:38.805000+00:00,User3,2065014,26581,0,0.012,121106542,111086,0,0.007855555555555555,14863,0,0,0
2023-05-16 04:57:38.807000+00:00,User3,2065099,26582,0,0.012,121107490,111087,0,0.007844444444444444,14863,0,0,0
2023-05-16 04:57:38.841000+00:00,User3,2065183,26583,0,0.012,121107490,111087,0,0.007622222222222222,14864,0,0,0
2023-05-16 04:57:38.874000+00:00,User3,2065351,26585,0,0.012,121113192,111093,0,0.007511111111111111,14865,0,0,0
2023-05-16 04:57:38.963000+00:00,User2,2084733,26886,0,0.011,123077893,112971,0,0.01661111111111111,15255,0,0,0
2023-05-16 04:57:38.989000+00:00,User2,2084819,26887,0,0.01,123085827,112978,0,0.014844444444444445,15255,0,0,0
2023-05-16 04:57:38.993000+00:00,User2,2084819,26887,0,0.011,123085827,112978,0,0.015766666666666665,15255,0,0,0
2023-05-16 04:57:38.995000+00:00,User2,2084819,26887,0,0.01,123085827,112978,0,0.01571111111111111,15255,0,0,0
2023-05-16 04:57:39.002000+00:00,User2,2084819,26887,0,0.01,123085827,112978,0,0.01561111111111111,15255,0,0,0
2023-05-16 04:57:39+00:00,User2,2084819,26887,0,0.009,123085827,112978,0,0.015566666666666666,15256,0,0,0
2023-05-16 04:57:39.030000+00:00,User2,2084988,26889,0,0.009,123093420,112985,0,0.01538888888888889,15257,0,0,0
2023-05-16 04:57:39.050000+00:00,User2,2085065,26890,0,0.009,123098663,112990,0,0.014755555555555555,15257,0,0,0
2023-05-16 04:57:39.054000+00:00,User3,2065906,26591,2,0.015,121120638,111102,13,0.008811111111111112,14758,11,0,1
2023-05-16 04:57:39.061000+00:00,User2,2085065,26890,0,0.009,123101810,112993,0,0.014822222222222223,15257,0,0,0
2023-05-16 04:57:39.069000+00:00,User1,2075062,26662,0,0.011,110684356,100841,0,0.008055555555555555,12181,0,0,0
2023-05-16 04:57:39.140000+00:00,User2,2085414,26895,0,0.009,123117103,113007,0,0.015433333333333334,15259,0,0,0
2023-05-16 04:57:39.156000+00:00,User2,2085414,26895,0,0.009,123124896,113014,0,0.015133333333333334,15260,0,0,0
2023-05-16 04:57:39.181000+00:00,User2,2085562,26897,0,0.01,123132905,113021,0,0.014922222222222222,15261,0,0,0
2023-05-16 04:57:41.568000+00:00,User1,2085054,26786,0,0.009,111292773,101399,0,0.015411111111111112,12255,0,0,0
2023-05-16 04:57:41.582000+00:00,User1,2085223,26788,0,0.01,111292773,101399,0,0.015911111111111112,12255,0,0,0
2023-05-16 04:57:41.597000+00:00,User1,2085223,26788,0,0.009,111298536,101404,0,0.014877777777777778,12256,0,0,0
2023-05-16 04:57:41.615000+00:00,User1,2085223,26788,0,0.009,111301995,101407,0,0.014655555555555555,12256,0,0,0
2023-05-16 04:57:41.626000+00:00,User1,2085307,26789,0,0.009,111311266,101415,0,0.016033333333333333,12256,0,0,0
2023-05-16 04:57:41.621000+00:00,User1,2085307,26789,0,0.009,111311266,101415,0,0.016133333333333333,12256,0,0,0
2023-05-16 04:57:41.632000+00:00,User1,2085391,26790,0,0.009,111311266,101415,0,0.015755555555555554,12257,0,0,0
2023-05-16 04:57:41.645000+00:00,User1,2085391,26790,0,0.009,111309102,101413,2,0.01587777777777778,12205,10,0,1
2023-05-16 04:57:41.640000+00:00,User1,2085391,26790,0,0.009,111311266,101415,0,0.016255555555555554,12257,0,0,0
2023-05-16 04:57:41.664000+00:00,User1,2085391,26790,0,0.01,111317757,101421,0,0.015266666666666666,12257,0,0,0
2023-05-16 04:57:41.688000+00:00,User1,2085477,26791,0,0.01,111317757,101421,0,0.015911111111111112,12258,0,0,0
2023-05-16 04:57:41.775000+00:00,User3,2077068,26729,0,0.013,121747422,111681,0,0.017255555555555555,14951,0,0,0
2023-05-16 04:57:41.776000+00:00,User3,2077140,26730,0,0.013,121748441,111682,0,0.016433333333333335,14951,0,0,0
2023-05-16 04:57:41.774000+00:00,User3,2077140,26730,0,0.013,121748441,111682,0,0.017133333333333334,14951,0,0,0
2023-05-16 04:57:41.784000+00:00,User3,2077140,26730,0,0.013,121749460,111683,0,0.0168,14951,0,0,0
2023-05-16 04:57:41.778000+00:00,User3,2077068,26729,0,0.013,121746403,111680,0,0.017433333333333332,14951,0,0,0
2023-05-16 04:57:41.783000+00:00,User3,2077140,26730,0,0.012,121752518,111686,0,0.017233333333333333,14951,0,0,0
2023-05-16 04:57:41.795000+00:00,User3,2077140,26730,0,0.013,121753538,111687,0,0.017511111111111113,14951,0,0,0
2023-05-16 04:57:41.808000+00:00,User3,2077140,26730,0,0.013,121753538,111687,0,0.017555555555555557,14951,0,0,0
2023-05-16 04:57:41.807000+00:00,User3,2077205,26731,0,0.013,121753538,111687,0,0.016933333333333335,14952,0,0,0
2023-05-16 04:57:41.841000+00:00,User3,2077341,26733,0,0.013,121764788,111697,0,0.016533333333333334,14953,0,0,0
2023-05-16 04:57:41.877000+00:00,User3,2077404,26734,0,0.013,121772914,111705,0,0.017822222222222222,14954,0,0,0
2023-05-16 04:57:41.972000+00:00,User2,2096448,27036,0,0.01,123832342,113658,0,0.01611111111111111,15345,0,0,0
2023-05-16 04:57:41.992000+00:00,User2,2096539,27037,0,0.009,123840034,113665,0,0.016566666666666667,15346,0,0,0
2023-05-16 04:57:41.989000+00:00,User2,2096539,27037,0,0.009,123840034,113665,0,0.016266666666666665,15346,0,0,0
2023-05-16 04:57:41.995000+00:00,User2,2096539,27037,0,0.01,123840034,113665,0,0.01731111111111111,15345,0,0,0
2023-05-16 04:57:42.001000+00:00,User2,2096539,27037,0,0.009,123840034,113665,0,0.01658888888888889,15346,0,0,0
2023-05-16 04:57:42.001000+00:00,User2,2096539,27037,0,0.008,123840034,113665,0,0.016577777777777778,15346,0,0,0
2023-05-16 04:57:42.030000+00:00,User2,2096625,27038,0,0.008,123848038,113672,0,0.01588888888888889,15347,0,0,0
2023-05-16 04:57:42.051000+00:00,User2,2096785,27040,0,0.009,123854631,113678,0,0.016233333333333332,15347,0,0,0
2023-05-16 04:57:42.054000+00:00,User3,2077992,26741,2,0.012,121803640,111733,13,0.016755555555555555,14847,11,0,1
2023-05-16 04:57:42.060000+00:00,User2,2096859,27041,0,0.009,123855730,113679,0,0.016033333333333333,15347,0,0,0
2023-05-16 04:57:42.071000+00:00,User1,2087030,26811,0,0.009,111421041,101515,0,0.016777777777777777,12270,0,0,0
2023-05-16 04:57:42.139000+00:00,User2,2097180,27045,0,0.009,123872425,113694,0,0.016522222222222223,15350,0,0,0
2023-05-16 04:57:42.156000+00:00,User2,2097180,27045,0,0.009,123880886,113702,0,0.015588888888888888,15350,0,0,0
2023-05-16 04:57:42.182000+00:00,User2,2097356,27047,0,0.009,123886141,113707,0,0.015211111111111111,15351,0,0,0
2023-05-16 04:57:44.569000+00:00,User1,2096809,26937,0,0.009,112036084,102081,0,0.015344444444444445,12345,0,0,0
2023-05-16 04:57:44.584000+00:00,User1,2096809,26937,0,0.009,112043680,102088,0,0.014977777777777777,12345,0,0,0
2023-05-16 04:57:44.599000+00:00,User1,2096896,26938,0,0.009,112043680,102088,0,0.0155,12346,0,0,0
2023-05-16 04:57:44.615000+00:00,User1,2096988,26939,0,0.009,112043680,102088,0,0.015766666666666665,12346,0,0,0
2023-05-16 04:57:44.626000+00:00,User1,2096988,26939,0,0.009,112044798,102089,0,0.014277777777777778,12346,0,0,0
2023-05-16 04:57:44.623000+00:00,User1,2096988,26939,0,0.009,112044798,102089,0,0.014577777777777778,12346,0,0,0
2023-05-16 04:57:44.639000+00:00,User1,2096988,26939,0,0.009,112053748,102097,0,0.014688888888888888,12347,0,0,0
2023-05-16 04:57:44.636000+00:00,User1,2096988,26939,0,0.01,112051510,102095,0,0.0148,12347,0,0,0
2023-05-16 04:57:44.644000+00:00,User1,2096988,26939,0,0.009,112051584,102095,2,0.0142,12295,10,0,1
2023-05-16 04:57:44.664000+00:00,User1,2097070,26940,0,0.011,112054906,102098,0,0.0149,12347,0,0,0
2023-05-16 04:57:44.687000+00:00,User1,2097224,26942,0,0.011,112061830,102104,0,0.014822222222222223,12348,0,0,0
2023-05-16 04:57:44.776000+00:00,User3,2088692,26880,0,0.01,122507719,112378,0,0.015155555555555556,15041,0,0,0
2023-05-16 04:57:44.774000+00:00,User3,2088692,26880,0,0.01,122507719,112378,0,0.015522222222222222,15041,0,0,0
2023-05-16 04:57:44.778000+00:00,User3,2088692,26880,0,0.01,122510821,112381,0,0.014822222222222223,15041,0,0,0
2023-05-16 04:57:44.787000+00:00,User3,2088692,26880,0,0.011,122510821,112381,0,0.014833333333333334,15041,0,0,0
2023-05-16 04:57:44.782000+00:00,User3,2088692,26880,0,0.01,122512889,112383,0,0.015755555555555554,15041,0,0,0
2023-05-16 04:57:44.776000+00:00,User3,2088692,26880,0,0.011,122507719,112378,0,0.015811111111111113,15041,0,0,0
2023-05-16 04:57:44.797000+00:00,User3,2088692,26880,0,0.011,122513923,112384,0,0.015155555555555556,15041,0,0,0
2023-05-16 04:57:44.807000+00:00,User3,2088761,26881,0,0.011,122513923,112384,0,0.01622222222222222,15042,0,0,0
2023-05-16 04:57:44.807000+00:00,User3,2088761,26881,0,0.01,122514929,112385,0,0.014555555555555556,15042,0,0,0
2023-05-16 04:57:44.841000+00:00,User3,2088926,26883,0,0.012,122520970,112391,0,0.01501111111111111,15043,0,0,0
2023-05-16 04:57:44.878000+00:00,User3,2089009,26884,0,0.011,122527575,112397,0,0.016033333333333333,15044,0,0,0
2023-05-16 04:57:44.976000+00:00,User2,2108442,27186,0,0.009,124264915,114076,0,0.011922222222222223,15434,0,0,0
2023-05-16 04:57:44.992000+00:00,User2,2108523,27187,0,0.009,124273427,114084,0,0.011933333333333334,15434,0,0,0
2023-05-16 04:57:44.990000+00:00,User2,2108523,27187,0,0.009,124273427,114084,0,0.01218888888888889,15434,0,0,0
2023-05-16 04:57:44.996000+00:00,User2,2108523,27187,0,0.009,124273427,114084,0,0.01198888888888889,15434,0,0,0
2023-05-16 04:57:45.001000+00:00,User2,2108523,27187,0,0.008,124274464,114085,0,0.012122222222222222,15435,0,0,0
2023-05-16 04:57:45.001000+00:00,User2,2108523,27187,0,0.009,124274464,114085,0,0.012311111111111111,15434,0,0,0
2023-05-16 04:57:45.032000+00:00,User2,2108766,27190,0,0.009,124279651,114090,0,0.011822222222222222,15435,0,0,0
2023-05-16 04:57:45.051000+00:00,User2,2108766,27190,0,0.009,124283122,114093,0,0.012611111111111111,15436,0,0,0
2023-05-16 04:57:45.061000+00:00,User2,2108847,27191,0,0.009,124286593,114096,0,0.012155555555555555,15436,0,0,0
2023-05-16 04:57:45.054000+00:00,User3,2089636,26892,2,0.011,122557526,112426,13,0.016744444444444444,14937,11,0,1
2023-05-16 04:57:45.071000+00:00,User1,2098576,26961,0,0.01,112162959,102197,0,0.016255555555555554,12360,0,0,0
2023-05-16 04:57:45.141000+00:00,User2,2109171,27195,0,0.009,124305640,114113,0,0.011922222222222223,15438,0,0,0
2023-05-16 04:57:45.156000+00:00,User2,2109252,27196,0,0.009,124315554,114122,0,0.01278888888888889,15439,0,0,0
2023-05-16 04:57:45.182000+00:00,User2,2109333,27197,0,0.009,124321932,114128,0,0.013266666666666666,15440,0,0,0
2023-05-16 04:57:47.570000+00:00,User1,2108156,27086,0,0.008,112796518,102773,0,0.017888888888888888,12435,0,0,0
2023-05-16 04:57:47.583000+00:00,User1,2108220,27087,0,0.009,112797647,102774,0,0.017344444444444444,12435,0,0,0
2023-05-16 04:57:47.599000+00:00,User1,2108220,27087,0,0.009,112803293,102779,0,0.016844444444444443,12435,0,0,0
2023-05-16 04:57:47.615000+00:00,User1,2108290,27088,0,0.01,112807500,102783,0,0.017466666666666665,12436,0,0,0
2023-05-16 04:57:47.623000+00:00,User1,2108290,27088,0,0.009,112809604,102785,0,0.016522222222222223,12436,0,0,0
2023-05-16 04:57:47.629000+00:00,User1,2108290,27088,0,0.009,112809604,102785,0,0.01758888888888889,12436,0,0,0
2023-05-16 04:57:47.638000+00:00,User1,2108424,27090,0,0.01,112810656,102786,0,0.017511111111111113,12437,0,0,0
2023-05-16 04:57:47.636000+00:00,User1,2108424,27090,0,0.009,112810656,102786,0,0.017566666666666668,12437,0,0,0
2023-05-16 04:57:47.646000+00:00,User1,2108424,27090,0,0.008,112808492,102784,2,0.017233333333333333,12385,10,0,1
2023-05-16 04:57:47.667000+00:00,User1,2108492,27091,0,0.009,112815161,102790,0,0.01838888888888889,12437,0,0,0
2023-05-16 04:57:47.688000+00:00,User1,2108559,27092,0,0.008,112817415,102792,0,0.018133333333333335,12438,0,0,0
2023-05-16 04:57:47.773000+00:00,User3,2100071,27030,0,0.009,123261638,113068,0,0.017022222222222223,15131,0,0,0
2023-05-16 04:57:47.776000+00:00,User3,2100071,27030,0,0.008,123260539,113067,0,0.015544444444444444,15130,0,0,0
2023-05-16 04:57:47.776000+00:00,User3,2100071,27030,0,0.009,123260539,113067,0,0.01622222222222222,15131,0,0,0
2023-05-16 04:57:47.778000+00:00,User3,2100071,27030,0,0.008,123261638,113068,0,0.0164,15131,0,0,0
2023-05-16 04:57:47.783000+00:00,User3,2100071,27030,0,0.009,123264935,113071,0,0.016655555555555555,15131,0,0,0
2023-05-16 04:57:47.801000+00:00,User3,2100138,27031,0,0.009,123271533,113077,0,0.01621111111111111,15131,0,0,0
2023-05-16 04:57:47.811000+00:00,User3,2100138,27031,0,0.009,123271533,113077,0,0.016255555555555554,15131,0,0,0
2023-05-16 04:57:47.807000+00:00,User3,2100138,27031,0,0.009,123271533,113077,0,0.016922222222222224,15132,0,0,0
2023-05-16 04:57:47.817000+00:00,User3,2100009,27029,0,0.01,123256038,113063,0,0.016522222222222223,15130,0,0,0
2023-05-16 04:57:47.841000+00:00,User3,2100287,27033,0,0.011,123276265,113082,0,0.0171,15132,0,0,0
2023-05-16 04:57:47.876000+00:00,User3,2100417,27035,0,0.009,123281573,113087,0,0.0156,15134,0,0,0
2023-05-16 04:57:47.972000+00:00,User2,2120133,27336,0,0.008,125062874,114808,0,0.016877777777777776,15524,0,0,0
2023-05-16 04:57:47.992000+00:00,User2,2120210,27337,0,0.008,125068487,114813,0,0.0179,15525,0,0,0
2023-05-16 04:57:47.992000+00:00,User2,2120210,27337,0,0.009,125068487,114813,0,0.0178,15524,0,0,0
2023-05-16 04:57:47.999000+00:00,User2,2120210,27337,0,0.008,125068487,114813,0,0.01801111111111111,15525,0,0,0
2023-05-16 04:57:48.002000+00:00,User2,2120210,27337,0,0.008,125068487,114813,0,0.017644444444444445,15525,0,0,0
2023-05-16 04:57:48.001000+00:00,User2,2120283,27338,0,0.008,125068487,114813,0,0.018833333333333334,15525,0,0,0
2023-05-16 04:57:48.034000+00:00,User2,2120347,27339,0,0.009,125075478,114819,0,0.017366666666666666,15525,0,0,0
2023-05-16 04:57:48.055000+00:00,User2,2120418,27340,0,0.009,125078790,114822,0,0.018544444444444443,15526,0,0,0
2023-05-16 04:57:48.055000+00:00,User3,2100883,27042,2,0.011,123312887,113116,13,0.015966666666666667,15027,11,0,1
2023-05-16 04:57:48.063000+00:00,User2,2120495,27341,0,0.008,125084312,114827,0,0.018255555555555556,15526,0,0,0
2023-05-16 04:57:48.070000+00:00,User1,2109914,27112,0,0.01,112919373,102886,0,0.017988888888888888,12450,0,0,0
2023-05-16 04:57:48.141000+00:00,User2,2120718,27344,0,0.01,125099972,114841,0,0.018855555555555556,15529,0,0,0
2023-05-16 04:57:48.155000+00:00,User2,2120856,27346,0,0.009,125107192,114848,0,0.01707777777777778,15529,0,0,0
2023-05-16 04:57:48.182000+00:00,User2,2120856,27346,0,0.008,125114422,114855,0,0.017333333333333333,15530,0,0,0
2023-05-16 04:57:50.572000+00:00,User1,2119601,27236,0,0.011,113544738,103462,0,0.017455555555555554,12525,0,0,0
2023-05-16 04:57:50.583000+00:00,User1,2119683,27237,0,0.01,113545810,103463,0,0.01708888888888889,12525,0,0,0
2023-05-16 04:57:50.600000+00:00,User1,2119774,27238,0,0.011,113553315,103470,0,0.0173,12526,0,0,0
2023-05-16 04:57:50.616000+00:00,User1,2119774,27238,0,0.01,113553315,103470,0,0.017544444444444446,12526,0,0,0
2023-05-16 04:57:50.624000+00:00,User1,2119944,27240,0,0.01,113553315,103470,0,0.016922222222222224,12526,0,0,0
2023-05-16 04:57:50.628000+00:00,User1,2119944,27240,0,0.011,113553315,103470,0,0.017544444444444446,12526,0,0,0
2023-05-16 04:57:50.638000+00:00,User1,2119944,27240,0,0.01,113560561,103477,0,0.016622222222222222,12527,0,0,0
2023-05-16 04:57:50.636000+00:00,User1,2119944,27240,0,0.01,113558490,103475,0,0.015855555555555557,12527,0,0,0
2023-05-16 04:57:50.642000+00:00,User1,2119944,27240,0,0.011,113560595,103477,2,0.017233333333333333,12475,10,0,1
2023-05-16 04:57:50.664000+00:00,User1,2120032,27241,0,0.01,113568569,103484,0,0.016955555555555557,12527,0,0,0
2023-05-16 04:57:50.692000+00:00,User1,2120110,27242,0,0.01,113569731,103485,0,0.017444444444444443,12528,0,0,0
2023-05-16 04:57:50.776000+00:00,User3,2111375,27179,0,0.008,124007426,113752,0,0.01578888888888889,15221,0,0,0
2023-05-16 04:57:50.777000+00:00,User3,2111375,27179,0,0.009,124006271,113751,0,0.014955555555555555,15221,0,0,0
2023-05-16 04:57:50.785000+00:00,User3,2111375,27179,0,0.009,124007426,113752,0,0.0169,15221,0,0,0
2023-05-16 04:57:50.778000+00:00,User3,2111375,27179,0,0.009,124007426,113752,0,0.014866666666666667,15221,0,0,0
2023-05-16 04:57:50.783000+00:00,User3,2111513,27181,0,0.009,124010891,113755,0,0.0154,15221,0,0,0
2023-05-16 04:57:50.784000+00:00,User3,2111375,27179,0,0.009,124007426,113752,0,0.015622222222222221,15221,0,0,0
2023-05-16 04:57:50.801000+00:00,User3,2111513,27181,0,0.009,124014356,113758,0,0.014655555555555555,15222,0,0,0
2023-05-16 04:57:50.810000+00:00,User3,2111513,27181,0,0.009,124015503,113759,0,0.015855555555555557,15222,0,0,0
2023-05-16 04:57:50.807000+00:00,User3,2111513,27181,0,0.008,124015503,113759,0,0.01598888888888889,15222,0,0,0
2023-05-16 04:57:50.841000+00:00,User3,2111655,27183,0,0.008,124022390,113765,0,0.015644444444444443,15222,0,0,0
2023-05-16 04:57:50.876000+00:00,User3,2111740,27184,0,0.009,124030044,113772,0,0.015122222222222223,15224,0,0,0
2023-05-16 04:57:50.971000+00:00,User2,2131698,27486,0,0.01,125797035,115481,0,0.017544444444444446,15614,0,0,0
2023-05-16 04:57:50.992000+00:00,User2,2131776,27487,0,0.01,125804455,115488,0,0.017444444444444443,15615,0,0,0
2023-05-16 04:57:50.998000+00:00,User2,2131776,27487,0,0.01,125804455,115488,0,0.017277777777777777,15615,0,0,0
2023-05-16 04:57:51.002000+00:00,User2,2131852,27488,0,0.009,125804455,115488,0,0.01698888888888889,15615,0,0,0
2023-05-16 04:57:50.998000+00:00,User2,2131776,27487,0,0.009,125804455,115488,0,0.017122222222222223,15614,0,0,0
2023-05-16 04:57:51.012000+00:00,User2,2131852,27488,0,0.01,125804455,115488,0,0.016744444444444444,15615,0,0,0
2023-05-16 04:57:51.032000+00:00,User2,2131852,27488,0,0.01,125812601,115495,0,0.017666666666666667,15615,0,0,0
2023-05-16 04:57:51.053000+00:00,User2,2131928,27489,0,0.011,125813721,115496,0,0.016766666666666666,15616,0,0,0
2023-05-16 04:57:51.055000+00:00,User3,2112339,27191,2,0.01,124068806,113808,13,0.0162,15117,11,0,1
2023-05-16 04:57:51.068000+00:00,User2,2132095,27491,0,0.011,125821561,115503,0,0.01707777777777778,15616,0,0,0
2023-05-16 04:57:51.074000+00:00,User1,2121592,27261,0,0.01,113675708,103580,0,0.017844444444444444,12540,0,0,0
2023-05-16 04:57:51.140000+00:00,User2,2132351,27494,0,0.009,125837573,115518,0,0.01721111111111111,15619,0,0,0
2023-05-16 04:57:51.157000+00:00,User2,2132523,27496,0,0.01,125844327,115524,0,0.017155555555555556,15619,0,0,0
2023-05-16 04:57:51.182000+00:00,User2,2132609,27497,0,0.008,125849917,115529,0,0.016766666666666666,15620,0,0,0
2023-05-16 04:57:53.569000+00:00,User1,2131329,27386,0,0.01,114297043,104149,0,0.015811111111111113,12615,0,0,0
2023-05-16 04:57:53.584000+00:00,User1,2131405,27387,0,0.01,114302424,104154,0,0.01633333333333333,12615,0,0,0
2023-05-16 04:57:53.600000+00:00,User1,2131553,27389,0,0.01,114309361,104160,0,0.016544444444444445,12616,0,0,0
2023-05-16 04:57:53.615000+00:00,User1,2131553,27389,0,0.01,114310394,104161,0,0.017611111111111112,12616,0,0,0
2023-05-16 04:57:53.628000+00:00,User1,2131553,27389,0,0.01,114315559,104166,0,0.01633333333333333,12616,0,0,0
2023-05-16 04:57:53.622000+00:00,User1,2131553,27389,0,0.01,114315559,104166,0,0.016577777777777778,12616,0,0,0
2023-05-16 04:57:53.638000+00:00,User1,2131625,27390,0,0.01,114315559,104166,0,0.016766666666666666,12617,0,0,0
2023-05-16 04:57:53.635000+00:00,User1,2131625,27390,0,0.01,114315559,104166,0,0.01682222222222222,12617,0,0,0
2023-05-16 04:57:53.642000+00:00,User1,2131625,27390,0,0.01,114313395,104164,2,0.016944444444444446,12565,10,0,1
2023-05-16 04:57:53.665000+00:00,User1,2131704,27391,0,0.009,114315559,104166,0,0.0167,12617,0,0,0
2023-05-16 04:57:53.689000+00:00,User1,2131704,27391,0,0.01,114324349,104174,0,0.016022222222222222,12618,0,0,0
2023-05-16 04:57:53.785000+00:00,User3,2123169,27330,0,0.009,124765749,114442,0,0.016677777777777777,15311,0,0,0
2023-05-16 04:57:53.778000+00:00,User3,2123169,27330,0,0.009,124763626,114440,0,0.016511111111111112,15311,0,0,0
2023-05-16 04:57:53.775000+00:00,User3,2123169,27330,0,0.009,124765749,114442,0,0.015344444444444445,15311,0,0,0
2023-05-16 04:57:53.781000+00:00,User3,2123169,27330,0,0.009,124765749,114442,0,0.015911111111111112,15311,0,0,0
2023-05-16 04:57:53.780000+00:00,User3,2123169,27330,0,0.009,124765749,114442,0,0.016233333333333332,15311,0,0,0
2023-05-16 04:57:53.783000+00:00,User3,2123169,27330,0,0.009,124769997,114446,0,0.016622222222222222,15311,0,0,0
2023-05-16 04:57:53.800000+00:00,User3,2123252,27331,0,0.009,124769997,114446,0,0.0165,15312,0,0,0
2023-05-16 04:57:53.817000+00:00,User3,2123252,27331,0,0.009,124769997,114446,0,0.016622222222222222,15312,0,0,0
2023-05-16 04:57:53.811000+00:00,User3,2123252,27331,0,0.009,124769997,114446,0,0.01648888888888889,15312,0,0,0
2023-05-16 04:57:53.842000+00:00,User3,2123343,27332,0,0.008,124777805,114453,0,0.01587777777777778,15313,0,0,0
2023-05-16 04:57:53.879000+00:00,User3,2123586,27335,0,0.009,124784648,114459,0,0.01622222222222222,15314,0,0,0
2023-05-16 04:57:53.972000+00:00,User2,2142922,27636,0,0.01,126549855,116169,0,0.016933333333333335,15704,0,0,0
2023-05-16 04:57:53.992000+00:00,User2,2142922,27636,0,0.01,126555075,116174,0,0.016066666666666667,15705,0,0,0
2023-05-16 04:57:53.998000+00:00,User2,2143003,27637,0,0.01,126556119,116175,0,0.016888888888888887,15705,0,0,0
2023-05-16 04:57:53.996000+00:00,User2,2143003,27637,0,0.01,126557163,116176,0,0.016866666666666665,15705,0,0,0
2023-05-16 04:57:54.003000+00:00,User2,2143003,27637,0,0.01,126557163,116176,0,0.01691111111111111,15705,0,0,0
2023-05-16 04:57:54.004000+00:00,User2,2143003,27637,0,0.01,126558263,116177,0,0.017177777777777778,15705,0,0,0
2023-05-16 04:57:54.031000+00:00,User2,2143167,27639,0,0.01,126564867,116183,0,0.017177777777777778,15705,0,0,0
2023-05-16 04:57:54.054000+00:00,User2,2143251,27640,0,0.01,126567111,116185,0,0.016955555555555557,15706,0,0,0
2023-05-16 04:57:54.055000+00:00,User3,2124057,27341,2,0.008,124815704,114487,13,0.015833333333333335,15207,11,0,1
2023-05-16 04:57:54.067000+00:00,User2,2143325,27641,0,0.01,126572723,116190,0,0.0172,15706,0,0,0
2023-05-16 04:57:54.071000+00:00,User1,2133310,27411,0,0.008,114421585,104263,0,0.01637777777777778,12630,0,0,0
2023-05-16 04:57:54.141000+00:00,User2,2143561,27644,0,0.01,126590575,116206,0,0.016788888888888888,15709,0,0,0
2023-05-16 04:57:54.158000+00:00,User2,2143649,27645,0,0.01,126598079,116213,0,0.01697777777777778,15709,0,0,0
2023-05-16 04:57:54.184000+00:00,User2,2143742,27646,0,0.009,126604434,116219,0,0.015966666666666667,15710,0,0,0
2023-05-16 04:57:56.572000+00:00,User1,2143311,27536,0,0.009,114735759,104575,0,0.011466666666666667,12703,0,0,0
2023-05-16 04:57:56.586000+00:00,User1,2143392,27537,0,0.009,114742086,104581,0,0.0117,12704,0,0,0
2023-05-16 04:57:56.599000+00:00,User1,2143392,27537,0,0.01,114743141,104582,0,0.011555555555555555,12704,0,0,0
2023-05-16 04:57:56.615000+00:00,User1,2143554,27539,0,0.009,114743141,104582,0,0.011433333333333334,12705,0,0,0
2023-05-16 04:57:56.626000+00:00,User1,2143554,27539,0,0.01,114744176,104583,0,0.011133333333333334,12705,0,0,0
2023-05-16 04:57:56.621000+00:00,User1,2143554,27539,0,0.01,114746246,104585,0,0.011288888888888888,12705,0,0,0
2023-05-16 04:57:56.640000+00:00,User1,2143649,27540,0,0.009,114751421,104590,0,0.010877777777777778,12706,0,0,0
2023-05-16 04:57:56.638000+00:00,User1,2143649,27540,0,0.009,114751421,104590,0,0.011066666666666667,12705,0,0,0
2023-05-16 04:57:56.643000+00:00,User1,2143649,27540,0,0.009,114749257,104588,2,0.011433333333333334,12653,10,0,1
2023-05-16 04:57:56.668000+00:00,User1,2143716,27541,0,0.009,114756681,104595,0,0.011933333333333334,12706,0,0,0
2023-05-16 04:57:56.688000+00:00,User1,2143716,27541,0,0.008,114759839,104598,0,0.011133333333333334,12707,0,0,0
2023-05-16 04:57:56.775000+00:00,User3,2135229,27480,0,0.011,125200209,114859,0,0.0083,15400,0,0,0
2023-05-16 04:57:56.786000+00:00,User3,2135229,27480,0,0.01,125200209,114859,0,0.00818888888888889,15400,0,0,0
2023-05-16 04:57:56.779000+00:00,User3,2135229,27480,0,0.009,125200209,114859,0,0.008844444444444445,15400,0,0,0
2023-05-16 04:57:56.776000+00:00,User3,2135229,27480,0,0.009,125200209,114859,0,0.00878888888888889,15400,0,0,0
2023-05-16 04:57:56.779000+00:00,User3,2135229,27480,0,0.009,125201343,114860,0,0.00908888888888889,15400,0,0,0
2023-05-16 04:57:56.783000+00:00,User3,2135229,27480,0,0.01,125201343,114860,0,0.009255555555555555,15400,0,0,0
2023-05-16 04:57:56.802000+00:00,User3,2135310,27481,0,0.01,125205882,114864,0,0.008311111111111111,15401,0,0,0
2023-05-16 04:57:56.812000+00:00,User3,2135310,27481,0,0.009,125205882,114864,0,0.008777777777777778,15401,0,0,0
2023-05-16 04:57:56.808000+00:00,User3,2135310,27481,0,0.01,125205882,114864,0,0.008977777777777777,15401,0,0,0
2023-05-16 04:57:56.843000+00:00,User3,2135472,27483,0,0.01,125212942,114871,0,0.0091,15401,0,0,0
2023-05-16 04:57:56.876000+00:00,User3,2135553,27484,0,0.011,125218073,114876,0,0.008988888888888888,15403,0,0,0
2023-05-16 04:57:56.973000+00:00,User2,2154586,27787,0,0.013,127304013,116862,0,0.01608888888888889,15794,0,0,0
2023-05-16 04:57:56.995000+00:00,User2,2154586,27787,0,0.012,127308317,116866,0,0.01697777777777778,15794,0,0,0
2023-05-16 04:57:57.002000+00:00,User2,2154586,27787,0,0.013,127310471,116868,0,0.01841111111111111,15795,0,0,0
2023-05-16 04:57:57.003000+00:00,User2,2154658,27788,0,0.012,127310471,116868,0,0.017066666666666667,15795,0,0,0
2023-05-16 04:57:56.999000+00:00,User2,2154586,27787,0,0.012,127310471,116868,0,0.01742222222222222,15795,0,0,0
2023-05-16 04:57:57.006000+00:00,User2,2154658,27788,0,0.012,127310471,116868,0,0.0173,15795,0,0,0
2023-05-16 04:57:57.032000+00:00,User2,2154800,27790,0,0.012,127315027,116872,0,0.017277777777777777,15796,0,0,0
2023-05-16 04:57:57.054000+00:00,User2,2154800,27790,0,0.012,127325404,116881,0,0.0182,15796,0,0,0
2023-05-16 04:57:57.055000+00:00,User3,2136202,27492,2,0.011,125255337,114910,13,0.011944444444444445,15296,11,0,1
2023-05-16 04:57:57.071000+00:00,User1,2145336,27561,0,0.009,114862381,104691,0,0.015466666666666667,12719,0,0,0
2023-05-16 04:57:57.067000+00:00,User2,2154800,27790,0,0.011,127326564,116882,0,0.018433333333333333,15796,0,0,0
2023-05-16 04:57:57.141000+00:00,User2,2155260,27795,0,0.013,127344093,116898,0,0.017722222222222223,15799,0,0,0
2023-05-16 04:57:57.162000+00:00,User2,2155260,27795,0,0.013,127351912,116905,0,0.018277777777777778,15799,0,0,0
2023-05-16 04:57:57.183000+00:00,User2,2155429,27797,0,0.013,127359447,116912,0,0.018355555555555556,15800,0,0,0
2023-05-16 04:57:59.574000+00:00,User1,2155352,27686,0,0.009,115529997,105301,0,0.0183,12794,0,0,0
2023-05-16 04:57:59.585000+00:00,User1,2155419,27687,0,0.009,115537458,105308,0,0.01808888888888889,12794,0,0,0
2023-05-16 04:57:59.600000+00:00,User1,2155569,27689,0,0.008,115538524,105309,0,0.017833333333333333,12794,0,0,0
2023-05-16 04:57:59.616000+00:00,User1,2155569,27689,0,0.009,115539602,105310,0,0.017511111111111113,12795,0,0,0
2023-05-16 04:57:59.625000+00:00,User1,2155569,27689,0,0.009,115546073,105316,0,0.018355555555555556,12795,0,0,0
2023-05-16 04:57:59.629000+00:00,User1,2155569,27689,0,0.009,115546073,105316,0,0.017933333333333332,12795,0,0,0
2023-05-16 04:57:59.639000+00:00,User1,2155647,27690,0,0.009,115548272,105318,0,0.01741111111111111,12796,0,0,0
2023-05-16 04:57:59.638000+00:00,User1,2155647,27690,0,0.009,115548272,105318,0,0.01732222222222222,12796,0,0,0
2023-05-16 04:57:59.642000+00:00,User1,2155647,27690,0,0.009,115546108,105316,2,0.017533333333333335,12744,10,0,1
2023-05-16 04:57:59.667000+00:00,User1,2155726,27691,0,0.009,115553872,105323,0,0.018211111111111112,12797,0,0,0
2023-05-16 04:57:59.688000+00:00,User1,2155805,27692,0,0.009,115558387,105327,0,0.017255555555555555,12797,0,0,0
2023-05-16 04:57:59.775000+00:00,User3,2147193,27630,0,0.01,125994551,115583,0,0.017366666666666666,15490,0,0,0
2023-05-16 04:57:59.786000+00:00,User3,2147193,27630,0,0.009,125992579,115581,0,0.016022222222222222,15490,0,0,0
2023-05-16 04:57:59.780000+00:00,User3,2147193,27630,0,0.01,125995537,115584,0,0.017133333333333334,15490,0,0,0
2023-05-16 04:57:59.779000+00:00,User3,2147193,27630,0,0.009,125992579,115581,0,0.017366666666666666,15490,0,0,0
2023-05-16 04:57:59.779000+00:00,User3,2147193,27630,0,0.009,125995537,115584,0,0.017144444444444445,15490,0,0,0
2023-05-16 04:57:59.784000+00:00,User3,2147193,27630,0,0.01,125995537,115584,0,0.016955555555555557,15490,0,0,0
2023-05-16 04:57:59.801000+00:00,User3,2147276,27631,0,0.01,125997509,115586,0,0.01757777777777778,15491,0,0,0
2023-05-16 04:57:59.811000+00:00,User3,2147276,27631,0,0.008,125997509,115586,0,0.01697777777777778,15491,0,0,0
2023-05-16 04:57:59.807000+00:00,User3,2147276,27631,0,0.009,125998525,115587,0,0.016866666666666665,15491,0,0,0
2023-05-16 04:57:59.842000+00:00,User3,2147429,27633,0,0.01,126004621,115593,0,0.016411111111111112,15492,0,0,0
2023-05-16 04:57:59.876000+00:00,User3,2147569,27635,0,0.009,126013945,115602,0,0.0163,15493,0,0,0
2023-05-16 04:57:59.977000+00:00,User2,2166212,27937,0,0.01,127987535,117493,0,0.010577777777777778,15884,0,0,0
2023-05-16 04:57:59.995000+00:00,User2,2166212,27937,0,0.01,127987535,117493,0,0.0105,15884,0,0,0
2023-05-16 04:57:59.998000+00:00,User2,2166212,27937,0,0.011,127987535,117493,0,0.0107,15885,0,0,0
2023-05-16 04:57:59.996000+00:00,User2,2166212,27937,0,0.01,127987535,117493,0,0.010377777777777777,15885,0,0,0
2023-05-16 04:58:00.005000+00:00,User2,2166279,27938,0,0.01,127989517,117495,0,0.009744444444444444,15885,0,0,0
2023-05-16 04:58:00.005000+00:00,User2,2166279,27938,0,0.01,127990509,117496,0,0.010055555555555555,15885,0,0,0
2023-05-16 04:58:00.033000+00:00,User2,2166346,27939,0,0.01,127991497,117497,0,0.00981111111111111,15886,0,0,0
2023-05-16 04:58:00.052000+00:00,User2,2166410,27940,0,0.009,127993473,117499,0,0.010777777777777778,15886,0,0,0
2023-05-16 04:58:00.055000+00:00,User3,2148070,27642,2,0.01,126048281,115633,13,0.01587777777777778,15386,11,0,1
2023-05-16 04:58:00.072000+00:00,User1,2157278,27711,0,0.009,115650428,105411,0,0.017133333333333334,12809,0,0,0
2023-05-16 04:58:00.092000+00:00,User2,2166494,27941,0,0.011,127993473,117499,0,0.010166666666666666,15886,0,0,0
2023-05-16 04:58:00.141000+00:00,User2,2166733,27944,0,0.009,128002384,117508,0,0.00981111111111111,15889,0,0,0
2023-05-16 04:58:00.157000+00:00,User2,2166814,27945,0,0.009,128002384,117508,0,0.009655555555555556,15889,0,0,0
2023-05-16 04:58:00.187000+00:00,User2,2166974,27947,0,0.01,128005431,117511,0,0.00938888888888889,15890,0,0,0
2023-05-16 04:58:02.576000+00:00,User1,2166955,27836,0,0.011,116213814,105926,0,0.02071111111111111,12880,0,0,0
2023-05-16 04:58:02.584000+00:00,User1,2167022,27837,0,0.01,116219940,105932,0,0.020622222222222222,12881,0,0,0
2023-05-16 04:58:02.601000+00:00,User1,2167100,27838,0,0.01,116219940,105932,0,0.020955555555555557,12881,0,0,0
2023-05-16 04:58:02.616000+00:00,User1,2167100,27838,0,0.01,116221019,105933,0,0.020255555555555554,12881,0,0,0
2023-05-16 04:58:02.621000+00:00,User1,2167251,27840,0,0.01,116225339,105937,0,0.020555555555555556,12881,0,0,0
2023-05-16 04:58:02.627000+00:00,User1,2167174,27839,0,0.01,116222099,105934,0,0.020022222222222223,12881,0,0,0
2023-05-16 04:58:02.639000+00:00,User1,2167251,27840,0,0.01,116229659,105941,0,0.020622222222222222,12881,0,0,0
2023-05-16 04:58:02.644000+00:00,User1,2167251,27840,0,0.01,116232119,105943,2,0.02322222222222222,12829,10,0,1
2023-05-16 04:58:02.643000+00:00,User1,2167251,27840,0,0.01,116233127,105944,0,0.023077777777777777,12881,0,0,0
2023-05-16 04:58:02.669000+00:00,User1,2167251,27840,0,0.011,116238799,105949,0,0.024666666666666667,12881,0,0,0
2023-05-16 04:58:02.695000+00:00,User1,2167324,27841,0,0.011,116244029,105954,0,0.023344444444444445,12881,0,0,0
2023-05-16 04:58:02.776000+00:00,User3,2158565,27778,0,0.014,126676387,116207,0,0.026122222222222224,15573,0,0,0
2023-05-16 04:58:02.779000+00:00,User3,2158565,27778,0,0.013,126676387,116207,0,0.026088888888888887,15573,0,0,0
2023-05-16 04:58:02.781000+00:00,User3,2158565,27778,0,0.013,126676387,116207,0,0.026433333333333333,15573,0,0,0
2023-05-16 04:58:02.783000+00:00,User3,2158565,27778,0,0.013,126676387,116207,0,0.026166666666666668,15573,0,0,0
2023-05-16 04:58:02.780000+00:00,User3,2158565,27778,0,0.015,126676387,116207,0,0.0248,15573,0,0,0
2023-05-16 04:58:02.786000+00:00,User3,2158565,27778,0,0.014,126676387,116207,0,0.02678888888888889,15573,0,0,0
2023-05-16 04:58:02.804000+00:00,User3,2158630,27779,0,0.015,126676387,116207,0,0.02578888888888889,15574,0,0,0
2023-05-16 04:58:02.811000+00:00,User3,2158630,27779,0,0.015,126676387,116207,0,0.025477777777777776,15574,0,0,0
2023-05-16 04:58:02.808000+00:00,User3,2158630,27779,0,0.015,126676387,116207,0,0.025933333333333333,15574,0,0,0
2023-05-16 04:58:02.878000+00:00,User3,2158908,27783,0,0.015,126684399,116214,0,0.026433333333333333,15575,0,0,0
2023-05-16 04:58:02.864000+00:00,User3,2158630,27779,0,0.016,126676387,116207,0,0.027055555555555555,15571,0,0,0
2023-05-16 04:58:02.978000+00:00,User2,2178363,28087,0,0.01,128505727,117985,0,0.018055555555555554,15973,0,0,0
2023-05-16 04:58:02.995000+00:00,User2,2178433,28088,0,0.009,128509789,117989,0,0.01711111111111111,15973,0,0,0
2023-05-16 04:58:02.999000+00:00,User2,2178433,28088,0,0.008,128509789,117989,0,0.018122222222222224,15973,0,0,0
2023-05-16 04:58:03.003000+00:00,User2,2178433,28088,0,0.009,128509789,117989,0,0.01718888888888889,15973,0,0,0
2023-05-16 04:58:02.998000+00:00,User2,2178433,28088,0,0.008,128509789,117989,0,0.01741111111111111,15973,0,0,0
2023-05-16 04:58:03.018000+00:00,User2,2178433,28088,0,0.013,128510954,117990,0,0.019566666666666666,15972,0,0,0
2023-05-16 04:58:03.033000+00:00,User2,2178510,28089,0,0.009,128516782,117995,0,0.017233333333333333,15974,0,0,0
2023-05-16 04:58:03.063000+00:00,User2,2178433,28088,0,0.01,128516782,117995,0,0.017755555555555556,15969,0,0,0
2023-05-16 04:58:03.056000+00:00,User3,2159481,27791,2,0.015,126734693,116258,13,0.026855555555555556,15468,11,0,1
2023-05-16 04:58:03.068000+00:00,User2,2178673,28091,0,0.009,128528285,118005,0,0.015811111111111113,15975,0,0,0
2023-05-16 04:58:03.073000+00:00,User1,2168891,27861,0,0.014,116323711,106026,0,0.020544444444444445,12893,0,0,0
2023-05-16 04:58:03.142000+00:00,User2,2178925,28094,0,0.009,128543364,118019,0,0.016733333333333333,15978,0,0,0
2023-05-16 04:58:03.156000+00:00,User2,2179073,28096,0,0.009,128550372,118025,0,0.015922222222222223,15978,0,0,0
2023-05-16 04:58:03.188000+00:00,User2,2179154,28097,0,0.01,128562298,118036,0,0.017033333333333334,15979,0,0,0
2023-05-16 04:58:05.574000+00:00,User1,2178228,27987,0,0.012,116954839,106599,0,0.021266666666666666,12954,0,0,0
2023-05-16 04:58:05.586000+00:00,User1,2178228,27987,0,0.011,116958202,106602,0,0.02121111111111111,12955,0,0,0
2023-05-16 04:58:05.603000+00:00,User1,2178322,27988,0,0.013,116963807,106607,0,0.021822222222222222,12955,0,0,0
2023-05-16 04:58:05.616000+00:00,User1,2178404,27989,0,0.013,116963807,106607,0,0.021433333333333332,12955,0,0,0
2023-05-16 04:58:05.622000+00:00,User1,2178404,27989,0,0.013,116968311,106611,0,0.021455555555555554,12956,0,0,0
2023-05-16 04:58:05.628000+00:00,User1,2178404,27989,0,0.011,116968311,106611,0,0.021511111111111113,12956,0,0,0
2023-05-16 04:58:05.639000+00:00,User1,2178483,27990,0,0.013,116972818,106615,0,0.0212,12956,0,0,0
2023-05-16 04:58:05.637000+00:00,User1,2178483,27990,0,0.012,116972818,106615,0,0.020877777777777776,12956,0,0,0
2023-05-16 04:58:05.643000+00:00,User1,2178483,27990,0,0.013,116970654,106613,2,0.021144444444444445,12904,10,0,1
2023-05-16 04:58:05.665000+00:00,User1,2178645,27992,0,0.013,116975008,106617,0,0.020866666666666665,12956,0,0,0
2023-05-16 04:58:05.715000+00:00,User1,2178645,27992,0,0.013,116986137,106627,0,0.021355555555555555,12957,0,0,0
2023-05-16 04:58:05.775000+00:00,User3,2169667,27929,0,0.014,127473929,116933,0,0.0176,15662,0,0,0
2023-05-16 04:58:05.779000+00:00,User3,2169667,27929,0,0.013,127471697,116931,0,0.016455555555555557,15662,0,0,0
2023-05-16 04:58:05.781000+00:00,User3,2169667,27929,0,0.013,127473929,116933,0,0.01647777777777778,15662,0,0,0
2023-05-16 04:58:05.778000+00:00,User3,2169667,27929,0,0.013,127473929,116933,0,0.016677777777777777,15662,0,0,0
2023-05-16 04:58:05.784000+00:00,User3,2169667,27929,0,0.014,127477279,116936,0,0.016788888888888888,15662,0,0,0
2023-05-16 04:58:05.791000+00:00,User3,2169667,27929,0,0.013,127473929,116933,0,0.01757777777777778,15662,0,0,0
2023-05-16 04:58:05.802000+00:00,User3,2169890,27932,0,0.014,127478396,116937,0,0.016733333333333333,15663,0,0,0
2023-05-16 04:58:05.813000+00:00,User3,2169890,27932,0,0.013,127478396,116937,0,0.018211111111111112,15663,0,0,0
2023-05-16 04:58:05.809000+00:00,User3,2169890,27932,0,0.013,127478396,116937,0,0.017344444444444444,15663,0,0,0
2023-05-16 04:58:05.847000+00:00,User3,2169890,27932,0,0.014,127487153,116945,0,0.015433333333333334,15664,0,0,0
2023-05-16 04:58:05.877000+00:00,User3,2170043,27934,0,0.014,127495608,116953,0,0.016922222222222224,15665,0,0,0
2023-05-16 04:58:05.975000+00:00,User2,2190100,28237,0,0.009,129281928,118697,0,0.018355555555555556,16063,0,0,0
2023-05-16 04:58:05.995000+00:00,User2,2190100,28237,0,0.007,129288757,118703,0,0.018466666666666666,16063,0,0,0
2023-05-16 04:58:06+00:00,User2,2190100,28237,0,0.008,129288757,118703,0,0.017977777777777777,16064,0,0,0
2023-05-16 04:58:06.003000+00:00,User2,2190259,28239,0,0.01,129288757,118703,0,0.018866666666666667,16064,0,0,0
2023-05-16 04:58:05.999000+00:00,User2,2190100,28237,0,0.009,129288757,118703,0,0.018566666666666665,16064,0,0,0
2023-05-16 04:58:06.012000+00:00,User2,2190259,28239,0,0.009,129292111,118706,0,0.018711111111111112,16064,0,0,0
2023-05-16 04:58:06.032000+00:00,User2,2190326,28240,0,0.01,129297701,118711,0,0.01863333333333333,16065,0,0,0
2023-05-16 04:58:06.059000+00:00,User2,2190393,28241,0,0.009,129305747,118718,0,0.0181,16065,0,0,0
2023-05-16 04:58:06.058000+00:00,User3,2170715,27942,2,0.013,127530568,116984,13,0.01633333333333333,15558,11,0,1
2023-05-16 04:58:06.072000+00:00,User2,2190393,28241,0,0.009,129306865,118719,0,0.01863333333333333,16065,0,0,0
2023-05-16 04:58:06.072000+00:00,User1,2180282,28012,0,0.011,117095954,106726,0,0.01941111111111111,12969,0,0,0
2023-05-16 04:58:06.141000+00:00,User2,2190615,28244,0,0.009,129321548,118732,0,0.017655555555555556,16068,0,0,0
2023-05-16 04:58:06.163000+00:00,User2,2190787,28246,0,0.009,129329745,118740,0,0.017777777777777778,16068,0,0,0
2023-05-16 04:58:06.187000+00:00,User2,2190864,28247,0,0.008,129338082,118748,0,0.01778888888888889,16069,0,0,0
2023-05-16 04:58:08.573000+00:00,User1,2189787,28136,0,0.01,117713948,107291,0,0.014522222222222223,13044,0,0,0
2023-05-16 04:58:08.590000+00:00,User1,2189869,28137,0,0.009,117720864,107297,0,0.015244444444444444,13044,0,0,0
2023-05-16 04:58:08.604000+00:00,User1,2190004,28139,0,0.009,117722017,107298,0,0.015833333333333335,13045,0,0,0
2023-05-16 04:58:08.616000+00:00,User1,2190004,28139,0,0.009,117723125,107299,0,0.014733333333333333,13045,0,0,0
2023-05-16 04:58:08.631000+00:00,User1,2190004,28139,0,0.009,117726452,107302,0,0.014477777777777777,13045,0,0,0
2023-05-16 04:58:08.779000+00:00,User3,2181316,28079,0,0.01,128218376,117620,0,0.015644444444444443,15752,0,0,0
2023-05-16 04:58:08.786000+00:00,User3,2181316,28079,0,0.011,128218376,117620,0,0.014866666666666667,15752,0,0,0
2023-05-16 04:58:08.780000+00:00,User3,2181316,28079,0,0.011,128218376,117620,0,0.015211111111111111,15752,0,0,0
2023-05-16 04:58:08.778000+00:00,User3,2181374,28080,0,0.01,128219463,117621,0,0.01588888888888889,15752,0,0,0
2023-05-16 04:58:08.784000+00:00,User3,2181374,28080,0,0.011,128219463,117621,0,0.016066666666666667,15752,0,0,0
2023-05-16 04:58:08.802000+00:00,User3,2181374,28080,0,0.011,128223871,117625,0,0.016455555555555557,15753,0,0,0
2023-05-16 04:58:08.812000+00:00,User3,2181374,28080,0,0.011,128223871,117625,0,0.01588888888888889,15753,0,0,0
2023-05-16 04:58:08.813000+00:00,User3,2181444,28081,0,0.011,128225018,117626,0,0.016188888888888888,15753,0,0,0
2023-05-16 04:58:08.848000+00:00,User3,2181527,28082,0,0.01,128230754,117631,0,0.016144444444444444,15754,0,0,0
2023-05-16 04:58:08.876000+00:00,User3,2181701,28084,0,0.01,128238126,117638,0,0.016566666666666667,15755,0,0,0
2023-05-16 04:58:08.975000+00:00,User2,2201631,28387,0,0.009,130029345,119380,0,0.0171,16153,0,0,0
2023-05-16 04:58:08.996000+00:00,User2,2201631,28387,0,0.009,130031507,119382,0,0.01681111111111111,16153,0,0,0
2023-05-16 04:58:08.999000+00:00,User2,2201722,28388,0,0.01,130031507,119382,0,0.016933333333333335,16154,0,0,0
2023-05-16 04:58:09.003000+00:00,User2,2201722,28388,0,0.009,130031507,119382,0,0.016844444444444443,16154,0,0,0
2023-05-16 04:58:09+00:00,User2,2201722,28388,0,0.009,130031507,119382,0,0.016733333333333333,16154,0,0,0
2023-05-16 04:58:09.016000+00:00,User2,2201722,28388,0,0.009,130032620,119383,0,0.01647777777777778,16154,0,0,0
2023-05-16 04:58:09.032000+00:00,User2,2201803,28389,0,0.009,130042490,119392,0,0.01668888888888889,16155,0,0,0
2023-05-16 04:58:09.059000+00:00,User2,2201883,28390,0,0.009,130047810,119397,0,0.016922222222222224,16155,0,0,0
2023-05-16 04:58:09.058000+00:00,User3,2182283,28092,2,0.01,128267036,117665,13,0.01681111111111111,15648,11,0,1
2023-05-16 04:58:09.068000+00:00,User2,2202035,28392,0,0.008,130047810,119397,0,0.017133333333333334,16156,0,0,0
2023-05-16 04:58:09.071000+00:00,User1,2191754,28161,0,0.009,117825204,107392,0,0.014122222222222222,13059,0,0,0
2023-05-16 04:58:09.141000+00:00,User2,2202171,28394,0,0.009,130066457,119414,0,0.017622222222222223,16158,0,0,0
2023-05-16 04:58:09.159000+00:00,User2,2202238,28395,0,0.009,130073194,119420,0,0.01697777777777778,16158,0,0,0
2023-05-16 04:58:09.187000+00:00,User2,2202387,28397,0,0.01,130081302,119427,0,0.017855555555555555,16159,0,0,0
2023-05-16 04:58:11.575000+00:00,User1,2201475,28286,0,0.009,118363997,107893,0,0.012377777777777777,13134,0,0,0
2023-05-16 04:58:11.587000+00:00,User1,2201614,28288,0,0.009,118366828,107896,0,0.013022222222222221,13134,0,0,0
2023-05-16 04:58:11.603000+00:00,User1,2201614,28288,0,0.009,118366828,107896,0,0.012544444444444445,13135,0,0,0
2023-05-16 04:58:11.616000+00:00,User1,2201682,28289,0,0.009,118367783,107897,0,0.012044444444444444,13135,0,0,0
2023-05-16 04:58:11.622000+00:00,User1,2201682,28289,0,0.009,118369693,107899,0,0.011933333333333334,13136,0,0,0
2023-05-16 04:58:11.628000+00:00,User1,2201682,28289,0,0.009,118369693,107899,0,0.011577777777777777,13136,0,0,0
2023-05-16 04:58:11.639000+00:00,User1,2201748,28290,0,0.01,118369693,107899,0,0.011266666666666666,13136,0,0,0
2023-05-16 04:58:11.637000+00:00,User1,2201748,28290,0,0.008,118370671,107900,0,0.012088888888888889,13136,0,0,0
2023-05-16 04:58:11.643000+00:00,User1,2201748,28290,0,0.008,118368507,107898,2,0.011622222222222223,13084,10,0,1
2023-05-16 04:58:11.665000+00:00,User1,2201817,28291,0,0.008,118372627,107902,0,0.011644444444444445,13136,0,0,0
2023-05-16 04:58:11.693000+00:00,User1,2201953,28293,0,0.009,118375637,107905,0,0.010266666666666667,13137,0,0,0
2023-05-16 04:58:11.776000+00:00,User3,2193072,28230,0,0.009,128913469,118257,0,0.0106,15842,0,0,0
2023-05-16 04:58:11.779000+00:00,User3,2193072,28230,0,0.01,128913469,118257,0,0.0109,15842,0,0,0
2023-05-16 04:58:11.780000+00:00,User3,2193072,28230,0,0.01,128913469,118257,0,0.011433333333333334,15842,0,0,0
2023-05-16 04:58:11.779000+00:00,User3,2193072,28230,0,0.009,128913469,118257,0,0.010888888888888889,15842,0,0,0
2023-05-16 04:58:23.979000+00:00,User2,2259860,29136,0,0.01,133492492,122579,0,0.016188888888888888,16602,0,0,0
2023-05-16 04:58:23.997000+00:00,User2,2260018,29138,0,0.01,133493627,122580,0,0.016033333333333333,16603,0,0,0
2023-05-16 04:58:24.001000+00:00,User2,2260018,29138,0,0.01,133497032,122583,0,0.015922222222222223,16603,0,0,0
2023-05-16 04:58:24+00:00,User2,2260018,29138,0,0.01,133497032,122583,0,0.015855555555555557,16603,0,0,0
2023-05-16 04:58:24.007000+00:00,User2,2260018,29138,0,0.011,133502599,122588,0,0.01638888888888889,16603,0,0,0
2023-05-16 04:58:24.015000+00:00,User2,2260018,29138,0,0.01,133505898,122591,0,0.016533333333333334,16603,0,0,0
2023-05-16 04:58:24.033000+00:00,User2,2260090,29139,0,0.01,133505898,122591,0,0.017133333333333334,16604,0,0,0
2023-05-16 04:58:24.058000+00:00,User2,2260180,29140,0,0.01,133513759,122598,0,0.01633333333333333,16604,0,0,0
2023-05-16 04:58:24.059000+00:00,User3,2240563,28842,2,0.013,131727011,120859,13,0.014811111111111112,16097,11,0,1
2023-05-16 04:58:24.069000+00:00,User2,2260180,29140,0,0.01,133517152,122601,0,0.016966666666666668,16605,0,0,0
2023-05-16 04:58:24.072000+00:00,User1,2250470,28911,0,0.009,121257907,110563,0,0.015366666666666667,13508,0,0,0
2023-05-16 04:58:24.147000+00:00,User2,2260453,29144,0,0.009,133530901,122613,0,0.015688888888888888,16607,0,0,0
2023-05-16 04:58:24.160000+00:00,User2,2260518,29145,0,0.009,133540675,122622,0,0.016944444444444446,16607,0,0,0
2023-05-16 04:58:24.189000+00:00,User2,2260678,29147,0,0.009,133548895,122630,0,0.01588888888888889,16608,0,0,0
2023-05-16 04:58:26.575000+00:00,User1,2260117,29036,0,0.011,121887768,111137,0,0.017266666666666666,13583,0,0,0
2023-05-16 04:58:26.588000+00:00,User1,2260261,29038,0,0.009,121888861,111138,0,0.016255555555555554,13584,0,0,0
2023-05-16 04:58:26.608000+00:00,User1,2260261,29038,0,0.01,121895421,111144,0,0.016133333333333333,13584,0,0,0
2023-05-16 04:58:26.618000+00:00,User1,2260261,29038,0,0.01,121901880,111150,0,0.01757777777777778,13584,0,0,0
2023-05-16 04:58:26.630000+00:00,User1,2260362,29039,0,0.011,121905084,111153,0,0.01732222222222222,13585,0,0,0
2023-05-16 04:58:26.623000+00:00,User1,2260362,29039,0,0.011,121905084,111153,0,0.017566666666666668,13584,0,0,0
2023-05-16 04:58:26.642000+00:00,User1,2260362,29039,0,0.011,121905084,111153,0,0.017822222222222222,13585,0,0,0
2023-05-16 04:58:26.646000+00:00,User1,2260539,29041,0,0.01,121902920,111151,2,0.017055555555555556,13533,10,0,1
2023-05-16 04:58:26.643000+00:00,User1,2260362,29039,0,0.011,121905084,111153,0,0.017377777777777777,13585,0,0,0
2023-05-16 04:58:26.667000+00:00,User1,2260539,29041,0,0.011,121911907,111159,0,0.0172,13586,0,0,0
2023-05-16 04:58:26.699000+00:00,User1,2260667,29043,0,0.012,121922759,111169,0,0.01718888888888889,13587,0,0,0
2023-05-16 04:58:26.777000+00:00,User3,2251190,28979,0,0.012,132426515,121501,0,0.014966666666666666,16291,0,0,0
2023-05-16 04:58:26.781000+00:00,User3,2251190,28979,0,0.012,132426515,121501,0,0.015166666666666667,16291,0,0,0
2023-05-16 04:58:26.788000+00:00,User3,2251190,28979,0,0.013,132426515,121501,0,0.015622222222222221,16291,0,0,0
2023-05-16 04:58:26.783000+00:00,User3,2251190,28979,0,0.012,132426515,121501,0,0.015422222222222223,16291,0,0,0
2023-05-16 04:58:26.783000+00:00,User3,2251190,28979,0,0.013,132428759,121503,0,0.015066666666666667,16291,0,0,0
2023-05-16 04:58:26.795000+00:00,User3,2251190,28979,0,0.012,132428759,121503,0,0.015366666666666667,16291,0,0,0
2023-05-16 04:58:26.803000+00:00,User3,2251274,28980,0,0.013,132428759,121503,0,0.01587777777777778,16292,0,0,0
2023-05-16 04:58:26.809000+00:00,User3,2251448,28982,0,0.013,132429913,121504,0,0.014844444444444445,16292,0,0,0
2023-05-16 04:58:26.821000+00:00,User3,2251448,28982,0,0.012,132429913,121504,0,0.015322222222222221,16292,0,0,0
2023-05-16 04:58:26.845000+00:00,User3,2251448,28982,0,0.012,132437996,121511,0,0.014188888888888888,16293,0,0,0
2023-05-16 04:58:26.877000+00:00,User3,2251672,28985,0,0.013,132447675,121520,0,0.015811111111111113,16294,0,0,0
2023-05-16 04:58:26.978000+00:00,User2,2271276,29287,0,0.011,134253264,123273,0,0.017011111111111112,16692,0,0,0
2023-05-16 04:58:26.998000+00:00,User2,2271276,29287,0,0.011,134253264,123273,0,0.016566666666666667,16693,0,0,0
2023-05-16 04:58:27+00:00,User2,2271276,29287,0,0.011,134253264,123273,0,0.01672222222222222,16693,0,0,0
2023-05-16 04:58:26.999000+00:00,User2,2271276,29287,0,0.011,134253264,123273,0,0.01672222222222222,16693,0,0,0
2023-05-16 04:58:27.007000+00:00,User2,2271341,29288,0,0.011,134253264,123273,0,0.016955555555555557,16693,0,0,0
2023-05-16 04:58:27.017000+00:00,User2,2271404,29289,0,0.011,134256313,123276,0,0.015966666666666667,16693,0,0,0
2023-05-16 04:58:27.033000+00:00,User2,2271404,29289,0,0.011,134260381,123280,0,0.01647777777777778,16694,0,0,0
2023-05-16 04:58:27.061000+00:00,User2,2271476,29290,0,0.011,134266663,123286,0,0.01631111111111111,16694,0,0,0
2023-05-16 04:58:27.060000+00:00,User3,2252226,28992,2,0.013,132483740,121553,13,0.015044444444444444,16187,11,0,1
2023-05-16 04:58:27.068000+00:00,User2,2271476,29290,0,0.011,134267711,123287,0,0.017333333333333333,16695,0,0,0
2023-05-16 04:58:27.073000+00:00,User1,2262095,29061,0,0.009,122012603,111251,0,0.016244444444444443,13598,0,0,0
2023-05-16 04:58:27.142000+00:00,User2,2271749,29294,0,0.01,134285219,123303,0,0.0162,16697,0,0,0
2023-05-16 04:58:27.160000+00:00,User2,2271818,29295,0,0.011,134291728,123309,0,0.016511111111111112,16698,0,0,0
2023-05-16 04:58:27.189000+00:00,User2,2271952,29297,0,0.011,134298217,123315,0,0.01561111111111111,16698,0,0,0
2023-05-16 04:58:29.574000+00:00,User1,2272046,29187,0,0.011,122432685,111652,0,0.0091,13673,0,0,0
2023-05-16 04:58:29.590000+00:00,User1,2272046,29187,0,0.011,122436435,111656,0,0.009377777777777778,13674,0,0,0
2023-05-16 04:58:29.611000+00:00,User1,2272046,29187,0,0.01,122436435,111656,0,0.008511111111111112,13674,0,0,0
2023-05-16 04:58:29.618000+00:00,User1,2272131,29188,0,0.012,122440322,111660,0,0.00871111111111111,13674,0,0,0
2023-05-16 04:58:29.631000+00:00,User1,2272297,29190,0,0.011,122440322,111660,0,0.008977777777777777,13674,0,0,0
2023-05-16 04:58:29.625000+00:00,User1,2272297,29190,0,0.011,122440322,111660,0,0.008433333333333333,13674,0,0,0
2023-05-16 04:58:29.640000+00:00,User1,2272297,29190,0,0.012,122443264,111663,0,0.008766666666666667,13675,0,0,0
2023-05-16 04:58:29.641000+00:00,User1,2272297,29190,0,0.011,122444245,111664,0,0.008555555555555556,13675,0,0,0
2023-05-16 04:58:29.645000+00:00,User1,2272297,29190,0,0.012,122442081,111662,2,0.009055555555555556,13623,10,0,1
2023-05-16 04:58:29.671000+00:00,User1,2272382,29191,0,0.011,122444245,111664,0,0.008944444444444444,13675,0,0,0
2023-05-16 04:58:29.698000+00:00,User1,2272467,29192,0,0.012,122448250,111668,0,0.008344444444444444,13676,0,0,0
2023-05-16 04:58:29.777000+00:00,User3,2262981,29129,0,0.009,132986920,122025,0,0.007222222222222222,16381,0,0,0
2023-05-16 04:58:29.783000+00:00,User3,2262981,29129,0,0.01,132986920,122025,0,0.007277777777777778,16381,0,0,0
2023-05-16 04:58:29.790000+00:00,User3,2262981,29129,0,0.011,132985042,122023,0,0.006722222222222222,16381,0,0,0
2023-05-16 04:58:29.783000+00:00,User3,2262981,29129,0,0.01,132987859,122026,0,0.006888888888888889,16381,0,0,0
2023-05-16 04:58:29.786000+00:00,User3,2262981,29129,0,0.011,132987859,122026,0,0.007477777777777778,16381,0,0,0
2023-05-16 04:58:29.784000+00:00,User3,2262981,29129,0,0.01,132985042,122023,0,0.007388888888888889,16381,0,0,0
2023-05-16 04:58:29.803000+00:00,User3,2263156,29131,0,0.011,132988769,122027,0,0.0074,16382,0,0,0
2023-05-16 04:58:29.810000+00:00,User3,2263156,29131,0,0.01,132991499,122030,0,0.007166666666666667,16382,0,0,0
2023-05-16 04:58:29.822000+00:00,User3,2263156,29131,0,0.01,132991499,122030,0,0.007977777777777778,16382,0,0,0
2023-05-16 04:58:29.851000+00:00,User3,2263242,29132,0,0.01,132994295,122033,0,0.007166666666666667,16383,0,0,0
2023-05-16 04:58:29.878000+00:00,User3,2263413,29134,0,0.009,132998857,122038,0,0.007866666666666666,16384,0,0,0
2023-05-16 04:58:29.980000+00:00,User2,2282763,29437,0,0.012,135004445,123963,0,0.01741111111111111,16782,0,0,0
2023-05-16 04:58:29.997000+00:00,User2,2282763,29437,0,0.012,135004445,123963,0,0.01728888888888889,16783,0,0,0
2023-05-16 04:58:29.997000+00:00,User2,2282763,29437,0,0.012,135004445,123963,0,0.017866666666666666,16783,0,0,0
2023-05-16 04:58:30.002000+00:00,User2,2282763,29437,0,0.012,135004445,123963,0,0.017388888888888888,16783,0,0,0
2023-05-16 04:58:30.008000+00:00,User2,2282843,29438,0,0.012,135005601,123964,0,0.01721111111111111,16783,0,0,0
2023-05-16 04:58:30.017000+00:00,User2,2282927,29439,0,0.013,135009069,123967,0,0.016444444444444446,16783,0,0,0
2023-05-16 04:58:30.034000+00:00,User2,2282927,29439,0,0.013,135014645,123972,0,0.017744444444444445,16784,0,0,0
2023-05-16 04:58:30.060000+00:00,User2,2283007,29440,0,0.013,135021174,123978,0,0.016966666666666668,16784,0,0,0
2023-05-16 04:58:30.061000+00:00,User3,2264022,29141,2,0.011,133004845,122045,13,0.0071333333333333335,16277,11,0,1
2023-05-16 04:58:30.071000+00:00,User2,2283161,29442,0,0.014,135025530,123982,0,0.0178,16785,0,0,0
2023-05-16 04:58:30.073000+00:00,User1,2274217,29212,0,0.009,122491888,111712,0,0.008455555555555555,13688,0,0,0
2023-05-16 04:58:30.142000+00:00,User2,2283294,29444,0,0.011,135040227,123996,0,0.017955555555555554,16787,0,0,0
2023-05-16 04:58:30.162000+00:00,User2,2283507,29447,0,0.012,135046071,124001,0,0.017877777777777777,16787,0,0,0
2023-05-16 04:58:30.189000+00:00,User2,2283507,29447,0,0.011,135053245,124008,0,0.016955555555555557,16788,0,0,0
2023-05-16 04:58:32.575000+00:00,User1,2284296,29337,0,0.009,123096850,112265,0,0.0177,13762,0,0,0
2023-05-16 04:58:32.589000+00:00,User1,2284296,29337,0,0.009,123104208,112272,0,0.0166,13763,0,0,0
2023-05-16 04:58:32.609000+00:00,User1,2284378,29338,0,0.009,123104208,112272,0,0.01633333333333333,13763,0,0,0
2023-05-16 04:58:32.618000+00:00,User1,2284378,29338,0,0.009,123104208,112272,0,0.017566666666666668,13763,0,0,0
2023-05-16 04:58:32.631000+00:00,User1,2284546,29340,0,0.009,123108428,112276,0,0.015855555555555557,13764,0,0,0
2023-05-16 04:58:32.625000+00:00,User1,2284546,29340,0,0.009,123108428,112276,0,0.016055555555555556,13764,0,0,0
2023-05-16 04:58:32.640000+00:00,User1,2284546,29340,0,0.009,123113974,112281,0,0.01698888888888889,13764,0,0,0
2023-05-16 04:58:32.644000+00:00,User1,2284546,29340,0,0.01,123111810,112279,2,0.01647777777777778,13712,10,0,1
2023-05-16 04:58:32.640000+00:00,User1,2284546,29340,0,0.009,123113974,112281,0,0.01622222222222222,13764,0,0,0
2023-05-16 04:58:32.667000+00:00,User1,2284632,29341,0,0.009,123123137,112289,0,0.01648888888888889,13765,0,0,0
2023-05-16 04:58:32.698000+00:00,User1,2284715,29342,0,0.008,123124251,112290,0,0.015455555555555556,13765,0,0,0
2023-05-16 04:58:32.787000+00:00,User3,2274958,29279,0,0.011,133632893,122623,0,0.0163,16470,0,0,0
2023-05-16 04:58:32.783000+00:00,User3,2274958,29279,0,0.01,133634009,122624,0,0.016422222222222223,16470,0,0,0
2023-05-16 04:58:32.783000+00:00,User3,2274958,29279,0,0.011,133634009,122624,0,0.016622222222222222,16470,0,0,0
2023-05-16 04:58:32.790000+00:00,User3,2275096,29281,0,0.011,133635125,122625,0,0.0168,16470,0,0,0
2023-05-16 04:58:32.803000+00:00,User3,2275096,29281,0,0.01,133641831,122631,0,0.016855555555555554,16471,0,0,0
2023-05-16 04:58:32.817000+00:00,User3,2275096,29281,0,0.01,133645209,122634,0,0.016877777777777776,16471,0,0,0
2023-05-16 04:58:32.816000+00:00,User3,2275096,29281,0,0.01,133645209,122634,0,0.017233333333333333,16471,0,0,0
2023-05-16 04:58:32.849000+00:00,User3,2275166,29282,0,0.011,133648590,122637,0,0.016788888888888888,16472,0,0,0
2023-05-16 04:58:32.878000+00:00,User3,2275305,29284,0,0.009,133657519,122645,0,0.015411111111111112,16473,0,0,0
2023-05-16 04:49:02.503000+00:00,User1,74738,966,0,0.014,2179478,2017,0,0.054033333333333336,300,0,0,0
2023-05-16 04:49:02.503000+00:00,User1,74738,966,0,0.014,2179478,2017,0,0.05321111111111111,300,0,0,0
2023-05-16 04:49:02.513000+00:00,User1,74817,967,0,0.013,2182946,2020,0,0.054266666666666664,300,0,0,0
2023-05-16 04:49:02.521000+00:00,User1,74817,967,0,0.015,2182946,2020,0,0.05407777777777778,300,0,0,0
2023-05-16 04:49:02.523000+00:00,User1,74817,967,0,0.013,2182946,2020,0,0.05363333333333333,300,0,0,0
2023-05-16 04:49:02.523000+00:00,User1,74903,968,0,0.014,2182946,2020,0,0.05347777777777778,300,0,0,0
2023-05-16 04:49:02.543000+00:00,User1,74903,968,0,0.013,2187380,2024,0,0.05107777777777778,301,0,0,0
2023-05-16 04:49:02.541000+00:00,User1,74903,968,0,0.013,2187380,2024,0,0.05202222222222222,300,0,0,0
2023-05-16 04:49:02.536000+00:00,User1,74817,967,0,0.015,2182946,2020,0,0.0558,300,0,0,0
2023-05-16 04:49:02.574000+00:00,User1,74966,969,0,0.012,2192925,2029,0,0.051333333333333335,301,0,0,0
2023-05-16 04:49:02.567000+00:00,User1,74966,969,0,0.013,2192925,2029,0,0.05017777777777778,302,0,0,0
2023-05-16 04:49:02.680000+00:00,User3,65575,844,0,0.013,3018237,2746,0,0.02907777777777778,312,0,0,0
2023-05-16 04:49:02.692000+00:00,User3,65575,844,0,0.018,3018237,2746,0,0.032155555555555555,312,0,0,0
2023-05-16 04:49:02.689000+00:00,User3,65575,844,0,0.013,3018237,2746,0,0.02931111111111111,313,0,0,0
2023-05-16 04:49:02.698000+00:00,User3,65656,845,0,0.013,3019355,2747,0,0.026922222222222222,313,0,0,0
2023-05-16 04:49:02.703000+00:00,User3,65656,845,0,0.012,3021591,2749,0,0.028155555555555555,313,0,0,0
2023-05-16 04:49:02.713000+00:00,User3,65656,845,0,0.013,3022709,2750,0,0.028,313,0,0,0
2023-05-16 04:49:02.718000+00:00,User3,65656,845,0,0.013,3022709,2750,0,0.027955555555555556,313,0,0,0
2023-05-16 04:49:02.715000+00:00,User3,65656,845,0,0.012,3022709,2750,0,0.02758888888888889,313,0,0,0
2023-05-16 04:49:02.720000+00:00,User3,65656,845,0,0.012,3019355,2747,0,0.02723333333333333,313,0,0,0
2023-05-16 04:49:02.708000+00:00,User3,65656,845,0,0.013,3019355,2747,0,0.02771111111111111,311,0,0,0
2023-05-16 04:49:02.722000+00:00,User3,65656,845,0,0.013,3023828,2751,0,0.02821111111111111,314,0,0,0
2023-05-16 04:49:02.886000+00:00,User3,65916,848,0,0.019,3037383,2764,0,0.026222222222222223,315,0,0,0
2023-05-16 04:49:02.911000+00:00,User2,85764,1104,0,0.011,3818486,3488,0,0.020522222222222223,443,0,0,0
2023-05-16 04:49:02.929000+00:00,User2,85764,1104,0,0.012,3824606,3494,0,0.0208,444,0,0,0
2023-05-16 04:49:02.931000+00:00,User2,85764,1104,0,0.012,3824606,3494,0,0.021266666666666666,444,0,0,0
2023-05-16 04:49:08.503000+00:00,User1,98217,1266,0,0.01,3475286,3210,0,0.013677777777777778,454,0,0,0
2023-05-16 04:49:08.516000+00:00,User1,98217,1266,0,0.011,3476209,3211,0,0.013577777777777777,454,0,0,0
2023-05-16 04:49:08.524000+00:00,User1,98386,1268,0,0.01,3477133,3212,0,0.013588888888888888,455,0,0,0
2023-05-16 04:49:08.524000+00:00,User1,98386,1268,0,0.01,3478057,3213,0,0.014522222222222223,454,0,0,0
2023-05-16 04:49:08.526000+00:00,User1,98386,1268,0,0.01,3478057,3213,0,0.013477777777777778,455,0,0,0
2023-05-16 04:49:08.544000+00:00,User1,98470,1269,0,0.01,3482540,3218,0,0.014055555555555556,456,0,0,0
2023-05-16 04:49:08.549000+00:00,User1,98386,1268,0,0.012,3479870,3215,0,0.014311111111111111,455,0,0,0
2023-05-16 04:49:08.574000+00:00,User1,98470,1269,0,0.009,3482540,3218,0,0.0141,456,0,0,0
2023-05-16 04:49:08.567000+00:00,User1,98470,1269,0,0.01,3482540,3218,0,0.014033333333333333,456,0,0,0
2023-05-16 04:49:08.681000+00:00,User3,89076,1144,0,0.013,4289684,3924,0,0.010644444444444444,488,0,0,0
2023-05-16 04:49:08.693000+00:00,User3,89076,1144,0,0.013,4289684,3924,0,0.010644444444444444,488,0,0,0
2023-05-16 04:49:08.693000+00:00,User3,89076,1144,0,0.013,4289684,3924,0,0.010088888888888889,488,0,0,0
2023-05-16 04:49:08.694000+00:00,User3,89076,1144,0,0.013,4289684,3924,0,0.010588888888888889,488,0,0,0
2023-05-16 04:49:08.707000+00:00,User3,89157,1145,0,0.012,4290583,3925,0,0.01018888888888889,489,0,0,0
2023-05-16 04:49:08.702000+00:00,User3,89157,1145,0,0.012,4290583,3925,0,0.010577777777777778,488,0,0,0
2023-05-16 04:49:08.707000+00:00,User3,89157,1145,0,0.012,4290583,3925,0,0.010611111111111111,488,0,0,0
2023-05-16 04:49:08.712000+00:00,User3,89157,1145,0,0.012,4293283,3928,0,0.010322222222222222,489,0,0,0
2023-05-16 04:49:08.714000+00:00,User3,89157,1145,0,0.012,4293283,3928,0,0.010466666666666668,489,0,0,0
2023-05-16 04:49:08.717000+00:00,User3,89157,1145,0,0.012,4293283,3928,0,0.010311111111111111,489,0,0,0
2023-05-16 04:49:08.720000+00:00,User3,89157,1145,0,0.012,4293283,3928,0,0.0107,489,0,0,0
2023-05-16 04:49:08.889000+00:00,User3,89886,1154,0,0.013,4311448,3948,0,0.009622222222222223,494,0,0,0
2023-05-16 04:49:08.907000+00:00,User2,108479,1403,0,0.01,5316803,4852,0,0.019855555555555557,622,0,0,0
2023-05-16 04:49:08.912000+00:00,User2,108571,1404,0,0.009,5320086,4855,0,0.020066666666666667,623,0,0,0
2023-05-16 04:49:08.919000+00:00,User2,108571,1404,0,0.01,5320086,4855,0,0.02022222222222222,623,0,0,0
2023-05-16 04:49:08.922000+00:00,User2,108571,1404,0,0.009,5323371,4858,0,0.02008888888888889,623,0,0,0
2023-05-16 04:49:08.929000+00:00,User2,108571,1404,0,0.01,5323371,4858,0,0.020288888888888888,623,0,0,0
2023-05-16 04:49:08.940000+00:00,User2,108571,1404,0,0.01,5324466,4859,0,0.020133333333333333,623,0,0,0
2023-05-16 04:49:08.936000+00:00,User2,108653,1405,0,0.009,5324466,4859,0,0.020155555555555555,623,0,0,0
2023-05-16 04:49:08.933000+00:00,User2,108571,1404,0,0.009,5324466,4859,0,0.020233333333333332,623,0,0,0
2023-05-16 04:49:08.939000+00:00,User2,108653,1405,0,0.008,5325498,4860,0,0.021555555555555557,623,0,0,0
2023-05-16 04:49:08.947000+00:00,User2,108653,1405,0,0.009,5327562,4862,0,0.021544444444444446,623,0,0,0
2023-05-16 04:49:08.957000+00:00,User2,108653,1405,0,0.008,5331691,4866,0,0.020788888888888888,624,0,0,0
2023-05-16 04:49:08.963000+00:00,User1,100134,1289,0,0.011,3528894,3266,0,0.014077777777777778,468,0,0,0
2023-05-16 04:49:09.055000+00:00,User2,109069,1410,0,0.009,5353557,4887,0,0.020566666666666667,627,0,0,0
2023-05-16 04:49:11.504000+00:00,User1,109992,1416,0,0.009,4108886,3803,0,0.022366666666666667,544,0,0,0
2023-05-16 04:49:11.505000+00:00,User1,109992,1416,0,0.009,4108886,3803,0,0.022133333333333335,544,0,0,0
2023-05-16 04:49:11.515000+00:00,User1,109992,1416,0,0.008,4108886,3803,0,0.0223,545,0,0,0
2023-05-16 04:49:11.515000+00:00,User1,109992,1416,0,0.009,4108886,3803,0,0.0224,545,0,0,0
2023-05-16 04:49:11.524000+00:00,User1,109992,1416,0,0.009,4108886,3803,0,0.022955555555555555,545,0,0,0
2023-05-16 04:49:11.528000+00:00,User1,110128,1418,0,0.01,4108886,3803,0,0.022555555555555554,545,0,0,0
2023-05-16 04:49:11.542000+00:00,User1,110128,1418,0,0.009,4113352,3807,0,0.02157777777777778,546,0,0,0
2023-05-16 04:49:11.546000+00:00,User1,110204,1419,0,0.009,4116703,3810,0,0.021533333333333335,546,0,0,0
2023-05-16 04:49:11.574000+00:00,User1,110281,1420,0,0.01,4122892,3816,0,0.021988888888888888,547,0,0,0
2023-05-16 04:49:11.566000+00:00,User1,110281,1420,0,0.009,4122892,3816,0,0.02201111111111111,547,0,0,0
2023-05-16 04:49:11.544000+00:00,User1,110128,1418,0,0.011,4108886,3803,0,0.02291111111111111,545,0,0,0
2023-05-16 04:49:11.683000+00:00,User3,100621,1290,0,0.013,4818564,4418,0,0.029455555555555554,569,0,0,0
2023-05-16 04:49:11.692000+00:00,User3,100621,1290,0,0.014,4818564,4418,0,0.029955555555555555,569,0,0,0
2023-05-16 04:49:11.691000+00:00,User3,100621,1290,0,0.014,4818564,4418,0,0.03001111111111111,569,0,0,0
2023-05-16 04:49:11.694000+00:00,User3,100621,1290,0,0.014,4818564,4418,0,0.030088888888888887,569,0,0,0
2023-05-16 04:49:11.701000+00:00,User3,100621,1290,0,0.014,4818564,4418,0,0.02981111111111111,569,0,0,0
2023-05-16 04:49:11.708000+00:00,User3,100621,1290,0,0.014,4818564,4418,0,0.029977777777777777,569,0,0,0
2023-05-16 04:49:11.706000+00:00,User3,100621,1290,0,0.013,4818564,4418,0,0.029933333333333333,569,0,0,0
2023-05-16 04:49:11.712000+00:00,User3,100621,1290,0,0.014,4818564,4418,0,0.029966666666666666,569,0,0,0
2023-05-16 04:49:11.714000+00:00,User3,100621,1290,0,0.014,4818564,4418,0,0.029777777777777778,569,0,0,0
2023-05-16 04:49:11.719000+00:00,User3,100621,1290,0,0.014,4818564,4418,0,0.030144444444444446,569,0,0,0
2023-05-16 04:49:11.719000+00:00,User3,100708,1291,0,0.017,4819720,4419,0,0.03291111111111111,569,0,0,0
2023-05-16 04:49:11.888000+00:00,User3,101239,1298,0,0.02,4837235,4435,0,0.03213333333333333,571,0,0,0
2023-05-16 04:49:11.912000+00:00,User2,120221,1553,0,0.009,6076211,5545,0,0.019688888888888888,713,0,0,0
2023-05-16 04:49:11.907000+00:00,User2,120221,1553,0,0.009,6073897,5543,0,0.019633333333333332,712,0,0,0
2023-05-16 04:49:11.923000+00:00,User2,120221,1553,0,0.009,6079682,5548,0,0.019433333333333334,713,0,0,0
2023-05-16 04:49:11.925000+00:00,User2,120221,1553,0,0.009,6079682,5548,0,0.01978888888888889,713,0,0,0
2023-05-16 04:49:11.928000+00:00,User2,120295,1554,0,0.009,6079682,5548,0,0.02,713,0,0,0
2023-05-16 04:49:11.932000+00:00,User2,120295,1554,0,0.009,6079682,5548,0,0.019811111111111113,713,0,0,0
2023-05-16 04:49:11.938000+00:00,User2,120295,1554,0,0.009,6079682,5548,0,0.020144444444444444,713,0,0,0
2023-05-16 04:49:11.936000+00:00,User2,120295,1554,0,0.009,6079682,5548,0,0.019855555555555557,713,0,0,0
2023-05-16 04:49:11.943000+00:00,User2,120295,1554,0,0.01,6079682,5548,0,0.019322222222222223,713,0,0,0
2023-05-16 04:49:11.947000+00:00,User2,120295,1554,0,0.009,6079682,5548,0,0.019655555555555555,714,0,0,0
2023-05-16 04:49:11.963000+00:00,User2,120434,1556,0,0.01,6081728,5550,0,0.020055555555555556,714,0,0,0
2023-05-16 04:49:11.969000+00:00,User1,111807,1439,0,0.009,4222681,3907,0,0.021266666666666666,556,0,0,0
2023-05-16 04:49:12.057000+00:00,User2,120826,1561,0,0.012,6109267,5575,0,0.020722222222222222,716,0,0,0
2023-05-16 04:49:14.503000+00:00,User1,121664,1566,0,0.008,4863889,4495,0,0.02036666666666667,638,0,0,0
2023-05-16 04:49:14.504000+00:00,User1,121664,1566,0,0.009,4863889,4495,0,0.020266666666666665,638,0,0,0
2023-05-16 04:49:14.516000+00:00,User1,121664,1566,0,0.008,4866137,4497,0,0.019933333333333334,638,0,0,0
2023-05-16 04:49:14.516000+00:00,User1,121664,1566,0,0.008,4866137,4497,0,0.020155555555555555,638,0,0,0
2023-05-16 04:49:14.526000+00:00,User1,121825,1568,0,0.009,4867261,4498,0,0.0202,639,0,0,0
2023-05-16 04:49:14.524000+00:00,User1,121825,1568,0,0.008,4869509,4500,0,0.020344444444444443,639,0,0,0
2023-05-16 04:49:14.528000+00:00,User1,121825,1568,0,0.009,4869509,4500,0,0.020566666666666667,639,0,0,0
2023-05-16 04:49:14.542000+00:00,User1,121918,1569,0,0.008,4871715,4502,0,0.020177777777777777,639,0,0,0
2023-05-16 04:49:14.549000+00:00,User1,121918,1569,0,0.008,4871715,4502,0,0.020122222222222222,639,0,0,0
2023-05-16 04:49:14.573000+00:00,User1,122004,1570,0,0.008,4876128,4506,0,0.020233333333333332,640,0,0,0
2023-05-16 04:49:14.568000+00:00,User1,122004,1570,0,0.008,4876128,4506,0,0.02031111111111111,640,0,0,0
2023-05-16 04:49:14.679000+00:00,User3,112354,1442,0,0.019,5264111,4816,0,0.05288888888888889,606,0,0,0
2023-05-16 04:49:14.696000+00:00,User3,112354,1442,0,0.019,5264111,4816,0,0.05252222222222222,606,0,0,0
2023-05-16 04:49:14.694000+00:00,User3,112354,1442,0,0.02,5264111,4816,0,0.05313333333333333,606,0,0,0
2023-05-16 04:49:14.694000+00:00,User3,112440,1443,0,0.019,5264111,4816,0,0.05302222222222222,606,0,0,0
2023-05-16 04:49:14.701000+00:00,User3,112533,1444,0,0.019,5264111,4816,0,0.05312222222222222,606,0,0,0
2023-05-16 04:49:14.710000+00:00,User3,112533,1444,0,0.018,5264111,4816,0,0.05305555555555556,606,0,0,0
2023-05-16 04:49:14.707000+00:00,User3,112533,1444,0,0.018,5264111,4816,0,0.053455555555555555,606,0,0,0
2023-05-16 04:49:14.713000+00:00,User3,112616,1445,0,0.018,5264111,4816,0,0.0528,606,0,0,0
2023-05-16 04:49:14.719000+00:00,User3,112616,1445,0,0.018,5264111,4816,0,0.05331111111111111,606,0,0,0
2023-05-16 04:49:14.716000+00:00,User3,112616,1445,0,0.018,5264111,4816,0,0.05293333333333333,606,0,0,0
2023-05-16 04:49:14.718000+00:00,User3,112616,1445,0,0.018,5264111,4816,0,0.05321111111111111,606,0,0,0
2023-05-16 04:49:14.889000+00:00,User3,113181,1452,0,0.019,5308510,4855,0,0.06026666666666667,608,0,0,0
2023-05-16 04:49:14.912000+00:00,User2,132180,1703,0,0.011,6507956,5964,0,0.01161111111111111,802,0,0,0
2023-05-16 04:49:14.911000+00:00,User2,132099,1702,0,0.01,6506789,5963,0,0.012266666666666667,801,0,0,0
2023-05-16 04:49:14.923000+00:00,User2,132261,1704,0,0.011,6512624,5968,0,0.01181111111111111,802,0,0,0
2023-05-16 04:49:14.930000+00:00,User2,132261,1704,0,0.011,6514958,5970,0,0.010877777777777778,802,0,0,0
2023-05-16 04:49:14.931000+00:00,User2,132261,1704,0,0.01,6514958,5970,0,0.011288888888888888,802,0,0,0
2023-05-16 04:49:14.927000+00:00,User2,132261,1704,0,0.011,6510290,5966,0,0.011711111111111111,802,0,0,0
2023-05-16 04:49:14.938000+00:00,User2,132261,1704,0,0.011,6517292,5972,0,0.011033333333333332,803,0,0,0
2023-05-16 04:49:14.940000+00:00,User2,132261,1704,0,0.011,6517292,5972,0,0.011233333333333333,802,0,0,0
2023-05-16 04:49:14.936000+00:00,User2,132261,1704,0,0.01,6517292,5972,0,0.011211111111111111,802,0,0,0
2023-05-16 04:49:14.947000+00:00,User2,132261,1704,0,0.011,6519628,5974,0,0.0115,803,0,0,0
2023-05-16 04:49:14.957000+00:00,User2,132261,1704,0,0.01,6525211,5979,0,0.012955555555555555,803,0,0,0
2023-05-16 04:49:14.965000+00:00,User1,123431,1589,0,0.009,4971968,4593,0,0.01928888888888889,645,0,0,0
2023-05-16 04:49:15.066000+00:00,User2,132747,1710,0,0.01,6549721,6001,0,0.013744444444444445,799,0,0,0
2023-05-16 04:49:17.504000+00:00,User1,133144,1716,0,0.011,5620521,5183,0,0.021144444444444445,728,0,0,0
2023-05-16 04:49:17.504000+00:00,User1,133144,1716,0,0.011,5621585,5184,0,0.021122222222222223,728,0,0,0
2023-05-16 04:49:17.515000+00:00,User1,133284,1718,0,0.011,5622649,5185,0,0.0208,728,0,0,0
2023-05-16 04:49:17.518000+00:00,User1,133284,1718,0,0.011,5622649,5185,0,0.02098888888888889,728,0,0,0
2023-05-16 04:49:17.529000+00:00,User1,133284,1718,0,0.009,5623777,5186,0,0.020533333333333334,726,0,0,0
2023-05-16 04:49:17.528000+00:00,User1,133284,1718,0,0.01,5626033,5188,0,0.02157777777777778,728,0,0,0
2023-05-16 04:49:17.527000+00:00,User1,133284,1718,0,0.011,5623777,5186,0,0.021455555555555554,728,0,0,0
2023-05-16 04:49:17.542000+00:00,User1,133284,1718,0,0.01,5629417,5191,0,0.02191111111111111,729,0,0,0
2023-05-16 04:49:17.548000+00:00,User1,133355,1719,0,0.01,5629417,5191,0,0.022033333333333332,729,0,0,0
2023-05-16 04:49:17.576000+00:00,User1,133419,1720,0,0.011,5633932,5195,0,0.021977777777777777,730,0,0,0
2023-05-16 04:49:17.571000+00:00,User1,133419,1720,0,0.01,5633932,5195,0,0.02168888888888889,730,0,0,0
2023-05-16 04:49:17.679000+00:00,User3,124022,1593,0,0.008,6282477,5717,0,0.027522222222222222,680,0,0,0
2023-05-16 04:49:17.697000+00:00,User3,124022,1593,0,0.01,6285846,5720,0,0.02751111111111111,680,0,0,0
2023-05-16 04:49:17.692000+00:00,User3,124022,1593,0,0.008,6285846,5720,0,0.02727777777777778,680,0,0,0
2023-05-16 04:49:17.695000+00:00,User3,124022,1593,0,0.009,6285846,5720,0,0.027677777777777777,680,0,0,0
2023-05-16 04:49:17.701000+00:00,User3,124159,1595,0,0.009,6285846,5720,0,0.027866666666666668,680,0,0,0
2023-05-16 04:49:17.711000+00:00,User3,124159,1595,0,0.009,6285846,5720,0,0.026933333333333333,681,0,0,0
2023-05-16 04:49:17.706000+00:00,User3,124159,1595,0,0.01,6285846,5720,0,0.027833333333333335,681,0,0,0
2023-05-16 04:49:17.713000+00:00,User3,124159,1595,0,0.009,6285846,5720,0,0.028177777777777777,681,0,0,0
2023-05-16 04:49:17.715000+00:00,User3,124159,1595,0,0.009,6286897,5721,0,0.026066666666666665,681,0,0,0
2023-05-16 04:49:17.718000+00:00,User3,124159,1595,0,0.009,6286897,5721,0,0.025877777777777777,681,0,0,0
2023-05-16 04:49:17.719000+00:00,User3,124159,1595,0,0.01,6291104,5725,0,0.024888888888888887,680,0,0,0
2023-05-16 04:49:17.898000+00:00,User3,124693,1603,0,0.01,6351913,5779,0,0.025544444444444446,686,0,0,0
2023-05-16 04:49:17.912000+00:00,User2,143831,1853,0,0.009,7301309,6683,0,0.019666666666666666,891,0,0,0
2023-05-16 04:49:17.912000+00:00,User2,143831,1853,0,0.009,7302345,6684,0,0.02082222222222222,891,0,0,0
2023-05-16 04:49:17.923000+00:00,User2,143831,1853,0,0.009,7307526,6689,0,0.020355555555555557,892,0,0,0
2023-05-16 04:49:17.927000+00:00,User2,143831,1853,0,0.01,7307526,6689,0,0.021111111111111112,891,0,0,0
2023-05-16 04:49:17.930000+00:00,User2,143831,1853,0,0.009,7309600,6691,0,0.02037777777777778,892,0,0,0
2023-05-16 04:49:17.932000+00:00,User2,143831,1853,0,0.009,7309600,6691,0,0.02091111111111111,892,0,0,0
2023-05-16 04:49:17.936000+00:00,User2,143831,1853,0,0.01,7309600,6691,0,0.021111111111111112,892,0,0,0
2023-05-16 04:49:17.941000+00:00,User2,143831,1853,0,0.009,7309600,6691,0,0.02098888888888889,892,0,0,0
2023-05-16 04:49:17.938000+00:00,User2,143831,1853,0,0.009,7309600,6691,0,0.020555555555555556,892,0,0,0
2023-05-16 04:49:17.950000+00:00,User2,143831,1853,0,0.009,7309600,6691,0,0.020411111111111113,892,0,0,0
2023-05-16 04:49:17.959000+00:00,User2,144053,1856,0,0.011,7309600,6691,0,0.021355555555555555,892,0,0,0
2023-05-16 04:49:17.965000+00:00,User1,134707,1739,0,0.01,5722355,5278,0,0.01911111111111111,741,0,0,0
2023-05-16 04:49:18.057000+00:00,User2,144420,1861,0,0.01,7342708,6721,0,0.020277777777777777,896,0,0,0
2023-05-16 04:49:20.505000+00:00,User1,144556,1866,0,0.009,6366378,5870,0,0.0199,818,0,0,0
2023-05-16 04:49:20.504000+00:00,User1,144556,1866,0,0.009,6366378,5870,0,0.020144444444444444,818,0,0,0
2023-05-16 04:49:20.515000+00:00,User1,144695,1868,0,0.009,6370890,5874,0,0.0206,818,0,0,0
2023-05-16 04:49:20.518000+00:00,User1,144695,1868,0,0.009,6368634,5872,0,0.01928888888888889,818,0,0,0
2023-05-16 04:49:20.527000+00:00,User1,144695,1868,0,0.01,6370890,5874,0,0.020155555555555555,818,0,0,0
2023-05-16 04:49:20.528000+00:00,User1,144695,1868,0,0.009,6373146,5876,0,0.019688888888888888,818,0,0,0
2023-05-16 04:49:20.530000+00:00,User1,144695,1868,0,0.009,6373146,5876,0,0.02011111111111111,818,0,0,0
2023-05-16 04:49:20.542000+00:00,User1,144695,1868,0,0.009,6375379,5878,0,0.020255555555555554,819,0,0,0
2023-05-16 04:49:20.548000+00:00,User1,144769,1869,0,0.009,6378691,5881,0,0.019855555555555557,819,0,0,0
2023-05-16 04:49:20.576000+00:00,User1,144863,1870,0,0.009,6382005,5884,0,0.01997777777777778,820,0,0,0
2023-05-16 04:49:20.571000+00:00,User1,144863,1870,0,0.009,6382005,5884,0,0.020522222222222223,820,0,0,0
2023-05-16 04:49:20.683000+00:00,User3,135373,1743,0,0.013,6984282,6359,0,0.01661111111111111,770,0,0,0
2023-05-16 04:49:20.697000+00:00,User3,135373,1743,0,0.012,6987294,6362,0,0.016577777777777778,770,0,0,0
2023-05-16 04:49:20.693000+00:00,User3,135373,1743,0,0.013,6987294,6362,0,0.016766666666666666,770,0,0,0
2023-05-16 04:49:20.696000+00:00,User3,135373,1743,0,0.012,6988299,6363,0,0.016366666666666668,770,0,0,0
2023-05-16 04:49:20.710000+00:00,User3,135373,1743,0,0.012,6991314,6366,0,0.016411111111111112,771,0,0,0
2023-05-16 04:49:20.701000+00:00,User3,135373,1743,0,0.013,6991314,6366,0,0.01671111111111111,771,0,0,0
2023-05-16 04:49:20.706000+00:00,User3,135450,1744,0,0.012,6992329,6367,0,0.016188888888888888,771,0,0,0
2023-05-16 04:49:20.713000+00:00,User3,135450,1744,0,0.012,6992329,6367,0,0.01668888888888889,771,0,0,0
2023-05-16 04:49:20.716000+00:00,User3,135450,1744,0,0.012,6992329,6367,0,0.0169,771,0,0,0
2023-05-16 04:49:20.719000+00:00,User3,135450,1744,0,0.013,6992329,6367,0,0.017066666666666667,771,0,0,0
2023-05-16 04:49:20.719000+00:00,User3,135527,1745,0,0.012,6997406,6372,0,0.01711111111111111,771,0,0,0
2023-05-16 04:49:20.896000+00:00,User3,136125,1753,0,0.012,7036523,6409,0,0.015822222222222224,776,0,0,0
2023-05-16 04:49:20.910000+00:00,User2,155367,2003,0,0.01,8042368,7361,0,0.0205,981,0,0,0
2023-05-16 04:49:20.912000+00:00,User2,155367,2003,0,0.01,8043469,7362,0,0.020188888888888888,982,0,0,0
2023-05-16 04:49:20.922000+00:00,User2,155367,2003,0,0.01,8046772,7365,0,0.020122222222222222,982,0,0,0
2023-05-16 04:49:20.923000+00:00,User2,155367,2003,0,0.01,8046772,7365,0,0.02021111111111111,982,0,0,0
2023-05-16 04:49:20.929000+00:00,User2,155446,2004,0,0.01,8048974,7367,0,0.020633333333333333,982,0,0,0
2023-05-16 04:49:20.933000+00:00,User2,155446,2004,0,0.01,8048974,7367,0,0.020077777777777778,982,0,0,0
2023-05-16 04:49:20.940000+00:00,User2,155446,2004,0,0.01,8048974,7367,0,0.02032222222222222,982,0,0,0
2023-05-16 04:49:20.937000+00:00,User2,155446,2004,0,0.01,8048974,7367,0,0.020577777777777778,982,0,0,0
2023-05-16 04:49:23.518000+00:00,User1,156550,2018,0,0.01,7123063,6561,0,0.020277777777777777,908,0,0,0
2023-05-16 04:49:23.527000+00:00,User1,156550,2018,0,0.01,7126405,6564,0,0.02081111111111111,908,0,0,0
2023-05-16 04:49:23.528000+00:00,User1,156550,2018,0,0.01,7130865,6568,0,0.020288888888888888,908,0,0,0
2023-05-16 04:49:23.533000+00:00,User1,156550,2018,0,0.01,7128635,6566,0,0.020166666666666666,909,0,0,0
2023-05-16 04:49:23.547000+00:00,User1,156633,2019,0,0.009,7130865,6568,0,0.020077777777777778,909,0,0,0
2023-05-16 04:49:23.551000+00:00,User1,156550,2018,0,0.01,7130865,6568,0,0.019555555555555555,908,0,0,0
2023-05-16 04:49:23.572000+00:00,User1,156713,2020,0,0.009,7135910,6573,0,0.0197,910,0,0,0
2023-05-16 04:49:23.582000+00:00,User1,156713,2020,0,0.01,7131874,6569,0,0.019244444444444446,910,0,0,0
2023-05-16 04:49:23.683000+00:00,User3,147151,1894,0,0.014,7664661,6989,0,0.01808888888888889,860,0,0,0
2023-05-16 04:49:23.697000+00:00,User3,147151,1894,0,0.012,7667905,6992,0,0.018533333333333332,861,0,0,0
2023-05-16 04:49:23.692000+00:00,User3,147151,1894,0,0.013,7667905,6992,0,0.018,861,0,0,0
2023-05-16 04:49:23.696000+00:00,User3,147151,1894,0,0.013,7667905,6992,0,0.017755555555555556,861,0,0,0
2023-05-16 04:49:23.709000+00:00,User3,147151,1894,0,0.013,7667905,6992,0,0.017755555555555556,861,0,0,0
2023-05-16 04:49:23.706000+00:00,User3,147151,1894,0,0.013,7667905,6992,0,0.018111111111111113,861,0,0,0
2023-05-16 04:49:23.718000+00:00,User3,147224,1895,0,0.012,7668959,6993,0,0.017633333333333334,862,0,0,0
2023-05-16 04:49:23.716000+00:00,User3,147224,1895,0,0.013,7668959,6993,0,0.017055555555555556,861,0,0,0
2023-05-16 04:49:23.714000+00:00,User3,147224,1895,0,0.013,7667905,6992,0,0.018655555555555557,862,0,0,0
2023-05-16 04:49:23.720000+00:00,User3,147224,1895,0,0.012,7672121,6996,0,0.016877777777777776,862,0,0,0
2023-05-16 04:49:23.711000+00:00,User3,147224,1895,0,0.013,7667905,6992,0,0.017888888888888888,861,0,0,0
2023-05-16 04:49:23.906000+00:00,User3,148017,1905,0,0.015,7715084,7035,0,0.018588888888888887,867,0,0,0
2023-05-16 04:49:23.913000+00:00,User2,166468,2153,0,0.013,8798250,8050,0,0.019466666666666667,1071,0,0,0
2023-05-16 04:49:23.910000+00:00,User2,166468,2153,0,0.013,8797160,8049,0,0.019166666666666665,1071,0,0,0
2023-05-16 04:49:23.924000+00:00,User2,166468,2153,0,0.013,8800430,8052,0,0.019155555555555554,1071,0,0,0
2023-05-16 04:49:23.924000+00:00,User2,166468,2153,0,0.013,8800430,8052,0,0.019133333333333332,1071,0,0,0
2023-05-16 04:49:23.932000+00:00,User2,166468,2153,0,0.013,8804794,8056,0,0.019833333333333335,1071,0,0,0
2023-05-16 04:49:23.933000+00:00,User2,166468,2153,0,0.013,8804794,8056,0,0.019322222222222223,1072,0,0,0
2023-05-16 04:49:23.941000+00:00,User2,166558,2154,0,0.013,8805862,8057,0,0.01962222222222222,1072,0,0,0
2023-05-16 04:49:23.936000+00:00,User2,166558,2154,0,0.013,8805862,8057,0,0.0194,1072,0,0,0
2023-05-16 04:49:23.938000+00:00,User2,166558,2154,0,0.013,8805862,8057,0,0.019633333333333332,1072,0,0,0
2023-05-16 04:49:23.955000+00:00,User2,166558,2154,0,0.012,8809068,8060,0,0.020422222222222224,1072,0,0,0
2023-05-16 04:49:23.959000+00:00,User2,166558,2154,0,0.013,8811206,8062,0,0.01988888888888889,1072,0,0,0
2023-05-16 04:49:23.965000+00:00,User1,158294,2040,0,0.009,7229138,6658,0,0.0184,922,0,0,0
2023-05-16 04:49:24.059000+00:00,User2,167134,2161,0,0.012,8836363,8085,0,0.019822222222222224,1076,0,0,0
2023-05-16 04:49:26.504000+00:00,User1,168402,2167,0,0.012,7557688,6985,0,0.014355555555555555,997,0,0,0
2023-05-16 04:49:26.504000+00:00,User1,168471,2168,0,0.012,7557688,6985,0,0.014177777777777777,997,0,0,0
2023-05-16 04:49:26.518000+00:00,User1,168471,2168,0,0.012,7561084,6988,0,0.0136,997,0,0,0
2023-05-16 04:49:26.517000+00:00,User1,168471,2168,0,0.013,7561084,6988,0,0.013044444444444444,997,0,0,0
2023-05-16 04:49:26.529000+00:00,User1,168471,2168,0,0.012,7563348,6990,0,0.01441111111111111,997,0,0,0
2023-05-16 04:49:26.530000+00:00,User1,168471,2168,0,0.012,7563348,6990,0,0.013955555555555556,998,0,0,0
2023-05-16 04:49:26.530000+00:00,User1,168471,2168,0,0.013,7563348,6990,0,0.013022222222222221,994,0,0,0
2023-05-16 04:49:26.547000+00:00,User1,168546,2169,0,0.012,7564447,6991,0,0.013288888888888888,998,0,0,0
2023-05-16 04:49:26.549000+00:00,User1,168546,2169,0,0.012,7566645,6993,0,0.013677777777777778,998,0,0,0
2023-05-16 04:49:26.572000+00:00,User1,168622,2170,0,0.011,7569943,6996,0,0.013322222222222221,999,0,0,0
2023-05-16 04:49:26.579000+00:00,User1,168622,2170,0,0.011,7569943,6996,0,0.0134,999,0,0,0
2023-05-16 04:49:26.680000+00:00,User3,159215,2044,0,0.013,8099059,7409,0,0.010677777777777777,950,0,0,0
2023-05-16 04:49:26.698000+00:00,User3,159215,2044,0,0.013,8100223,7410,0,0.010511111111111112,949,0,0,0
2023-05-16 04:49:26.694000+00:00,User3,159215,2044,0,0.013,8100223,7410,0,0.009911111111111112,950,0,0,0
2023-05-16 04:49:26.696000+00:00,User3,159215,2044,0,0.014,8102441,7412,0,0.010733333333333333,950,0,0,0
2023-05-16 04:49:26.712000+00:00,User3,159215,2044,0,0.013,8102441,7412,0,0.010666666666666666,950,0,0,0
2023-05-16 04:49:26.703000+00:00,User3,159215,2044,0,0.013,8104549,7414,0,0.011644444444444445,950,0,0,0
2023-05-16 04:49:26.714000+00:00,User3,159296,2045,0,0.012,8106658,7416,0,0.011877777777777777,951,0,0,0
2023-05-16 04:49:26.720000+00:00,User3,159296,2045,0,0.013,8106658,7416,0,0.011233333333333333,950,0,0,0
2023-05-16 04:49:26.712000+00:00,User3,159296,2045,0,0.013,8106658,7416,0,0.011866666666666666,951,0,0,0
2023-05-16 04:49:26.716000+00:00,User3,159296,2045,0,0.013,8106658,7416,0,0.011433333333333334,951,0,0,0
2023-05-16 04:49:26.728000+00:00,User3,159215,2044,0,0.014,8104549,7414,0,0.013055555555555556,949,0,0,0
2023-05-16 04:49:26.910000+00:00,User3,160025,2054,0,0.015,8131455,7439,0,0.011266666666666666,956,0,0,0
2023-05-16 04:49:26.914000+00:00,User2,178148,2303,0,0.012,9546920,8735,0,0.01877777777777778,1161,0,0,0
2023-05-16 04:49:26.916000+00:00,User2,178063,2302,0,0.012,9545823,8734,0,0.018877777777777778,1161,0,0,0
2023-05-16 04:49:26.924000+00:00,User2,178219,2304,0,0.013,9549115,8737,0,0.0187,1162,0,0,0
2023-05-16 04:49:26.929000+00:00,User2,178219,2304,0,0.015,9549115,8737,0,0.017533333333333335,1160,0,0,0
2023-05-16 04:49:26.933000+00:00,User2,178219,2304,0,0.013,9553507,8741,0,0.018544444444444443,1162,0,0,0
2023-05-16 04:49:26.941000+00:00,User2,178283,2305,0,0.013,9553507,8741,0,0.018755555555555557,1162,0,0,0
2023-05-16 04:49:26.936000+00:00,User2,178283,2305,0,0.012,9553507,8741,0,0.01867777777777778,1162,0,0,0
2023-05-16 04:49:26.938000+00:00,User2,178283,2305,0,0.013,9553507,8741,0,0.019055555555555555,1162,0,0,0
2023-05-16 04:49:26.931000+00:00,User2,178219,2304,0,0.014,9552409,8740,0,0.018766666666666668,1161,0,0,0
2023-05-16 04:49:26.952000+00:00,User2,178283,2305,0,0.013,9556873,8744,0,0.018533333333333332,1162,0,0,0
2023-05-16 04:49:26.961000+00:00,User2,178283,2305,0,0.012,9556873,8744,0,0.018822222222222223,1162,0,0,0
2023-05-16 04:49:26.964000+00:00,User1,170179,2190,0,0.013,7659967,7079,0,0.016877777777777776,1011,0,0,0
2023-05-16 04:49:27.060000+00:00,User2,178633,2310,0,0.014,9587888,8772,0,0.019677777777777777,1166,0,0,0
2023-05-16 04:49:29.507000+00:00,User1,180015,2316,0,0.012,8351777,7709,0,0.021366666666666666,1087,0,0,0
2023-05-16 04:49:29.710000+00:00,User3,171037,2195,0,0.013,8892927,8130,0,0.021555555555555557,1041,0,0,0
2023-05-16 04:49:29.702000+00:00,User3,171037,2195,0,0.014,8892927,8130,0,0.021022222222222223,1041,0,0,0
2023-05-16 04:49:29.712000+00:00,User3,171037,2195,0,0.013,8895249,8132,0,0.02141111111111111,1041,0,0,0
2023-05-16 04:49:29.716000+00:00,User3,171037,2195,0,0.014,8895249,8132,0,0.02118888888888889,1041,0,0,0
2023-05-16 04:49:29.719000+00:00,User3,171037,2195,0,0.013,8897573,8134,0,0.021844444444444444,1041,0,0,0
2023-05-16 04:49:29.718000+00:00,User3,171037,2195,0,0.013,8897573,8134,0,0.021644444444444445,1041,0,0,0
2023-05-16 04:49:29.725000+00:00,User3,171037,2195,0,0.013,8898735,8135,0,0.021111111111111112,1041,0,0,0
2023-05-16 04:49:29.906000+00:00,User3,171798,2205,0,0.013,8937325,8172,0,0.019444444444444445,1047,0,0,0
2023-05-16 04:49:29.913000+00:00,User2,189821,2454,0,0.012,10242333,9374,0,0.013033333333333333,1251,0,0,0
2023-05-16 04:49:29.911000+00:00,User2,189688,2452,0,0.011,10240531,9372,0,0.013222222222222222,1251,0,0,0
2023-05-16 04:49:29.927000+00:00,User2,189821,2454,0,0.011,10242333,9374,0,0.014255555555555556,1251,0,0,0
2023-05-16 04:49:29.929000+00:00,User2,189821,2454,0,0.012,10242333,9374,0,0.014155555555555555,1251,0,0,0
2023-05-16 04:49:29.933000+00:00,User2,189821,2454,0,0.012,10243279,9375,0,0.014144444444444444,1252,0,0,0
2023-05-16 04:49:29.932000+00:00,User2,189821,2454,0,0.012,10243279,9375,0,0.014611111111111111,1251,0,0,0
2023-05-16 04:49:29.940000+00:00,User2,189821,2454,0,0.012,10243279,9375,0,0.014144444444444444,1252,0,0,0
2023-05-16 04:49:29.936000+00:00,User2,189821,2454,0,0.012,10245171,9377,0,0.013666666666666667,1252,0,0,0
2023-05-16 04:49:29.946000+00:00,User2,189821,2454,0,0.012,10243279,9375,0,0.01381111111111111,1252,0,0,0
2023-05-16 04:49:29.953000+00:00,User2,189888,2455,0,0.012,10245171,9377,0,0.013822222222222222,1252,0,0,0
2023-05-16 04:49:29.961000+00:00,User2,189888,2455,0,0.012,10245171,9377,0,0.013633333333333334,1251,0,0,0
2023-05-16 04:49:29.964000+00:00,User1,181761,2339,0,0.013,8462887,7812,0,0.019211111111111113,1101,0,0,0
2023-05-16 04:49:30.059000+00:00,User2,190220,2460,0,0.012,10253849,9386,0,0.013844444444444444,1255,0,0,0
2023-05-16 04:49:32.505000+00:00,User1,191846,2467,0,0.01,9076124,8376,0,0.018844444444444445,1177,0,0,0
2023-05-16 04:49:32.504000+00:00,User1,191846,2467,0,0.01,9076124,8376,0,0.018944444444444444,1177,0,0,0
2023-05-16 04:49:32.518000+00:00,User1,191846,2467,0,0.01,9077292,8377,0,0.018455555555555555,1177,0,0,0
2023-05-16 04:49:32.520000+00:00,User1,191846,2467,0,0.01,9077292,8377,0,0.01791111111111111,1177,0,0,0
2023-05-16 04:49:32.531000+00:00,User1,191846,2467,0,0.01,9081966,8381,0,0.018344444444444444,1178,0,0,0
2023-05-16 04:49:32.531000+00:00,User1,191923,2468,0,0.011,9084304,8383,0,0.018255555555555556,1177,0,0,0
2023-05-16 04:49:32.536000+00:00,User1,191923,2468,0,0.01,9084304,8383,0,0.01808888888888889,1178,0,0,0
2023-05-16 04:49:32.546000+00:00,User1,192069,2470,0,0.01,9087585,8386,0,0.019733333333333332,1178,0,0,0
2023-05-16 04:49:32.549000+00:00,User1,192069,2470,0,0.01,9088641,8387,0,0.018744444444444446,1178,0,0,0
2023-05-16 04:49:32.580000+00:00,User1,192069,2470,0,0.01,9096034,8394,0,0.019577777777777777,1179,0,0,0
2023-05-16 04:49:32.574000+00:00,User1,192069,2470,0,0.01,9094981,8393,0,0.01902222222222222,1179,0,0,0
2023-05-16 04:49:32.682000+00:00,User3,182633,2344,0,0.012,9606528,8787,0,0.01868888888888889,1130,0,0,0
2023-05-16 04:49:32.693000+00:00,User3,182633,2344,0,0.012,9609872,8790,0,0.0178,1131,0,0,0
2023-05-16 04:49:32.703000+00:00,User3,182633,2344,0,0.012,9609872,8790,0,0.01781111111111111,1130,0,0,0
2023-05-16 04:49:32.701000+00:00,User3,182708,2345,0,0.011,9614332,8794,0,0.017888888888888888,1131,0,0,0
2023-05-16 04:49:32.703000+00:00,User3,182708,2345,0,0.011,9614332,8794,0,0.018111111111111113,1131,0,0,0
2023-05-16 04:49:32.711000+00:00,User3,182708,2345,0,0.011,9614332,8794,0,0.01802222222222222,1131,0,0,0
2023-05-16 04:49:32.713000+00:00,User3,182708,2345,0,0.011,9614332,8794,0,0.018566666666666665,1131,0,0,0
2023-05-16 04:49:32.712000+00:00,User3,182708,2345,0,0.011,9614332,8794,0,0.017855555555555555,1131,0,0,0
2023-05-16 04:49:32.720000+00:00,User3,182708,2345,0,0.011,9614332,8794,0,0.017955555555555554,1131,0,0,0
2023-05-16 04:49:32.718000+00:00,User3,182708,2345,0,0.011,9614332,8794,0,0.018366666666666667,1131,0,0,0
2023-05-16 04:49:32.749000+00:00,User3,182783,2346,0,0.013,9615453,8795,0,0.017377777777777777,1129,0,0,0
2023-05-16 04:49:32.906000+00:00,User3,183332,2354,0,0.011,9668009,8844,0,0.019866666666666668,1137,0,0,0
2023-05-16 04:49:32.913000+00:00,User2,201783,2603,0,0.011,10745722,9852,0,0.01878888888888889,1340,0,0,0
2023-05-16 04:49:32.911000+00:00,User2,201783,2603,0,0.012,10744633,9851,0,0.018577777777777776,1340,0,0,0
2023-05-16 04:49:32.927000+00:00,User2,201783,2603,0,0.012,10746811,9853,0,0.01863333333333333,1340,0,0,0
2023-05-16 04:49:32.933000+00:00,User2,201852,2604,0,0.012,10751170,9857,0,0.017833333333333333,1341,0,0,0
2023-05-16 04:49:32.931000+00:00,User2,201852,2604,0,0.012,10751170,9857,0,0.019088888888888888,1340,0,0,0
2023-05-16 04:49:32.940000+00:00,User2,201852,2604,0,0.012,10751170,9857,0,0.019044444444444444,1341,0,0,0
2023-05-16 04:49:32.939000+00:00,User2,201852,2604,0,0.012,10751170,9857,0,0.018966666666666666,1341,0,0,0
2023-05-16 04:49:32.930000+00:00,User2,201783,2603,0,0.012,10751170,9857,0,0.019577777777777777,1339,0,0,0
2023-05-16 04:49:32.940000+00:00,User2,201852,2604,0,0.012,10751170,9857,0,0.019088888888888888,1341,0,0,0
2023-05-16 04:49:32.955000+00:00,User2,202017,2606,0,0.013,10752284,9858,0,0.01867777777777778,1341,0,0,0
2023-05-16 04:49:32.962000+00:00,User2,202017,2606,0,0.012,10754512,9860,0,0.0183,1341,0,0,0
2023-05-16 04:49:32.964000+00:00,User1,193649,2490,0,0.011,9185041,8475,0,0.020522222222222223,1191,0,0,0
2023-05-16 04:49:33.064000+00:00,User2,202305,2610,0,0.013,10787307,9890,0,0.01841111111111111,1344,0,0,0
2023-05-16 04:49:35.506000+00:00,User1,203229,2617,0,0.012,9823602,9058,0,0.019422222222222223,1265,0,0,0
2023-05-16 04:49:35.505000+00:00,User1,203229,2617,0,0.012,9823602,9058,0,0.019944444444444445,1266,0,0,0
2023-05-16 04:49:35.523000+00:00,User1,203229,2617,0,0.012,9823602,9058,0,0.019633333333333332,1266,0,0,0
2023-05-16 04:49:35.536000+00:00,User1,203229,2617,0,0.012,9824726,9059,0,0.01891111111111111,1267,0,0,0
2023-05-16 04:49:35.522000+00:00,User1,203229,2617,0,0.011,9823602,9058,0,0.01938888888888889,1266,0,0,0
2023-05-16 04:49:35.554000+00:00,User1,203463,2620,0,0.013,9832598,9066,0,0.018722222222222223,1267,0,0,0
2023-05-16 04:49:35.549000+00:00,User1,203377,2619,0,0.012,9832598,9066,0,0.019211111111111113,1266,0,0,0
2023-05-16 04:49:35.531000+00:00,User1,203229,2617,0,0.012,9824726,9059,0,0.019211111111111113,1266,0,0,0
2023-05-16 04:49:35.530000+00:00,User1,203229,2617,0,0.012,9824726,9059,0,0.01828888888888889,1266,0,0,0
2023-05-16 04:49:35.575000+00:00,User1,203463,2620,0,0.012,9833689,9067,0,0.01806666666666667,1268,0,0,0
2023-05-16 04:49:35.583000+00:00,User1,203463,2620,0,0.013,9835871,9069,0,0.019733333333333332,1267,0,0,0
2023-05-16 04:49:35.685000+00:00,User3,193637,2493,0,0.012,10369894,9486,0,0.021066666666666668,1220,0,0,0
2023-05-16 04:49:35.700000+00:00,User3,193637,2493,0,0.014,10371968,9488,0,0.021155555555555556,1221,0,0,0
2023-05-16 04:49:35.711000+00:00,User3,193713,2494,0,0.015,10371968,9488,0,0.02068888888888889,1221,0,0,0
2023-05-16 04:49:35.703000+00:00,User3,193637,2493,0,0.013,10371968,9488,0,0.0211,1220,0,0,0
2023-05-16 04:49:35.704000+00:00,User3,193637,2493,0,0.013,10371968,9488,0,0.020422222222222224,1221,0,0,0
2023-05-16 04:49:35.715000+00:00,User3,193790,2495,0,0.014,10373111,9489,0,0.019655555555555555,1221,0,0,0
2023-05-16 04:49:35.717000+00:00,User3,193790,2495,0,0.015,10375397,9491,0,0.019811111111111113,1221,0,0,0
2023-05-16 04:49:35.700000+00:00,User3,193637,2493,0,0.013,10371968,9488,0,0.02061111111111111,1221,0,0,0
2023-05-16 04:49:35.712000+00:00,User3,193790,2495,0,0.014,10373111,9489,0,0.02038888888888889,1221,0,0,0
2023-05-16 04:49:35.726000+00:00,User3,193790,2495,0,0.015,10378829,9494,0,0.020533333333333334,1221,0,0,0
2023-05-16 04:49:35.720000+00:00,User3,193790,2495,0,0.015,10375397,9491,0,0.021022222222222223,1221,0,0,0
2023-05-16 04:49:35.906000+00:00,User3,194603,2505,0,0.014,10419885,9532,0,0.020444444444444446,1227,0,0,0
2023-05-16 04:49:35.913000+00:00,User2,213418,2753,0,0.013,11516382,10560,0,0.020344444444444443,1429,0,0,0
2023-05-16 04:49:35.914000+00:00,User2,213333,2752,0,0.012,11510733,10555,0,0.021011111111111112,1429,0,0,0
2023-05-16 04:49:35.932000+00:00,User2,213497,2754,0,0.013,11517480,10561,0,0.019922222222222223,1428,0,0,0
2023-05-16 04:49:35.931000+00:00,User2,213497,2754,0,0.012,11516382,10560,0,0.01927777777777778,1429,0,0,0
2023-05-16 04:49:35.928000+00:00,User2,213497,2754,0,0.013,11516382,10560,0,0.019933333333333334,1429,0,0,0
2023-05-16 04:49:35.932000+00:00,User2,213497,2754,0,0.013,11517480,10561,0,0.019266666666666668,1430,0,0,0
2023-05-16 04:49:35.942000+00:00,User2,213497,2754,0,0.012,11519676,10563,0,0.019544444444444444,1430,0,0,0
2023-05-16 04:49:35.955000+00:00,User2,213574,2755,0,0.012,11524068,10567,0,0.020355555555555557,1430,0,0,0
2023-05-16 04:49:35.947000+00:00,User2,213497,2754,0,0.013,11517480,10561,0,0.018833333333333334,1430,0,0,0
2023-05-16 04:49:35.962000+00:00,User2,213574,2755,0,0.012,11524068,10567,0,0.0191,1430,0,0,0
2023-05-16 04:49:35.965000+00:00,User1,205133,2640,0,0.012,9929154,9153,0,0.017444444444444443,1280,0,0,0
2023-05-16 04:49:35.939000+00:00,User2,213497,2754,0,0.013,11519676,10563,0,0.019655555555555555,1430,0,0,0
2023-05-16 04:49:36.063000+00:00,User2,214012,2760,0,0.01,11552122,10593,0,0.02091111111111111,1433,0,0,0
2023-05-16 04:49:38.507000+00:00,User1,214898,2766,0,0.014,10563617,9732,0,0.025055555555555557,1353,0,0,0
2023-05-16 04:49:38.907000+00:00,User3,206234,2655,0,0.01,11169913,10218,0,0.02071111111111111,1314,0,0,0
2023-05-16 04:49:38.920000+00:00,User2,224875,2902,0,0.012,12222890,11203,0,0.028333333333333332,1514,0,0,0
2023-05-16 04:49:38.927000+00:00,User2,225016,2904,0,0.013,12225078,11205,0,0.0282,1514,0,0,0
2023-05-16 04:49:38.932000+00:00,User2,225016,2904,0,0.012,12227266,11207,0,0.026744444444444446,1515,0,0,0
2023-05-16 04:49:38.916000+00:00,User2,224945,2903,0,0.013,12222890,11203,0,0.027044444444444444,1514,0,0,0
2023-05-16 04:49:38.931000+00:00,User2,225016,2904,0,0.012,12225078,11205,0,0.026922222222222222,1515,0,0,0
2023-05-16 04:49:38.939000+00:00,User2,225016,2904,0,0.012,12230551,11210,0,0.026866666666666667,1515,0,0,0
2023-05-16 04:49:38.940000+00:00,User2,225016,2904,0,0.012,12230551,11210,0,0.027066666666666666,1515,0,0,0
2023-05-16 04:49:38.948000+00:00,User2,225016,2904,0,0.013,12230551,11210,0,0.026133333333333335,1515,0,0,0
2023-05-16 04:49:38.941000+00:00,User2,225016,2904,0,0.013,12227266,11207,0,0.02751111111111111,1515,0,0,0
2023-05-16 04:49:38.955000+00:00,User2,225016,2904,0,0.013,12231646,11211,0,0.027644444444444444,1515,0,0,0
2023-05-16 04:49:38.964000+00:00,User1,216850,2790,0,0.012,10657174,9818,0,0.023166666666666665,1366,0,0,0
2023-05-16 04:49:38.970000+00:00,User2,225016,2904,0,0.013,12230551,11210,0,0.026855555555555556,1510,0,0,0
2023-05-16 04:49:39.060000+00:00,User2,225461,2910,0,0.013,12261370,11238,0,0.026144444444444446,1518,0,0,0
2023-05-16 04:49:41.507000+00:00,User1,226751,2917,0,0.012,11234908,10347,0,0.018711111111111112,1435,0,0,0
2023-05-16 04:49:41.531000+00:00,User1,226821,2918,0,0.011,11237925,10350,0,0.017666666666666667,1435,0,0,0
2023-05-16 04:49:41.523000+00:00,User1,226821,2918,0,0.011,11237925,10350,0,0.01781111111111111,1435,0,0,0
2023-05-16 04:49:41.534000+00:00,User1,226821,2918,0,0.012,11237925,10350,0,0.01802222222222222,1433,0,0,0
2023-05-16 04:49:41.512000+00:00,User1,226751,2917,0,0.011,11234908,10347,0,0.019311111111111112,1435,0,0,0
2023-05-16 04:49:41.553000+00:00,User1,226892,2919,0,0.01,11241080,10353,0,0.01697777777777778,1435,0,0,0
2023-05-16 04:49:41.558000+00:00,User1,226892,2919,0,0.011,11241080,10353,0,0.017333333333333333,1436,0,0,0
2023-05-16 04:49:41.523000+00:00,User1,226751,2917,0,0.012,11237925,10350,0,0.017655555555555556,1434,0,0,0
2023-05-16 04:49:41.582000+00:00,User1,226892,2919,0,0.011,11241080,10353,0,0.01648888888888889,1436,0,0,0
2023-05-16 04:49:41.577000+00:00,User1,226892,2919,0,0.011,11241080,10353,0,0.01757777777777778,1437,0,0,0
2023-05-16 04:49:41.539000+00:00,User1,226821,2918,0,0.011,11237925,10350,0,0.018333333333333333,1435,0,0,0
2023-05-16 04:49:41.684000+00:00,User3,217167,2794,0,0.01,11855447,10852,0,0.019688888888888888,1398,0,0,0
2023-05-16 04:49:41.699000+00:00,User3,217167,2794,0,0.01,11855447,10852,0,0.019744444444444443,1398,0,0,0
2023-05-16 04:49:41.713000+00:00,User3,217233,2795,0,0.01,11857347,10854,0,0.019577777777777777,1398,0,0,0
2023-05-16 04:49:41.704000+00:00,User3,217233,2795,0,0.01,11857347,10854,0,0.019544444444444444,1399,0,0,0
2023-05-16 04:49:41.713000+00:00,User3,217233,2795,0,0.01,11858298,10855,0,0.01867777777777778,1399,0,0,0
2023-05-16 04:49:41.710000+00:00,User3,217233,2795,0,0.01,11858298,10855,0,0.019322222222222223,1399,0,0,0
2023-05-16 04:49:41.718000+00:00,User3,217233,2795,0,0.009,11858298,10855,0,0.01927777777777778,1399,0,0,0
2023-05-16 04:49:41.712000+00:00,User3,217233,2795,0,0.009,11858298,10855,0,0.018966666666666666,1399,0,0,0
2023-05-16 04:49:41.715000+00:00,User3,217233,2795,0,0.01,11858298,10855,0,0.01891111111111111,1399,0,0,0
2023-05-16 04:49:41.728000+00:00,User3,217233,2795,0,0.01,11858298,10855,0,0.019455555555555556,1398,0,0,0
2023-05-16 04:49:41.722000+00:00,User3,217233,2795,0,0.01,11858298,10855,0,0.0188,1399,0,0,0
2023-05-16 04:49:41.911000+00:00,User3,217941,2805,0,0.01,11875133,10873,0,0.014966666666666666,1404,0,0,0
2023-05-16 04:49:41.915000+00:00,User2,236130,3052,0,0.009,12993313,11905,0,0.021266666666666666,1602,0,0,0
2023-05-16 04:49:41.916000+00:00,User2,236130,3052,0,0.01,12994443,11906,0,0.021733333333333334,1601,0,0,0
2023-05-16 04:49:41.934000+00:00,User2,236333,3055,0,0.01,12997833,11909,0,0.02118888888888889,1602,0,0,0
2023-05-16 04:49:41.940000+00:00,User2,236333,3055,0,0.01,12998950,11910,0,0.021333333333333333,1602,0,0,0
2023-05-16 04:49:41.946000+00:00,User2,236333,3055,0,0.01,12998950,11910,0,0.021833333333333333,1602,0,0,0
2023-05-16 04:49:41.945000+00:00,User2,236333,3055,0,0.009,12997833,11909,0,0.02202222222222222,1601,0,0,0
2023-05-16 04:49:41.927000+00:00,User2,236333,3055,0,0.011,12997833,11909,0,0.021533333333333335,1602,0,0,0
2023-05-16 04:49:41.967000+00:00,User2,236400,3056,0,0.011,13007886,11918,0,0.02208888888888889,1603,0,0,0
2023-05-16 04:49:41.966000+00:00,User1,228522,2939,0,0.012,11282704,10395,0,0.014755555555555555,1448,0,0,0
2023-05-16 04:49:41.944000+00:00,User2,236333,3055,0,0.011,12998950,11910,0,0.02,1602,0,0,0
2023-05-16 04:49:41.938000+00:00,User2,236333,3055,0,0.01,12997833,11909,0,0.021566666666666668,1602,0,0,0
2023-05-16 04:49:42.018000+00:00,User2,236333,3055,0,0.011,13004535,11915,0,0.020355555555555557,1602,0,0,0
2023-05-16 04:49:42.060000+00:00,User2,236709,3060,0,0.01,13030171,11939,0,0.0204,1606,0,0,0
2023-05-16 04:49:44.535000+00:00,User1,238723,3067,0,0.016,11713456,10803,0,0.0212,1520,0,0,0
2023-05-16 04:49:44.508000+00:00,User1,238723,3067,0,0.015,11704522,10795,0,0.020933333333333335,1521,0,0,0
2023-05-16 04:49:44.523000+00:00,User1,238723,3067,0,0.015,11711222,10801,0,0.02108888888888889,1521,0,0,0
2023-05-16 04:49:44.538000+00:00,User1,238723,3067,0,0.015,11716594,10806,0,0.021488888888888887,1521,0,0,0
2023-05-16 04:49:44.522000+00:00,User1,238723,3067,0,0.016,11711222,10801,0,0.020777777777777777,1521,0,0,0
2023-05-16 04:49:44.512000+00:00,User1,238723,3067,0,0.016,11704522,10795,0,0.020544444444444445,1520,0,0,0
2023-05-16 04:49:44.559000+00:00,User1,238877,3069,0,0.016,11724925,10814,0,0.021433333333333332,1521,0,0,0
2023-05-16 04:49:44.554000+00:00,User1,238877,3069,0,0.016,11724925,10814,0,0.021622222222222223,1522,0,0,0
2023-05-16 04:49:44.578000+00:00,User1,238961,3070,0,0.015,11727045,10816,0,0.021622222222222223,1522,0,0,0
2023-05-16 04:49:44.584000+00:00,User1,238877,3069,0,0.016,11727045,10816,0,0.021477777777777776,1523,0,0,0
2023-05-16 04:49:44.535000+00:00,User1,238802,3068,0,0.016,11719627,10809,0,0.021366666666666666,1521,0,0,0
2023-05-16 04:49:44.714000+00:00,User3,229361,2945,0,0.012,12328562,11305,0,0.020177777777777777,1488,0,0,0
2023-05-16 04:49:44.685000+00:00,User3,229290,2944,0,0.013,12321050,11298,0,0.019655555555555555,1487,0,0,0
2023-05-16 04:49:44.708000+00:00,User3,229361,2945,0,0.012,12328562,11305,0,0.020055555555555556,1487,0,0,0
2023-05-16 04:49:44.701000+00:00,User3,229290,2944,0,0.012,12321050,11298,0,0.019577777777777777,1487,0,0,0
2023-05-16 04:49:44.718000+00:00,User3,229361,2945,0,0.012,12328562,11305,0,0.020044444444444445,1487,0,0,0
2023-05-16 04:49:44.705000+00:00,User3,229361,2945,0,0.012,12328562,11305,0,0.018755555555555557,1488,0,0,0
2023-05-16 04:49:44.718000+00:00,User3,229361,2945,0,0.011,12328562,11305,0,0.019866666666666668,1488,0,0,0
2023-05-16 04:49:44.714000+00:00,User3,229361,2945,0,0.012,12328562,11305,0,0.01878888888888889,1487,0,0,0
2023-05-16 04:49:44.722000+00:00,User3,229361,2945,0,0.012,12328562,11305,0,0.01987777777777778,1488,0,0,0
2023-05-16 04:49:44.728000+00:00,User3,229361,2945,0,0.012,12329705,11306,0,0.019311111111111112,1487,0,0,0
2023-05-16 04:49:44.715000+00:00,User3,229361,2945,0,0.012,12328562,11305,0,0.018833333333333334,1488,0,0,0
2023-05-16 04:49:44.915000+00:00,User2,247867,3203,0,0.012,13744347,12587,0,0.02408888888888889,1688,0,0,0
2023-05-16 04:49:44.933000+00:00,User2,248030,3205,0,0.012,13744347,12587,0,0.023866666666666668,1689,0,0,0
2023-05-16 04:49:44.910000+00:00,User3,230086,2955,0,0.012,12380515,11352,0,0.020744444444444444,1494,0,0,0
2023-05-16 04:49:44.941000+00:00,User2,248030,3205,0,0.012,13744347,12587,0,0.024133333333333333,1688,0,0,0
2023-05-16 04:49:44.937000+00:00,User2,248030,3205,0,0.012,13744347,12587,0,0.023855555555555557,1689,0,0,0
2023-05-16 04:49:44.914000+00:00,User2,247789,3202,0,0.012,13744347,12587,0,0.023766666666666665,1688,0,0,0
2023-05-16 04:49:44.956000+00:00,User2,248030,3205,0,0.013,13751338,12593,0,0.02411111111111111,1689,0,0,0
2023-05-16 04:49:44.948000+00:00,User2,248030,3205,0,0.013,13744347,12587,0,0.023155555555555554,1688,0,0,0
2023-05-16 04:49:44.968000+00:00,User2,248030,3205,0,0.012,13751338,12593,0,0.0236,1689,0,0,0
2023-05-16 04:49:44.939000+00:00,User2,248030,3205,0,0.013,13745512,12588,0,0.022733333333333335,1689,0,0,0
2023-05-16 04:49:44.967000+00:00,User1,240471,3089,0,0.014,11835410,10914,0,0.022344444444444445,1534,0,0,0
2023-05-16 04:49:44.932000+00:00,User2,248030,3205,0,0.012,13744347,12587,0,0.02471111111111111,1689,0,0,0
2023-05-16 04:49:44.932000+00:00,User2,248030,3205,0,0.013,13744347,12587,0,0.02358888888888889,1689,0,0,0
2023-05-16 04:49:45.063000+00:00,User2,248489,3211,0,0.013,13779573,12619,0,0.02398888888888889,1691,0,0,0
2023-05-16 04:49:47.515000+00:00,User1,250443,3216,0,0.013,12496683,11520,0,0.02068888888888889,1608,0,0,0
2023-05-16 04:49:47.536000+00:00,User1,250519,3217,0,0.012,12505506,11528,0,0.020033333333333334,1609,0,0,0
2023-05-16 04:49:47.507000+00:00,User1,250443,3216,0,0.013,12497785,11521,0,0.02022222222222222,1608,0,0,0
2023-05-16 04:49:47.536000+00:00,User1,250519,3217,0,0.015,12505506,11528,0,0.020444444444444446,1609,0,0,0
2023-05-16 04:49:47.520000+00:00,User1,250519,3217,0,0.014,12502197,11525,0,0.019644444444444444,1609,0,0,0
2023-05-16 04:49:47.554000+00:00,User1,250672,3219,0,0.012,12512856,11535,0,0.02037777777777778,1610,0,0,0
2023-05-16 04:49:47.557000+00:00,User1,250672,3219,0,0.013,12512856,11535,0,0.020144444444444444,1610,0,0,0
2023-05-16 04:49:47.584000+00:00,User1,250756,3220,0,0.013,12522815,11544,0,0.0209,1611,0,0,0
2023-05-16 04:49:47.522000+00:00,User1,250443,3216,0,0.012,12498888,11522,0,0.020566666666666667,1609,0,0,0
2023-05-16 04:49:47.578000+00:00,User1,250756,3220,0,0.012,12522815,11544,0,0.02058888888888889,1610,0,0,0
2023-05-16 04:49:47.534000+00:00,User1,250519,3217,0,0.012,12502197,11525,0,0.020344444444444443,1607,0,0,0
2023-05-16 04:49:47.717000+00:00,User3,240930,3094,0,0.012,13083894,11993,0,0.01792222222222222,1576,0,0,0
2023-05-16 04:49:47.686000+00:00,User3,240930,3094,0,0.012,13079674,11989,0,0.018588888888888887,1576,0,0,0
2023-05-16 04:49:47.713000+00:00,User3,240930,3094,0,0.012,13083894,11993,0,0.018811111111111112,1577,0,0,0
2023-05-16 04:49:47.709000+00:00,User3,240930,3094,0,0.012,13083894,11993,0,0.018577777777777776,1577,0,0,0
2023-05-16 04:49:47.718000+00:00,User3,240930,3094,0,0.012,13083894,11993,0,0.018444444444444444,1577,0,0,0
2023-05-16 04:49:47.698000+00:00,User3,240930,3094,0,0.012,13083894,11993,0,0.018055555555555554,1577,0,0,0
2023-05-16 04:49:47.710000+00:00,User3,240930,3094,0,0.013,13083894,11993,0,0.01867777777777778,1577,0,0,0
2023-05-16 04:49:47.723000+00:00,User3,240930,3094,0,0.012,13083894,11993,0,0.019,1577,0,0,0
2023-05-16 04:49:47.729000+00:00,User3,241019,3095,0,0.012,13083894,11993,0,0.018544444444444443,1576,0,0,0
2023-05-16 04:49:47.721000+00:00,User3,240930,3094,0,0.011,13083894,11993,0,0.019322222222222223,1577,0,0,0
2023-05-16 04:49:47.718000+00:00,User3,240930,3094,0,0.013,13083894,11993,0,0.019255555555555557,1577,0,0,0
2023-05-16 04:49:47.911000+00:00,User3,241732,3104,0,0.012,13131783,12037,0,0.024788888888888888,1580,0,0,0
2023-05-16 04:49:47.913000+00:00,User2,259697,3354,0,0.012,14278344,13092,0,0.015533333333333333,1772,0,0,0
2023-05-16 04:49:47.915000+00:00,User2,259697,3354,0,0.012,14278344,13092,0,0.01508888888888889,1772,0,0,0
2023-05-16 04:49:47.934000+00:00,User2,259697,3354,0,0.011,14278344,13092,0,0.015355555555555556,1772,0,0,0
2023-05-16 04:49:47.944000+00:00,User2,259697,3354,0,0.012,14278344,13092,0,0.015766666666666665,1773,0,0,0
2023-05-16 04:49:47.932000+00:00,User2,259697,3354,0,0.012,14278344,13092,0,0.014966666666666666,1772,0,0,0
2023-05-16 04:49:47.948000+00:00,User2,259697,3354,0,0.012,14278344,13092,0,0.014611111111111111,1773,0,0,0
2023-05-16 04:49:47.941000+00:00,User2,259697,3354,0,0.012,14278344,13092,0,0.015733333333333332,1773,0,0,0
2023-05-16 04:49:47.938000+00:00,User2,259697,3354,0,0.012,14278344,13092,0,0.01538888888888889,1772,0,0,0
2023-05-16 04:49:47.959000+00:00,User2,259697,3354,0,0.012,14278344,13092,0,0.014644444444444444,1772,0,0,0
2023-05-16 04:49:47.974000+00:00,User1,252335,3240,0,0.014,12617891,11630,0,0.02071111111111111,1622,0,0,0
2023-05-16 04:49:47.948000+00:00,User2,259697,3354,0,0.012,14278344,13092,0,0.014855555555555556,1771,0,0,0
2023-05-16 04:49:47.969000+00:00,User2,259869,3356,0,0.013,14279285,13093,0,0.01668888888888889,1773,0,0,0
2023-05-16 04:49:48.065000+00:00,User2,260119,3359,0,0.013,14293576,13108,0,0.0167,1776,0,0,0
2023-05-16 04:49:50.515000+00:00,User1,262256,3366,0,0.011,13234684,12192,0,0.019833333333333335,1696,0,0,0
2023-05-16 04:49:50.557000+00:00,User1,262398,3368,0,0.014,13250363,12207,0,0.021433333333333332,1698,0,0,0
2023-05-16 04:49:50.532000+00:00,User1,262256,3366,0,0.011,13235815,12193,0,0.01971111111111111,1697,0,0,0
2023-05-16 04:49:50.560000+00:00,User1,262256,3366,0,0.012,13234684,12192,0,0.020544444444444445,1697,0,0,0
2023-05-16 04:49:50.540000+00:00,User1,262256,3366,0,0.011,13245231,12202,0,0.021377777777777777,1697,0,0,0
2023-05-16 04:49:50.539000+00:00,User1,262256,3366,0,0.012,13245231,12202,0,0.020644444444444444,1697,0,0,0
2023-05-16 04:49:50.584000+00:00,User1,262529,3370,0,0.013,13254474,12211,0,0.021344444444444444,1698,0,0,0
2023-05-16 04:49:50.558000+00:00,User1,262398,3368,0,0.014,13250363,12207,0,0.021655555555555556,1697,0,0,0
2023-05-16 04:49:50.524000+00:00,User1,262256,3366,0,0.011,13234684,12192,0,0.019911111111111112,1697,0,0,0
2023-05-16 04:49:50.591000+00:00,User1,262529,3370,0,0.012,13254474,12211,0,0.0221,1698,0,0,0
2023-05-16 04:49:50.514000+00:00,User1,262256,3366,0,0.011,13234684,12192,0,0.020244444444444443,1696,0,0,0
2023-05-16 04:49:50.707000+00:00,User3,252523,3244,0,0.011,13833269,12675,0,0.02031111111111111,1662,0,0,0
2023-05-16 04:49:50.690000+00:00,User3,252458,3243,0,0.012,13833269,12675,0,0.020877777777777776,1662,0,0,0
2023-05-16 04:49:50.705000+00:00,User3,252523,3244,0,0.012,13833269,12675,0,0.020277777777777777,1662,0,0,0
2023-05-16 04:49:50.719000+00:00,User3,252523,3244,0,0.011,13833269,12675,0,0.020166666666666666,1663,0,0,0
2023-05-16 04:49:50.729000+00:00,User3,252602,3245,0,0.011,13833269,12675,0,0.020622222222222222,1663,0,0,0
2023-05-16 04:49:50.709000+00:00,User3,252523,3244,0,0.011,13833269,12675,0,0.02048888888888889,1662,0,0,0
2023-05-16 04:49:50.725000+00:00,User3,252602,3245,0,0.009,13833269,12675,0,0.019455555555555556,1663,0,0,0
2023-05-16 04:49:50.716000+00:00,User3,252523,3244,0,0.011,13833269,12675,0,0.02031111111111111,1662,0,0,0
2023-05-16 04:49:50.719000+00:00,User3,252602,3245,0,0.011,13833269,12675,0,0.020355555555555557,1663,0,0,0
2023-05-16 04:49:50.714000+00:00,User3,252523,3244,0,0.011,13833269,12675,0,0.02048888888888889,1662,0,0,0
2023-05-16 04:49:50.731000+00:00,User3,252694,3246,0,0.01,13834299,12676,0,0.021,1663,0,0,0
2023-05-16 04:49:50.912000+00:00,User3,253359,3255,0,0.012,13880439,12718,0,0.022155555555555557,1668,0,0,0
2023-05-16 04:49:50.915000+00:00,User2,271291,3502,0,0.01,14941896,13709,0,0.02081111111111111,1860,0,0,0
2023-05-16 04:49:50.952000+00:00,User2,271459,3504,0,0.012,14958165,13723,0,0.020677777777777778,1861,0,0,0
2023-05-16 04:49:50.936000+00:00,User2,271459,3504,0,0.012,14953592,13719,0,0.020422222222222224,1861,0,0,0
2023-05-16 04:49:50.941000+00:00,User2,271459,3504,0,0.013,14954735,13720,0,0.020144444444444444,1861,0,0,0
2023-05-16 04:49:50.958000+00:00,User2,271541,3505,0,0.011,14963564,13728,0,0.02171111111111111,1861,0,0,0
2023-05-16 04:49:50.940000+00:00,User2,271459,3504,0,0.012,14954735,13720,0,0.02098888888888889,1861,0,0,0
2023-05-16 04:49:50.947000+00:00,User2,271459,3504,0,0.012,14958165,13723,0,0.020466666666666668,1861,0,0,0
2023-05-16 04:49:50.942000+00:00,User2,271459,3504,0,0.012,14958165,13723,0,0.021333333333333333,1861,0,0,0
2023-05-16 04:49:50.969000+00:00,User2,271541,3505,0,0.011,14966675,13731,0,0.021455555555555554,1861,0,0,0
2023-05-16 04:49:50.934000+00:00,User2,271459,3504,0,0.012,14954735,13720,0,0.02097777777777778,1860,0,0,0
2023-05-16 04:49:50.919000+00:00,User2,271291,3502,0,0.009,14941896,13709,0,0.020455555555555557,1860,0,0,0
2023-05-16 04:49:50.969000+00:00,User1,263995,3389,0,0.015,13346524,12296,0,0.018222222222222223,1710,0,0,0
2023-05-16 04:49:51.066000+00:00,User2,271966,3510,0,0.01,14985439,13748,0,0.01912222222222222,1865,0,0,0
2023-05-16 04:49:53.509000+00:00,User1,273776,3517,0,0.012,13963217,12858,0,0.022755555555555557,1781,0,0,0
2023-05-16 04:49:53.521000+00:00,User1,273857,3518,0,0.011,13969890,12864,0,0.02208888888888889,1781,0,0,0
2023-05-16 04:49:53.536000+00:00,User1,273857,3518,0,0.011,13970987,12865,0,0.022255555555555556,1781,0,0,0
2023-05-16 04:49:53.542000+00:00,User1,273857,3518,0,0.011,13970987,12865,0,0.02191111111111111,1781,0,0,0
2023-05-16 04:49:53.584000+00:00,User1,274003,3520,0,0.013,13986441,12879,0,0.021344444444444444,1783,0,0,0
2023-05-16 04:49:53.579000+00:00,User1,274003,3520,0,0.012,13986441,12879,0,0.021511111111111113,1783,0,0,0
2023-05-16 04:49:53.571000+00:00,User1,273857,3518,0,0.012,13983056,12876,0,0.02178888888888889,1781,0,0,0
2023-05-16 04:49:53.532000+00:00,User1,273857,3518,0,0.011,13969890,12864,0,0.02263333333333333,1781,0,0,0
2023-05-16 04:49:53.557000+00:00,User1,273857,3518,0,0.011,13983056,12876,0,0.02228888888888889,1782,0,0,0
2023-05-16 04:49:53.689000+00:00,User3,263738,3393,0,0.01,14585280,13361,0,0.0225,1749,0,0,0
2023-05-16 04:49:53.529000+00:00,User1,273776,3517,0,0.011,13967665,12862,0,0.02208888888888889,1780,0,0,0
2023-05-16 04:49:53.699000+00:00,User3,263822,3394,0,0.01,14585280,13361,0,0.022477777777777777,1749,0,0,0
2023-05-16 04:49:53.708000+00:00,User3,263898,3395,0,0.01,14585280,13361,0,0.022544444444444443,1750,0,0,0
2023-05-16 04:49:53.717000+00:00,User3,263898,3395,0,0.01,14585280,13361,0,0.02266666666666667,1750,0,0,0
2023-05-16 04:49:53.711000+00:00,User3,263898,3395,0,0.01,14585280,13361,0,0.022944444444444444,1749,0,0,0
2023-05-16 04:49:53.719000+00:00,User3,263898,3395,0,0.01,14588547,13364,0,0.021655555555555556,1750,0,0,0
2023-05-16 04:49:53.718000+00:00,User3,263898,3395,0,0.011,14586369,13362,0,0.02132222222222222,1750,0,0,0
2023-05-16 04:49:53.717000+00:00,User3,263898,3395,0,0.011,14585280,13361,0,0.023033333333333333,1749,0,0,0
2023-05-16 04:49:53.714000+00:00,User3,263898,3395,0,0.011,14585280,13361,0,0.023033333333333333,1749,0,0,0
2023-05-16 04:49:53.729000+00:00,User3,263976,3396,0,0.01,14590725,13366,0,0.02157777777777778,1750,0,0,0
2023-05-16 04:49:53.731000+00:00,User3,263898,3395,0,0.011,14588547,13364,0,0.02277777777777778,1750,0,0,0
2023-05-16 04:49:53.915000+00:00,User2,283010,3654,0,0.013,15687417,14390,0,0.02097777777777778,1946,0,0,0
2023-05-16 04:49:53.937000+00:00,User2,283010,3654,0,0.013,15692912,14395,0,0.020755555555555555,1946,0,0,0
2023-05-16 04:49:53.941000+00:00,User2,283097,3655,0,0.012,15692912,14395,0,0.021522222222222224,1947,0,0,0
2023-05-16 04:49:53.938000+00:00,User2,283010,3654,0,0.012,15692912,14395,0,0.020633333333333333,1946,0,0,0
2023-05-16 04:49:53.951000+00:00,User2,283097,3655,0,0.012,15692912,14395,0,0.021244444444444444,1947,0,0,0
2023-05-16 04:49:53.946000+00:00,User2,283097,3655,0,0.012,15692912,14395,0,0.020888888888888887,1946,0,0,0
2023-05-16 04:49:53.916000+00:00,User3,264643,3405,0,0.009,14640090,13410,0,0.0212,1756,0,0,0
2023-05-16 04:49:53.933000+00:00,User2,283010,3654,0,0.013,15692912,14395,0,0.02037777777777778,1946,0,0,0
2023-05-16 04:49:53.918000+00:00,User2,282839,3652,0,0.012,15682974,14386,0,0.020066666666666667,1946,0,0,0
2023-05-16 04:49:53.939000+00:00,User2,283010,3654,0,0.013,15692912,14395,0,0.020522222222222223,1947,0,0,0
2023-05-16 04:49:53.972000+00:00,User2,283186,3656,0,0.011,15698387,14400,0,0.01972222222222222,1948,0,0,0
2023-05-16 04:49:53.971000+00:00,User1,275463,3539,0,0.013,14083638,12967,0,0.019733333333333332,1794,0,0,0
2023-05-16 04:49:54.020000+00:00,User2,283186,3656,0,0.012,15703771,14405,0,0.02033333333333333,1946,0,0,0
2023-05-16 04:49:54.066000+00:00,User2,283579,3661,0,0.012,15717997,14418,0,0.019855555555555557,1950,0,0,0
2023-05-16 04:49:56.512000+00:00,User1,285530,3667,0,0.012,14737838,13561,0,0.022222222222222223,1867,0,0,0
2023-05-16 04:49:56.726000+00:00,User3,275492,3545,0,0.013,15322361,14031,0,0.022866666666666667,1833,0,0,0
2023-05-16 04:49:56.707000+00:00,User3,275407,3544,0,0.013,15311686,14021,0,0.02278888888888889,1833,0,0,0
2023-05-16 04:49:56.732000+00:00,User3,275492,3545,0,0.012,15322361,14031,0,0.023144444444444443,1832,0,0,0
2023-05-16 04:49:56.719000+00:00,User3,275492,3545,0,0.012,15322361,14031,0,0.023233333333333335,1833,0,0,0
2023-05-16 04:49:56.720000+00:00,User3,275492,3545,0,0.013,15315894,14025,0,0.022844444444444445,1832,0,0,0
2023-05-16 04:49:56.912000+00:00,User3,276294,3555,0,0.012,15372372,14077,0,0.02328888888888889,1838,0,0,0
2023-05-16 04:49:56.915000+00:00,User2,294141,3802,0,0.012,16451608,15084,0,0.022477777777777777,2033,0,0,0
2023-05-16 04:49:56.917000+00:00,User2,294278,3804,0,0.013,16451608,15084,0,0.022466666666666666,2033,0,0,0
2023-05-16 04:49:56.935000+00:00,User2,294278,3804,0,0.013,16458460,15090,0,0.021755555555555556,2033,0,0,0
2023-05-16 04:49:56.937000+00:00,User2,294278,3804,0,0.012,16458460,15090,0,0.021511111111111113,2033,0,0,0
2023-05-16 04:49:56.950000+00:00,User2,294349,3805,0,0.012,16461697,15093,0,0.021766666666666667,2034,0,0,0
2023-05-16 04:49:56.945000+00:00,User2,294349,3805,0,0.013,16461697,15093,0,0.02141111111111111,2033,0,0,0
2023-05-16 04:49:56.943000+00:00,User2,294349,3805,0,0.012,16461697,15093,0,0.02128888888888889,2034,0,0,0
2023-05-16 04:49:56.933000+00:00,User2,294278,3804,0,0.012,16458460,15090,0,0.021644444444444445,2033,0,0,0
2023-05-16 04:49:56.967000+00:00,User2,294481,3807,0,0.013,16467095,15098,0,0.021966666666666666,2034,0,0,0
2023-05-16 04:49:56.935000+00:00,User2,294278,3804,0,0.013,16458460,15090,0,0.02227777777777778,2031,0,0,0
2023-05-16 04:49:56.972000+00:00,User1,287353,3690,0,0.014,14842134,13656,0,0.02168888888888889,1880,0,0,0
2023-05-16 04:49:56.970000+00:00,User2,294481,3807,0,0.012,16467095,15098,0,0.021544444444444446,2034,0,0,0
2023-05-16 04:49:57.066000+00:00,User2,294752,3811,0,0.014,16488134,15117,0,0.021466666666666665,2037,0,0,0
2023-05-16 04:49:59.510000+00:00,User1,297466,3817,0,0.013,15288665,14077,0,0.010833333333333334,1952,0,0,0
2023-05-16 04:49:59.510000+00:00,User1,297466,3817,0,0.013,15288665,14077,0,0.011077777777777778,1952,0,0,0
2023-05-16 04:49:59.524000+00:00,User1,297466,3817,0,0.012,15288665,14077,0,0.011422222222222222,1953,0,0,0
2023-05-16 04:49:59.523000+00:00,User1,297466,3817,0,0.015,15288665,14077,0,0.010988888888888888,1953,0,0,0
2023-05-16 04:49:59.531000+00:00,User1,297466,3817,0,0.014,15288665,14077,0,0.011411111111111111,1952,0,0,0
2023-05-16 04:49:59.539000+00:00,User1,297466,3817,0,0.014,15288665,14077,0,0.012033333333333333,1953,0,0,0
2023-05-16 04:49:59.557000+00:00,User1,297635,3819,0,0.015,15292426,14081,0,0.010988888888888888,1954,0,0,0
2023-05-16 04:49:59.580000+00:00,User1,297720,3820,0,0.015,15295249,14084,0,0.010922222222222222,1955,0,0,0
2023-05-16 04:49:59.587000+00:00,User1,297720,3820,0,0.015,15295249,14084,0,0.011133333333333334,1954,0,0,0
2023-05-16 04:49:59.570000+00:00,User1,297720,3820,0,0.015,15292426,14081,0,0.012455555555555555,1954,0,0,0
2023-05-16 04:49:59.545000+00:00,User1,297466,3817,0,0.013,15288665,14077,0,0.012333333333333333,1952,0,0,0
2023-05-16 04:49:59.691000+00:00,User3,287181,3693,0,0.009,15930523,14601,0,0.010233333333333334,1922,0,0,0
2023-05-16 04:49:59.699000+00:00,User3,287264,3694,0,0.009,15930523,14601,0,0.0096,1922,0,0,0
2023-05-16 04:49:59.710000+00:00,User3,287264,3694,0,0.009,15930523,14601,0,0.009622222222222223,1922,0,0,0
2023-05-16 04:49:59.717000+00:00,User3,287264,3694,0,0.009,15931448,14602,0,0.0096,1922,0,0,0
2023-05-16 04:49:59.717000+00:00,User3,287436,3696,0,0.009,15933298,14604,0,0.0098,1923,0,0,0
2023-05-16 04:49:59.719000+00:00,User3,287436,3696,0,0.009,15934223,14605,0,0.009611111111111112,1923,0,0,0
2023-05-16 04:49:59.726000+00:00,User3,287436,3696,0,0.01,15934223,14605,0,0.009344444444444445,1923,0,0,0
2023-05-16 04:49:59.719000+00:00,User3,287264,3694,0,0.009,15931448,14602,0,0.009844444444444444,1922,0,0,0
2023-05-16 04:49:59.720000+00:00,User3,287436,3696,0,0.01,15934223,14605,0,0.010833333333333334,1923,0,0,0
2023-05-16 04:49:59.714000+00:00,User3,287264,3694,0,0.009,15931448,14602,0,0.010222222222222223,1922,0,0,0
2023-05-16 04:49:59.740000+00:00,User3,287436,3696,0,0.009,15935154,14606,0,0.010433333333333333,1922,0,0,0
2023-05-16 04:49:59.913000+00:00,User3,288112,3704,0,0.009,15953923,14626,0,0.010466666666666668,1929,0,0,0
2023-05-16 04:49:59.917000+00:00,User2,305776,3954,0,0.011,17220308,15787,0,0.019966666666666667,2123,0,0,0
2023-05-16 04:49:59.920000+00:00,User2,305776,3954,0,0.011,17218163,15785,0,0.01962222222222222,2123,0,0,0
2023-05-16 04:49:59.933000+00:00,User2,305776,3954,0,0.011,17225673,15792,0,0.01971111111111111,2124,0,0,0
2023-05-16 04:49:59.933000+00:00,User2,305776,3954,0,0.011,17225673,15792,0,0.0202,2123,0,0,0
2023-05-16 04:49:59.941000+00:00,User2,305859,3955,0,0.01,17225673,15792,0,0.02011111111111111,2124,0,0,0
2023-05-16 04:49:59.942000+00:00,User2,305859,3955,0,0.011,17225673,15792,0,0.019811111111111113,2124,0,0,0
2023-05-16 04:49:59.952000+00:00,User2,305859,3955,0,0.011,17226818,15793,0,0.019266666666666668,2124,0,0,0
2023-05-16 04:49:59.946000+00:00,User2,305859,3955,0,0.01,17225673,15792,0,0.019533333333333333,2124,0,0,0
2023-05-16 04:49:59.934000+00:00,User2,305776,3954,0,0.011,17225673,15792,0,0.0204,2123,0,0,0
2023-05-16 04:49:59.966000+00:00,User2,305947,3956,0,0.01,17231402,15797,0,0.01941111111111111,2125,0,0,0
2023-05-16 04:49:59.969000+00:00,User1,299415,3840,0,0.014,15338324,14129,0,0.010855555555555556,1966,0,0,0
2023-05-16 04:49:59.970000+00:00,User2,305947,3956,0,0.01,17233694,15799,0,0.019366666666666667,2124,0,0,0
2023-05-16 04:50:00.078000+00:00,User2,306345,3961,0,0.01,17256773,15821,0,0.020022222222222223,2127,0,0,0
2023-05-16 04:50:02.508000+00:00,User1,307493,3945,0,0.023,15669764,14432,0,0.0724,2009,0,0,0
2023-05-16 04:50:02.517000+00:00,User1,307493,3945,0,0.029,15669764,14432,0,0.07226666666666667,2007,0,0,0
2023-05-16 04:50:02.539000+00:00,User1,307574,3946,0,0.023,15680091,14441,0,0.07845555555555556,2010,0,0,0
2023-05-16 04:50:02.522000+00:00,User1,307493,3945,0,0.024,15678948,14440,0,0.07743333333333334,2007,0,0,0
2023-05-16 04:50:02.527000+00:00,User1,307493,3945,0,0.024,15678948,14440,0,0.07872222222222222,2007,0,0,0
2023-05-16 04:50:02.558000+00:00,User1,307658,3947,0,0.022,15683520,14444,0,0.07807777777777777,2010,0,0,0
2023-05-16 04:50:02.567000+00:00,User1,307658,3947,0,0.022,15683520,14444,0,0.07812222222222222,2010,0,0,0
2023-05-16 04:50:02.533000+00:00,User1,307493,3945,0,0.024,15678948,14440,0,0.07817777777777778,2009,0,0,0
2023-05-16 04:50:02.580000+00:00,User1,307738,3948,0,0.021,15683520,14444,0,0.0788,2010,0,0,0
2023-05-16 04:50:02.548000+00:00,User1,307574,3946,0,0.024,15680091,14441,0,0.07892222222222223,2010,0,0,0
2023-05-16 04:50:02.592000+00:00,User1,307738,3948,0,0.024,15683520,14444,0,0.07883333333333334,2009,0,0,0
2023-05-16 04:50:02.689000+00:00,User3,297385,3821,0,0.018,16385818,15029,0,0.042977777777777774,1992,0,0,0
2023-05-16 04:50:02.702000+00:00,User3,297456,3822,0,0.036,16385818,15029,0,0.042722222222222224,1992,0,0,0
2023-05-16 04:50:02.709000+00:00,User3,297456,3822,0,0.039,16385818,15029,0,0.04295555555555555,1991,0,0,0
2023-05-16 04:50:02.718000+00:00,User3,297456,3822,0,0.037,16385818,15029,0,0.041633333333333335,1992,0,0,0
2023-05-16 04:50:02.720000+00:00,User3,297456,3822,0,0.046,16385818,15029,0,0.047622222222222226,1988,0,0,0
2023-05-16 04:50:02.719000+00:00,User3,297456,3822,0,0.041,16385818,15029,0,0.044833333333333336,1992,0,0,0
2023-05-16 04:50:02.730000+00:00,User3,297456,3822,0,0.036,16385818,15029,0,0.04323333333333333,1992,0,0,0
2023-05-16 04:50:02.756000+00:00,User3,297456,3822,0,0.036,16385818,15029,0,0.042277777777777775,1992,0,0,0
2023-05-16 04:50:02.732000+00:00,User3,297456,3822,0,0.036,16385818,15029,0,0.0422,1992,0,0,0
2023-05-16 04:50:02.716000+00:00,User3,297456,3822,0,0.037,16385818,15029,0,0.04462222222222222,1992,0,0,0
2023-05-16 04:50:02.750000+00:00,User3,297385,3821,0,0.019,16385818,15029,0,0.0412,1987,0,0,0
2023-05-16 04:50:02.915000+00:00,User2,317501,4104,0,0.009,17961107,16463,0,0.018466666666666666,2213,0,0,0
2023-05-16 04:50:02.942000+00:00,User2,317501,4104,0,0.009,17969462,16471,0,0.0198,2214,0,0,0
2023-05-16 04:50:02.937000+00:00,User2,317501,4104,0,0.011,17964251,16466,0,0.01891111111111111,2214,0,0,0
2023-05-16 04:50:02.934000+00:00,User2,317501,4104,0,0.011,17961107,16463,0,0.020855555555555554,2213,0,0,0
2023-05-16 04:50:02.946000+00:00,User2,317501,4104,0,0.012,17969462,16471,0,0.022722222222222224,2202,0,0,0
2023-05-16 04:50:02.945000+00:00,User2,317501,4104,0,0.01,17969462,16471,0,0.019344444444444445,2196,0,0,0
2023-05-16 04:50:02.962000+00:00,User2,317501,4104,0,0.014,17971498,16473,0,0.02288888888888889,2198,0,0,0
2023-05-16 04:50:02.966000+00:00,User2,317566,4105,0,0.01,17974552,16476,0,0.02001111111111111,2215,0,0,0
2023-05-16 04:50:02.936000+00:00,User2,317501,4104,0,0.01,17964251,16466,0,0.018955555555555555,2213,0,0,0
2023-05-16 04:50:02.973000+00:00,User1,307913,3950,0,0.033,15702027,14460,0,0.08736666666666666,2011,0,0,0
2023-05-16 04:50:03.041000+00:00,User3,298051,3830,0,0.042,16399830,15041,0,0.06052222222222222,1985,0,0,0
2023-05-16 04:50:02.986000+00:00,User2,317566,4105,0,0.01,17974552,16476,0,0.019733333333333332,2214,0,0,0
2023-05-16 04:50:03.048000+00:00,User2,317501,4104,0,0.019,17963203,16465,0,0.02518888888888889,2183,0,0,0
2023-05-16 04:50:03.077000+00:00,User2,318025,4111,0,0.013,17992349,16492,0,0.021844444444444444,2204,0,0,0
2023-05-16 04:50:05.514000+00:00,User1,319203,4094,0,0.024,16229512,14924,0,0.09193333333333334,2037,0,0,0
2023-05-16 04:50:17.712000+00:00,User3,354866,4566,0,0.014,19322741,17661,0,0.02722222222222222,2241,0,0,0
2023-05-16 04:50:17.538000+00:00,User1,365122,4676,0,0.012,17677979,16210,0,0.058255555555555553,2126,0,0,0
2023-05-16 04:50:17.725000+00:00,User3,355011,4568,0,0.013,19322741,17661,0,0.027355555555555557,2241,0,0,0
2023-05-16 04:50:17.724000+00:00,User3,355011,4568,0,0.015,19323904,17662,0,0.027255555555555557,2241,0,0,0
2023-05-16 04:50:17.716000+00:00,User3,355011,4568,0,0.015,19322741,17661,0,0.027255555555555557,2241,0,0,0
2023-05-16 04:50:17.731000+00:00,User3,355011,4568,0,0.013,19325067,17663,0,0.027755555555555554,2241,0,0,0
2023-05-16 04:50:17.737000+00:00,User3,355011,4568,0,0.013,19329719,17667,0,0.02627777777777778,2241,0,0,0
2023-05-16 04:50:17.732000+00:00,User3,355011,4568,0,0.013,19329719,17667,0,0.025033333333333335,2241,0,0,0
2023-05-16 04:50:17.734000+00:00,User3,355011,4568,0,0.014,19329719,17667,0,0.027911111111111112,2241,0,0,0
2023-05-16 04:50:17.737000+00:00,User3,355011,4568,0,0.014,19336697,17673,0,0.02628888888888889,2241,0,0,0
2023-05-16 04:50:17.916000+00:00,User2,375005,4852,0,0.013,21306672,19518,0,0.02262222222222222,2583,0,0,0
2023-05-16 04:50:17.936000+00:00,User2,375155,4854,0,0.012,21312017,19523,0,0.024255555555555555,2583,0,0,0
2023-05-16 04:50:17.942000+00:00,User2,375155,4854,0,0.011,21315155,19526,0,0.02351111111111111,2583,0,0,0
2023-05-16 04:50:17.944000+00:00,User2,375155,4854,0,0.012,21315155,19526,0,0.02341111111111111,2583,0,0,0
2023-05-16 04:50:17.948000+00:00,User3,355821,4578,0,0.013,19353647,17688,0,0.025655555555555556,2244,0,0,0
2023-05-16 04:50:17.949000+00:00,User2,375155,4854,0,0.013,21315155,19526,0,0.02471111111111111,2583,0,0,0
2023-05-16 04:50:17.954000+00:00,User2,375155,4854,0,0.012,21315155,19526,0,0.02481111111111111,2583,0,0,0
2023-05-16 04:50:17.938000+00:00,User2,375155,4854,0,0.011,21312017,19523,0,0.024277777777777777,2583,0,0,0
2023-05-16 04:50:17.960000+00:00,User2,375222,4855,0,0.012,21315155,19526,0,0.024277777777777777,2583,0,0,0
2023-05-16 04:50:17.975000+00:00,User2,375222,4855,0,0.012,21315155,19526,0,0.02338888888888889,2584,0,0,0
2023-05-16 04:50:17.982000+00:00,User1,366823,4697,0,0.013,17728014,16256,0,0.05053333333333333,2133,0,0,0
2023-05-16 04:50:18.026000+00:00,User2,375368,4857,0,0.013,21328884,19538,0,0.022244444444444445,2585,0,0,0
2023-05-16 04:50:18.083000+00:00,User2,375658,4861,0,0.012,21350052,19557,0,0.02498888888888889,2587,0,0,0
2023-05-16 04:50:17.722000+00:00,User3,355011,4568,0,0.014,19322741,17661,0,0.027677777777777777,2241,0,0,0
2023-05-16 04:50:18.065000+00:00,User2,375292,4856,0,0.018,21317443,19528,0,0.023422222222222223,2580,0,0,0
2023-05-16 04:50:20.524000+00:00,User1,376645,4824,0,0.012,18143341,16636,0,0.03615555555555556,2170,0,0,0
2023-05-16 04:50:20.522000+00:00,User1,376724,4825,0,0.01,18146803,16639,0,0.035366666666666664,2171,0,0,0
2023-05-16 04:50:20.538000+00:00,User1,376724,4825,0,0.011,18154885,16646,0,0.03535555555555556,2171,0,0,0
2023-05-16 04:50:20.536000+00:00,User1,376724,4825,0,0.011,18154885,16646,0,0.03453333333333333,2170,0,0,0
2023-05-16 04:50:20.544000+00:00,User1,376793,4826,0,0.01,18154885,16646,0,0.035555555555555556,2172,0,0,0
2023-05-16 04:50:20.574000+00:00,User1,376793,4826,0,0.01,18154885,16646,0,0.035111111111111114,2171,0,0,0
2023-05-16 04:50:20.560000+00:00,User1,376793,4826,0,0.01,18154885,16646,0,0.0355,2171,0,0,0
2023-05-16 04:50:20.552000+00:00,User1,376724,4825,0,0.011,18154885,16646,0,0.036566666666666664,2170,0,0,0
2023-05-16 04:50:20.597000+00:00,User1,376927,4828,0,0.01,18154885,16646,0,0.03651111111111111,2171,0,0,0
2023-05-16 04:50:20.582000+00:00,User1,376793,4826,0,0.013,18154885,16646,0,0.03738888888888889,2170,0,0,0
2023-05-16 04:50:20.709000+00:00,User3,366515,4716,0,0.011,19903156,18179,0,0.03498888888888889,2284,0,0,0
2023-05-16 04:50:20.721000+00:00,User3,366515,4716,0,0.012,19905494,18181,0,0.035477777777777775,2284,0,0,0
2023-05-16 04:50:20.714000+00:00,User3,366515,4716,0,0.011,19903156,18179,0,0.034722222222222224,2283,0,0,0
2023-05-16 04:50:20.717000+00:00,User3,366515,4716,0,0.012,19905494,18181,0,0.034077777777777776,2284,0,0,0
2023-05-16 04:50:20.725000+00:00,User3,366515,4716,0,0.01,19905494,18181,0,0.03512222222222222,2284,0,0,0
2023-05-16 04:50:20.735000+00:00,User3,366672,4718,0,0.015,19911339,18186,0,0.03465555555555556,2284,0,0,0
2023-05-16 04:50:20.738000+00:00,User3,366672,4718,0,0.013,19917186,18191,0,0.03453333333333333,2285,0,0,0
2023-05-16 04:50:20.728000+00:00,User3,366672,4718,0,0.013,19909001,18184,0,0.03447777777777778,2284,0,0,0
2023-05-16 04:50:20.741000+00:00,User3,366672,4718,0,0.014,19917186,18191,0,0.0345,2284,0,0,0
2023-05-16 04:50:20.590000+00:00,User1,376793,4826,0,0.01,18154885,16646,0,0.03743333333333333,2171,0,0,0
2023-05-16 04:50:20.765000+00:00,User3,366672,4718,0,0.018,19917186,18191,0,0.034444444444444444,2283,0,0,0
2023-05-16 04:50:20.918000+00:00,User2,386309,4997,0,0.018,21661057,19834,0,0.07085555555555556,2621,0,0,0
2023-05-16 04:50:20.743000+00:00,User3,366672,4718,0,0.015,19917186,18191,0,0.03294444444444444,2282,0,0,0
2023-05-16 04:50:20.936000+00:00,User2,386309,4997,0,0.018,21661057,19834,0,0.07122222222222223,2621,0,0,0
2023-05-16 04:50:20.942000+00:00,User2,386309,4997,0,0.017,21661057,19834,0,0.07111111111111111,2621,0,0,0
2023-05-16 04:50:20.953000+00:00,User3,367509,4729,0,0.012,20001916,18266,0,0.03676666666666667,2288,0,0,0
2023-05-16 04:50:20.941000+00:00,User2,386309,4997,0,0.018,21661057,19834,0,0.0714888888888889,2621,0,0,0
2023-05-16 04:50:20.950000+00:00,User2,386309,4997,0,0.019,21661057,19834,0,0.07048888888888889,2621,0,0,0
2023-05-16 04:50:20.960000+00:00,User2,386309,4997,0,0.017,21661057,19834,0,0.07357777777777778,2621,0,0,0
2023-05-16 04:50:20.962000+00:00,User2,386309,4997,0,0.018,21661057,19834,0,0.0716,2621,0,0,0
2023-05-16 04:50:20.960000+00:00,User2,386309,4997,0,0.018,21661057,19834,0,0.0719,2621,0,0,0
2023-05-16 04:50:20.982000+00:00,User1,378338,4847,0,0.011,18207490,16692,0,0.03288888888888889,2178,0,0,0
2023-05-16 04:50:20.998000+00:00,User2,386309,4997,0,0.019,21661057,19834,0,0.07175555555555556,2621,0,0,0
2023-05-16 04:50:21.018000+00:00,User2,386309,4997,0,0.017,21661946,19835,0,0.07268888888888889,2621,0,0,0
2023-05-16 04:50:20.983000+00:00,User2,386309,4997,0,0.018,21661057,19834,0,0.0707,2620,0,0,0
2023-05-16 04:50:21.090000+00:00,User2,386513,5000,0,0.025,21665660,19839,0,0.07752222222222223,2622,0,0,0
2023-05-16 04:50:23.517000+00:00,User1,388138,4974,0,0.018,18744777,17170,0,0.039344444444444446,2213,0,0,0
2023-05-16 04:50:23.522000+00:00,User1,388138,4974,0,0.016,18744777,17170,0,0.03986666666666667,2214,0,0,0
2023-05-16 04:50:23.535000+00:00,User1,388204,4975,0,0.015,18745873,17171,0,0.041022222222222224,2213,0,0,0
2023-05-16 04:50:23.543000+00:00,User1,388204,4975,0,0.015,18751358,17176,0,0.04161111111111111,2213,0,0,0
2023-05-16 04:50:23.544000+00:00,User1,388357,4977,0,0.015,18752455,17177,0,0.041055555555555553,2214,0,0,0
2023-05-16 04:50:23.552000+00:00,User1,388204,4975,0,0.017,18745873,17171,0,0.040766666666666666,2212,0,0,0
2023-05-16 04:50:23.583000+00:00,User1,388423,4978,0,0.013,18753616,17178,0,0.0406,2213,0,0,0
2023-05-16 04:50:23.598000+00:00,User1,388497,4979,0,0.014,18761746,17185,0,0.04137777777777778,2214,0,0,0
2023-05-16 04:50:23.574000+00:00,User1,388423,4978,0,0.016,18753616,17178,0,0.03872222222222222,2212,0,0,0
2023-05-16 04:50:23.598000+00:00,User1,388423,4978,0,0.018,18757099,17181,0,0.040355555555555554,2212,0,0,0
2023-05-16 04:50:23.710000+00:00,User3,378175,4867,0,0.011,20705274,18885,0,0.04817777777777778,2325,0,0,0
2023-05-16 04:50:23.717000+00:00,User3,378175,4867,0,0.011,20705274,18885,0,0.04772222222222222,2326,0,0,0
2023-05-16 04:50:23.730000+00:00,User3,378175,4867,0,0.011,20707502,18887,0,0.046622222222222225,2325,0,0,0
2023-05-16 04:50:23.729000+00:00,User3,378175,4867,0,0.013,20709730,18889,0,0.048077777777777775,2326,0,0,0
2023-05-16 04:50:23.728000+00:00,User3,378175,4867,0,0.012,20705274,18885,0,0.047655555555555555,2324,0,0,0
2023-05-16 04:50:23.738000+00:00,User3,378250,4868,0,0.011,20709730,18889,0,0.04808888888888889,2326,0,0,0
2023-05-16 04:50:23.733000+00:00,User3,378175,4867,0,0.012,20709730,18889,0,0.04733333333333333,2325,0,0,0
2023-05-16 04:50:23.721000+00:00,User3,378175,4867,0,0.011,20707502,18887,0,0.04751111111111111,2325,0,0,0
2023-05-16 04:50:23.570000+00:00,User1,388357,4977,0,0.019,18752455,17177,0,0.03787777777777778,2211,0,0,0
2023-05-16 04:50:23.772000+00:00,User3,378175,4867,0,0.015,20709730,18889,0,0.046122222222222224,2325,0,0,0
2023-05-16 04:50:23.738000+00:00,User3,378250,4868,0,0.015,20709730,18889,0,0.05037777777777778,2324,0,0,0
2023-05-16 04:50:23.916000+00:00,User2,397695,5138,0,0.024,21828018,19996,0,0.08188888888888889,2657,0,0,0
2023-05-16 04:50:23.942000+00:00,User2,397851,5140,0,0.022,21833834,20001,0,0.08254444444444445,2657,0,0,0
2023-05-16 04:50:23.937000+00:00,User2,397851,5140,0,0.022,21833834,20001,0,0.08297777777777778,2657,0,0,0
2023-05-16 04:50:23.951000+00:00,User3,378880,4877,0,0.011,20752638,18927,0,0.04382222222222222,2329,0,0,0
2023-05-16 04:50:23.922000+00:00,User3,378594,4873,0,0.024,20734546,18911,0,0.0633,2324,0,0,0
2023-05-16 04:50:23.960000+00:00,User2,397851,5140,0,0.023,21843873,20010,0,0.07983333333333334,2657,0,0,0
2023-05-16 04:50:23.951000+00:00,User2,397851,5140,0,0.025,21833834,20001,0,0.081,2657,0,0,0
2023-05-16 04:50:23.954000+00:00,User2,397851,5140,0,0.022,21833834,20001,0,0.0828,2657,0,0,0
2023-05-16 04:50:23.946000+00:00,User2,397851,5140,0,0.022,21833834,20001,0,0.08443333333333333,2657,0,0,0
2023-05-16 04:50:23.954000+00:00,User2,397851,5140,0,0.023,21833834,20001,0,0.08097777777777777,2656,0,0,0
2023-05-16 04:50:23.990000+00:00,User1,389908,4997,0,0.013,18833865,17249,0,0.03994444444444444,2220,0,0,0
2023-05-16 04:50:23.985000+00:00,User2,397927,5141,0,0.024,21843873,20010,0,0.07987777777777778,2656,0,0,0
2023-05-16 04:50:24.022000+00:00,User2,397927,5141,0,0.021,21843873,20010,0,0.0796,2657,0,0,0
2023-05-16 04:50:24.004000+00:00,User2,397927,5141,0,0.022,21843873,20010,0,0.07858888888888889,2657,0,0,0
2023-05-16 04:50:24.095000+00:00,User2,398088,5143,0,0.023,21843873,20010,0,0.0794,2658,0,0,0
2023-05-16 04:50:26.523000+00:00,User1,398928,5120,0,0.016,19190108,17569,0,0.03317777777777778,2259,0,0,0
2023-05-16 04:50:26.544000+00:00,User1,398928,5120,0,0.016,19190108,17569,0,0.03348888888888889,2258,0,0,0
2023-05-16 04:50:26.518000+00:00,User1,398850,5119,0,0.018,19189005,17568,0,0.033577777777777776,2258,0,0,0
2023-05-16 04:50:26.546000+00:00,User1,399006,5121,0,0.015,19191212,17570,0,0.032733333333333337,2258,0,0,0
2023-05-16 04:50:26.542000+00:00,User1,398928,5120,0,0.015,19190108,17569,0,0.033777777777777775,2258,0,0,0
2023-05-16 04:50:26.571000+00:00,User1,399006,5121,0,0.015,19191212,17570,0,0.03303333333333333,2259,0,0,0
2023-05-16 04:50:26.573000+00:00,User1,399568,5128,0,0.015,19192316,17571,0,0.035755555555555554,2258,0,0,0
2023-05-16 04:50:26.588000+00:00,User1,399568,5128,0,0.016,19193453,17572,0,0.0358,2259,0,0,0
2023-05-16 04:50:26.576000+00:00,User1,399568,5128,0,0.016,19192316,17571,0,0.03328888888888889,2259,0,0,0
2023-05-16 04:50:26.598000+00:00,User1,399568,5128,0,0.015,19193453,17572,0,0.03517777777777778,2259,0,0,0
2023-05-16 04:50:26.590000+00:00,User1,399568,5128,0,0.017,19193453,17572,0,0.03611111111111111,2259,0,0,0
2023-05-16 04:50:26.713000+00:00,User3,388778,5011,0,0.008,21348230,19452,0,0.04058888888888889,2368,0,0,0
2023-05-16 04:50:26.722000+00:00,User3,388852,5012,0,0.01,21351698,19455,0,0.03928888888888889,2368,0,0,0
2023-05-16 04:50:26.726000+00:00,User3,388778,5011,0,0.008,21348230,19452,0,0.041522222222222224,2368,0,0,0
2023-05-16 04:50:26.733000+00:00,User3,388934,5013,0,0.009,21356326,19459,0,0.0405,2368,0,0,0
2023-05-16 04:50:26.733000+00:00,User3,388934,5013,0,0.01,21352855,19456,0,0.03966666666666667,2368,0,0,0
2023-05-16 04:50:26.734000+00:00,User3,388934,5013,0,0.009,21358640,19461,0,0.03956666666666667,2368,0,0,0
2023-05-16 04:50:26.737000+00:00,User3,388934,5013,0,0.01,21359797,19462,0,0.039766666666666665,2368,0,0,0
2023-05-16 04:50:26.740000+00:00,User3,388934,5013,0,0.011,21352855,19456,0,0.038122222222222224,2368,0,0,0
2023-05-16 04:50:26.729000+00:00,User3,388778,5011,0,0.01,21348230,19452,0,0.042022222222222225,2367,0,0,0
2023-05-16 04:50:26.741000+00:00,User3,388934,5013,0,0.009,21358640,19461,0,0.04051111111111111,2368,0,0,0
2023-05-16 04:50:26.839000+00:00,User3,389310,5018,0,0.009,21379373,19479,0,0.04162222222222222,2369,0,0,0
2023-05-16 04:50:26.917000+00:00,User2,409400,5289,0,0.014,22608972,20685,0,0.05068888888888889,2697,0,0,0
2023-05-16 04:50:26.936000+00:00,User2,409483,5290,0,0.013,22617145,20692,0,0.05057777777777778,2698,0,0,0
2023-05-16 04:50:26.942000+00:00,User2,409483,5290,0,0.014,22622958,20697,0,0.05227777777777778,2697,0,0,0
2023-05-16 04:50:26.943000+00:00,User2,409483,5290,0,0.012,22621817,20696,0,0.05095555555555555,2698,0,0,0
2023-05-16 04:50:26.953000+00:00,User2,409483,5290,0,0.013,22625240,20699,0,0.05185555555555556,2697,0,0,0
2023-05-16 04:50:26.953000+00:00,User3,389724,5023,0,0.011,21392944,19491,0,0.04198888888888889,2370,0,0,0
2023-05-16 04:50:26.961000+00:00,User2,409564,5291,0,0.012,22626381,20700,0,0.051755555555555555,2696,0,0,0
2023-05-16 04:50:26.966000+00:00,User2,409483,5290,0,0.013,22622958,20697,0,0.05198888888888889,2698,0,0,0
2023-05-16 04:50:26.968000+00:00,User2,409483,5290,0,0.013,22622958,20697,0,0.052422222222222224,2697,0,0,0
2023-05-16 04:50:26.998000+00:00,User2,409740,5293,0,0.013,22637791,20710,0,0.05067777777777778,2699,0,0,0
2023-05-16 04:50:27.002000+00:00,User2,409740,5293,0,0.012,22637791,20710,0,0.05174444444444445,2698,0,0,0
2023-05-16 04:50:27.024000+00:00,User1,400987,5145,0,0.013,19273064,17643,0,0.04604444444444444,2262,0,0,0
2023-05-16 04:50:27.107000+00:00,User2,409995,5296,0,0.014,22672105,20740,0,0.0476,2699,0,0,0
2023-05-16 04:50:27.041000+00:00,User2,409826,5294,0,0.013,22650351,20721,0,0.050611111111111114,2698,0,0,0
2023-05-16 04:50:29.522000+00:00,User1,410652,5270,0,0.017,19604626,17942,0,0.05753333333333333,2295,0,0,0
2023-05-16 04:50:29.523000+00:00,User1,410652,5270,0,0.016,19604626,17942,0,0.05703333333333333,2294,0,0,0
2023-05-16 04:50:29.542000+00:00,User1,410652,5270,0,0.017,19610412,17947,0,0.05628888888888889,2294,0,0,0
2023-05-16 04:50:29.545000+00:00,User1,410824,5272,0,0.017,19612728,17949,0,0.0546,2295,0,0,0
2023-05-16 04:50:29.544000+00:00,User1,410652,5270,0,0.018,19610412,17947,0,0.05671111111111111,2294,0,0,0
2023-05-16 04:50:29.558000+00:00,User1,410824,5272,0,0.019,19612728,17949,0,0.05536666666666667,2294,0,0,0
2023-05-16 04:50:29.575000+00:00,User1,410824,5272,0,0.017,19615044,17951,0,0.05491111111111111,2294,0,0,0
2023-05-16 04:50:29.585000+00:00,User1,410824,5272,0,0.017,19615044,17951,0,0.05407777777777778,2295,0,0,0
2023-05-16 04:50:29.581000+00:00,User1,410824,5272,0,0.017,19615044,17951,0,0.0562,2294,0,0,0
2023-05-16 04:50:29.600000+00:00,User1,410824,5272,0,0.016,19615044,17951,0,0.054377777777777775,2295,0,0,0
2023-05-16 04:50:29.607000+00:00,User1,410907,5273,0,0.018,19615044,17951,0,0.05612222222222222,2295,0,0,0
2023-05-16 04:50:29.715000+00:00,User3,400315,5159,0,0.012,21954338,19989,0,0.04334444444444444,2408,0,0,0
2023-05-16 04:50:29.718000+00:00,User3,400387,5160,0,0.012,21954338,19989,0,0.043944444444444446,2408,0,0,0
2023-05-16 04:50:29.720000+00:00,User3,400387,5160,0,0.013,21954338,19989,0,0.045366666666666666,2409,0,0,0
2023-05-16 04:50:29.725000+00:00,User3,400315,5159,0,0.013,21954338,19989,0,0.042466666666666666,2408,0,0,0
2023-05-16 04:50:29.732000+00:00,User3,400387,5160,0,0.012,21954338,19989,0,0.04298888888888889,2408,0,0,0
2023-05-16 04:50:29.738000+00:00,User3,400387,5160,0,0.012,21955506,19990,0,0.04296666666666667,2409,0,0,0
2023-05-16 04:50:29.731000+00:00,User3,400387,5160,0,0.013,21954338,19989,0,0.043633333333333336,2408,0,0,0
2023-05-16 04:50:29.745000+00:00,User3,400387,5160,0,0.016,21954338,19989,0,0.04538888888888889,2408,0,0,0
2023-05-16 04:50:29.749000+00:00,User3,400387,5160,0,0.013,21954338,19989,0,0.0425,2409,0,0,0
2023-05-16 04:50:29.742000+00:00,User3,400387,5160,0,0.012,21954338,19989,0,0.04267777777777778,2409,0,0,0
2023-05-16 04:50:29.835000+00:00,User3,400725,5165,0,0.012,21981033,20012,0,0.04343333333333333,2410,0,0,0
2023-05-16 04:50:29.919000+00:00,User2,420953,5439,0,0.007,23278648,21275,0,0.04248888888888889,2739,0,0,0
2023-05-16 04:50:29.940000+00:00,User2,420953,5439,0,0.006,23278648,21275,0,0.04106666666666667,2739,0,0,0
2023-05-16 04:50:29.942000+00:00,User2,420953,5439,0,0.006,23279750,21276,0,0.04164444444444444,2740,0,0,0
2023-05-16 04:50:29.942000+00:00,User2,420953,5439,0,0.006,23278648,21275,0,0.0413,2740,0,0,0
2023-05-16 04:50:29.948000+00:00,User2,420953,5439,0,0.007,23279750,21276,0,0.04267777777777778,2740,0,0,0
2023-05-16 04:50:29.960000+00:00,User3,401266,5172,0,0.012,22009827,20038,0,0.04062222222222222,2411,0,0,0
2023-05-16 04:50:29.960000+00:00,User2,420953,5439,0,0.006,23289668,21285,0,0.0414,2738,0,0,0
2023-05-16 04:50:29.959000+00:00,User2,420953,5439,0,0.006,23278648,21275,0,0.04051111111111111,2739,0,0,0
2023-05-16 04:50:29.997000+00:00,User2,421248,5443,0,0.01,23297384,21292,0,0.040688888888888886,2740,0,0,0
2023-05-16 04:50:29.996000+00:00,User2,421248,5443,0,0.009,23297384,21292,0,0.0412,2740,0,0,0
2023-05-16 04:50:29.996000+00:00,User2,420953,5439,0,0.011,23289668,21285,0,0.04345555555555555,2738,0,0,0
2023-05-16 04:50:30.044000+00:00,User2,421339,5444,0,0.009,23307658,21301,0,0.039711111111111114,2739,0,0,0
2023-05-16 04:50:30.023000+00:00,User1,411845,5285,0,0.026,19624722,17960,0,0.062266666666666665,2300,0,0,0
2023-05-16 04:50:30.128000+00:00,User2,421670,5448,0,0.013,23324778,21316,0,0.04664444444444445,2741,0,0,0
2023-05-16 04:50:32.523000+00:00,User1,422042,5416,0,0.015,20036406,18333,0,0.03726666666666666,2335,0,0,0
2023-05-16 04:50:32.530000+00:00,User1,421976,5415,0,0.016,20036406,18333,0,0.03704444444444444,2335,0,0,0
2023-05-16 04:50:32.547000+00:00,User1,422042,5416,0,0.015,20036406,18333,0,0.037033333333333335,2335,0,0,0
2023-05-16 04:50:32.544000+00:00,User1,422042,5416,0,0.015,20036406,18333,0,0.037766666666666664,2335,0,0,0
2023-05-16 04:50:32.564000+00:00,User1,422042,5416,0,0.02,20036406,18333,0,0.04036666666666667,2335,0,0,0
2023-05-16 04:50:32.566000+00:00,User1,422107,5417,0,0.015,20036406,18333,0,0.03638888888888889,2336,0,0,0
2023-05-16 04:50:32.582000+00:00,User1,422239,5419,0,0.014,20039124,18336,0,0.03493333333333333,2336,0,0,0
2023-05-16 04:50:32.590000+00:00,User1,422107,5417,0,0.014,20036406,18333,0,0.037477777777777777,2336,0,0,0
2023-05-16 04:50:32.608000+00:00,User1,422239,5419,0,0.015,20039124,18336,0,0.03724444444444444,2336,0,0,0
2023-05-16 04:50:32.623000+00:00,User1,422239,5419,0,0.015,20039124,18336,0,0.0361,2336,0,0,0
2023-05-16 04:50:32.613000+00:00,User1,422239,5419,0,0.016,20039124,18336,0,0.03585555555555556,2335,0,0,0
2023-05-16 04:50:32.712000+00:00,User3,411953,5308,0,0.011,22530046,20501,0,0.04462222222222222,2446,0,0,0
2023-05-16 04:50:32.731000+00:00,User3,411953,5308,0,0.013,22530046,20501,0,0.04811111111111111,2446,0,0,0
2023-05-16 04:50:32.734000+00:00,User3,411953,5308,0,0.012,22530046,20501,0,0.04571111111111111,2446,0,0,0
2023-05-16 04:50:32.733000+00:00,User3,411953,5308,0,0.011,22530046,20501,0,0.045455555555555555,2446,0,0,0
2023-05-16 04:50:32.741000+00:00,User3,411953,5308,0,0.011,22531127,20502,0,0.04214444444444444,2447,0,0,0
2023-05-16 04:50:32.746000+00:00,User3,411953,5308,0,0.01,22531127,20502,0,0.04328888888888889,2447,0,0,0
2023-05-16 04:50:32.752000+00:00,User3,411953,5308,0,0.013,22530046,20501,0,0.042077777777777776,2446,0,0,0
2023-05-16 04:50:32.734000+00:00,User3,411953,5308,0,0.014,22530046,20501,0,0.046677777777777776,2445,0,0,0
2023-05-16 04:50:32.742000+00:00,User3,411953,5308,0,0.012,22531127,20502,0,0.041966666666666666,2446,0,0,0
2023-05-16 04:50:32.751000+00:00,User3,412021,5309,0,0.013,22533290,20504,0,0.04281111111111111,2446,0,0,0
2023-05-16 04:50:32.848000+00:00,User3,412289,5313,0,0.013,22533290,20504,0,0.042444444444444444,2448,0,0,0
2023-05-16 04:50:32.942000+00:00,User2,431893,5584,0,0.012,23915522,21839,0,0.048377777777777776,2777,0,0,0
2023-05-16 04:51:05.737000+00:00,User3,540231,6956,0,0.009,29988318,27271,0,0.019155555555555554,3239,0,0,0
2023-05-16 04:51:05.737000+00:00,User3,540231,6956,0,0.009,29991738,27274,0,0.019077777777777777,3240,0,0,0
2023-05-16 04:51:05.736000+00:00,User3,540231,6956,0,0.009,29991738,27274,0,0.018977777777777777,3240,0,0,0
2023-05-16 04:51:05.738000+00:00,User3,540231,6956,0,0.009,29994020,27276,0,0.01902222222222222,3240,0,0,0
2023-05-16 04:51:05.747000+00:00,User3,540231,6956,0,0.009,29996229,27278,0,0.019777777777777776,3240,0,0,0
2023-05-16 04:51:05.759000+00:00,User3,540231,6956,0,0.009,30000649,27282,0,0.01941111111111111,3239,0,0,0
2023-05-16 04:51:05.760000+00:00,User3,540298,6957,0,0.009,30002859,27284,0,0.019533333333333333,3241,0,0,0
2023-05-16 04:51:05.844000+00:00,User3,540640,6961,0,0.009,30021753,27301,0,0.01972222222222222,3243,0,0,0
2023-05-16 04:51:05.922000+00:00,User2,559466,7234,0,0.009,31185835,28405,0,0.0165,3486,0,0,0
2023-05-16 04:51:05.945000+00:00,User2,559466,7234,0,0.008,31185835,28405,0,0.016833333333333332,3487,0,0,0
2023-05-16 04:51:05.947000+00:00,User2,559544,7235,0,0.008,31185835,28405,0,0.016877777777777776,3487,0,0,0
2023-05-16 04:51:05.959000+00:00,User2,559544,7235,0,0.008,31186943,28406,0,0.016255555555555554,3487,0,0,0
2023-05-16 04:51:05.965000+00:00,User2,559544,7235,0,0.008,31190267,28409,0,0.016933333333333335,3487,0,0,0
2023-05-16 04:51:05.962000+00:00,User2,559544,7235,0,0.008,31190267,28409,0,0.01718888888888889,3487,0,0,0
2023-05-16 04:51:05.968000+00:00,User2,559544,7235,0,0.008,31192484,28411,0,0.016666666666666666,3488,0,0,0
2023-05-16 04:51:05.970000+00:00,User2,559544,7235,0,0.008,31193593,28412,0,0.016644444444444444,3488,0,0,0
2023-05-16 04:51:05.984000+00:00,User3,541267,6969,0,0.009,30052083,27329,0,0.020144444444444444,3247,0,0,0
2023-05-16 04:51:06.016000+00:00,User1,549299,7056,0,0.01,25171184,22988,0,0.025744444444444445,2854,0,0,0
2023-05-16 04:51:06.018000+00:00,User2,559703,7237,0,0.007,31201893,28420,0,0.01707777777777778,3487,0,0,0
2023-05-16 04:51:06.043000+00:00,User2,559876,7239,0,0.008,31209540,28427,0,0.016733333333333333,3489,0,0,0
2023-05-16 04:51:06.062000+00:00,User2,559957,7240,0,0.008,31213004,28430,0,0.016422222222222223,3490,0,0,0
2023-05-16 04:51:06.105000+00:00,User2,560185,7243,0,0.009,31226125,28442,0,0.016944444444444446,3491,0,0,0
2023-05-16 04:51:08.522000+00:00,User1,559228,7182,0,0.013,25439167,23266,0,0.009977777777777778,2929,0,0,0
2023-05-16 04:51:08.531000+00:00,User1,559297,7183,0,0.013,25442156,23269,0,0.01048888888888889,2929,0,0,0
2023-05-16 04:51:08.548000+00:00,User1,559368,7184,0,0.013,25446068,23273,0,0.010322222222222222,2930,0,0,0
2023-05-16 04:51:08.555000+00:00,User1,559368,7184,0,0.012,25446068,23273,0,0.010466666666666668,2930,0,0,0
2023-05-16 04:51:08.578000+00:00,User1,559445,7185,0,0.011,25446068,23273,0,0.010555555555555556,2930,0,0,0
2023-05-16 04:51:08.581000+00:00,User1,559445,7185,0,0.012,25448146,23275,0,0.010366666666666666,2931,0,0,0
2023-05-16 04:51:08.582000+00:00,User1,559445,7185,0,0.011,25446068,23273,0,0.010255555555555556,2931,0,0,0
2023-05-16 04:51:08.592000+00:00,User1,559445,7185,0,0.011,25453345,23280,0,0.010155555555555555,2931,0,0,0
2023-05-16 04:51:08.600000+00:00,User1,559591,7187,0,0.012,25451181,23278,2,0.010044444444444444,2880,10,0,1
2023-05-16 04:51:08.606000+00:00,User1,559591,7187,0,0.012,25453345,23280,0,0.010066666666666666,2932,0,0,0
2023-05-16 04:51:08.611000+00:00,User1,559591,7187,0,0.012,25453345,23280,0,0.009855555555555555,2932,0,0,0
2023-05-16 04:51:08.725000+00:00,User3,552176,7105,0,0.01,30439407,27707,0,0.009122222222222223,3329,0,0,0
2023-05-16 04:51:08.735000+00:00,User3,552176,7105,0,0.01,30439407,27707,0,0.010311111111111111,3328,0,0,0
2023-05-16 04:51:08.736000+00:00,User3,552176,7105,0,0.009,30439407,27707,0,0.009477777777777778,3329,0,0,0
2023-05-16 04:51:08.734000+00:00,User3,552255,7106,0,0.009,30439407,27707,0,0.0096,3329,0,0,0
2023-05-16 04:51:08.736000+00:00,User3,552255,7106,0,0.009,30439407,27707,0,0.009644444444444445,3329,0,0,0
2023-05-16 04:51:08.739000+00:00,User3,552255,7106,0,0.009,30439407,27707,0,0.01018888888888889,3329,0,0,0
2023-05-16 04:51:08.739000+00:00,User3,552255,7106,0,0.009,30439407,27707,0,0.009633333333333334,3329,0,0,0
2023-05-16 04:51:08.746000+00:00,User3,552255,7106,0,0.009,30439407,27707,0,0.009844444444444444,3329,0,0,0
2023-05-16 04:51:08.759000+00:00,User3,552255,7106,0,0.009,30439407,27707,0,0.010088888888888889,3329,0,0,0
2023-05-16 04:51:08.759000+00:00,User3,552411,7108,0,0.009,30440414,27708,0,0.009444444444444445,3330,0,0,0
2023-05-16 04:51:08.844000+00:00,User3,552642,7111,0,0.008,30480479,27744,0,0.012811111111111112,3332,0,0,0
2023-05-16 04:51:08.924000+00:00,User2,571082,7384,0,0.009,31926921,29086,0,0.016355555555555557,3576,0,0,0
2023-05-16 04:51:08.945000+00:00,User2,571082,7384,0,0.009,31936994,29095,0,0.016666666666666666,3577,0,0,0
2023-05-16 04:51:08.951000+00:00,User2,571082,7384,0,0.009,31939234,29097,0,0.017666666666666667,3577,0,0,0
2023-05-16 04:51:08.959000+00:00,User2,571147,7385,0,0.009,31944742,29102,0,0.016355555555555557,3577,0,0,0
2023-05-16 04:51:08.966000+00:00,User2,571147,7385,0,0.009,31944742,29102,0,0.016633333333333333,3578,0,0,0
2023-05-16 04:51:08.967000+00:00,User2,571147,7385,0,0.009,31944742,29102,0,0.017222222222222222,3577,0,0,0
2023-05-16 04:51:08.969000+00:00,User2,571147,7385,0,0.009,31944742,29102,0,0.01731111111111111,3578,0,0,0
2023-05-16 04:51:08.971000+00:00,User2,571301,7387,0,0.009,31944742,29102,0,0.017044444444444445,3578,0,0,0
2023-05-16 04:51:08.981000+00:00,User3,553191,7118,0,0.009,30499312,27761,0,0.01308888888888889,3336,0,0,0
2023-05-16 04:51:09.016000+00:00,User1,561160,7207,0,0.014,25556269,23375,0,0.016944444444444446,2944,0,0,0
2023-05-16 04:51:09.009000+00:00,User2,571371,7388,0,0.009,31955468,29112,0,0.01718888888888889,3579,0,0,0
2023-05-16 04:51:09.039000+00:00,User2,571441,7389,0,0.009,31960989,29117,0,0.0168,3580,0,0,0
2023-05-16 04:51:09.063000+00:00,User2,571509,7390,0,0.01,31969014,29124,0,0.016644444444444444,3580,0,0,0
2023-05-16 04:51:09.104000+00:00,User2,571785,7393,0,0.01,31977185,29131,0,0.0166,3582,0,0,0
2023-05-16 04:51:11.523000+00:00,User1,570887,7332,0,0.011,26222270,23984,0,0.025277777777777777,3020,0,0,0
2023-05-16 04:51:11.531000+00:00,User1,570961,7333,0,0.013,26225589,23987,0,0.026044444444444443,3020,0,0,0
2023-05-16 04:51:11.548000+00:00,User1,571102,7335,0,0.01,26232421,23993,0,0.025944444444444444,3020,0,0,0
2023-05-16 04:51:11.560000+00:00,User1,571102,7335,0,0.011,26234455,23995,0,0.026,3021,0,0,0
2023-05-16 04:51:11.576000+00:00,User1,571102,7335,0,0.011,26239602,24000,0,0.026088888888888887,3021,0,0,0
2023-05-16 04:51:11.581000+00:00,User1,571102,7335,0,0.012,26239602,24000,0,0.025455555555555554,3021,0,0,0
2023-05-16 04:51:11.583000+00:00,User1,571102,7335,0,0.012,26239602,24000,0,0.02618888888888889,3021,0,0,0
2023-05-16 04:51:11.592000+00:00,User1,571102,7335,0,0.011,26246072,24006,0,0.026066666666666665,3022,0,0,0
2023-05-16 04:51:11.601000+00:00,User1,571251,7337,0,0.014,26243908,24004,2,0.025744444444444445,2970,10,0,1
2023-05-16 04:51:11.611000+00:00,User1,571251,7337,0,0.013,26246072,24006,0,0.025433333333333332,3022,0,0,0
2023-05-16 04:51:11.607000+00:00,User1,571251,7337,0,0.013,26246072,24006,0,0.026,3022,0,0,0
2023-05-16 04:51:11.732000+00:00,User3,563685,7255,0,0.009,31207996,28408,0,0.01862222222222222,3419,0,0,0
2023-05-16 04:51:11.736000+00:00,User3,563685,7255,0,0.008,31207996,28408,0,0.018566666666666665,3419,0,0,0
2023-05-16 04:51:11.733000+00:00,User3,563685,7255,0,0.009,31207996,28408,0,0.0182,3419,0,0,0
2023-05-16 04:51:11.737000+00:00,User3,563685,7255,0,0.009,31207996,28408,0,0.019044444444444444,3419,0,0,0
2023-05-16 04:51:11.732000+00:00,User3,563685,7255,0,0.009,31207996,28408,0,0.018455555555555555,3419,0,0,0
2023-05-16 04:51:11.740000+00:00,User3,563766,7256,0,0.009,31207996,28408,0,0.0181,3419,0,0,0
2023-05-16 04:51:11.740000+00:00,User3,563766,7256,0,0.009,31207996,28408,0,0.018233333333333334,3419,0,0,0
2023-05-16 04:51:11.743000+00:00,User3,563766,7256,0,0.008,31209007,28409,0,0.018277777777777778,3419,0,0,0
2023-05-16 04:51:11.760000+00:00,User3,563935,7258,0,0.01,31213052,28413,0,0.0188,3420,0,0,0
2023-05-16 04:51:11.760000+00:00,User3,563935,7258,0,0.009,31215076,28415,0,0.018,3420,0,0,0
2023-05-16 04:51:11.844000+00:00,User3,564181,7261,0,0.009,31228576,28428,0,0.018055555555555554,3422,0,0,0
2023-05-16 04:51:11.924000+00:00,User2,582731,7534,0,0.009,32622877,29726,0,0.012933333333333333,3667,0,0,0
2023-05-16 04:51:11.948000+00:00,User2,582799,7535,0,0.007,32622877,29726,0,0.0136,3667,0,0,0
2023-05-16 04:51:11.949000+00:00,User2,582799,7535,0,0.009,32623793,29727,0,0.013588888888888888,3668,0,0,0
2023-05-16 04:51:11.958000+00:00,User2,582799,7535,0,0.008,32625625,29729,0,0.013577777777777777,3668,0,0,0
2023-05-16 04:51:11.966000+00:00,User2,582799,7535,0,0.008,32626577,29730,0,0.014033333333333333,3668,0,0,0
2023-05-16 04:51:11.965000+00:00,User2,582799,7535,0,0.009,32626577,29730,0,0.013866666666666666,3668,0,0,0
2023-05-16 04:51:11.967000+00:00,User2,582799,7535,0,0.009,32628482,29732,0,0.0143,3668,0,0,0
2023-05-16 04:51:11.972000+00:00,User2,582799,7535,0,0.009,32628482,29732,0,0.0139,3668,0,0,0
2023-05-16 04:51:11.981000+00:00,User3,564691,7268,0,0.009,31266209,28463,0,0.01801111111111111,3426,0,0,0
2023-05-16 04:51:12.008000+00:00,User2,582997,7538,0,0.008,32631390,29735,0,0.013755555555555556,3669,0,0,0
2023-05-16 04:51:12.016000+00:00,User1,572791,7357,0,0.014,26349601,24099,0,0.021755555555555556,3035,0,0,0
2023-05-16 04:51:12.040000+00:00,User2,583062,7539,0,0.009,32631390,29735,0,0.01361111111111111,3670,0,0,0
2023-05-16 04:51:12.064000+00:00,User2,583128,7540,0,0.008,32634377,29738,0,0.012622222222222222,3670,0,0,0
2023-05-16 04:51:12.108000+00:00,User2,583371,7543,0,0.009,32640071,29744,0,0.012577777777777778,3672,0,0,0
2023-05-16 04:51:14.523000+00:00,User1,582553,7482,0,0.013,26948366,24648,0,0.018366666666666667,3110,0,0,0
2023-05-16 04:51:14.531000+00:00,User1,582710,7484,0,0.012,26952995,24652,0,0.017944444444444443,3110,0,0,0
2023-05-16 04:51:14.547000+00:00,User1,582710,7484,0,0.012,26958499,24657,0,0.018855555555555556,3111,0,0,0
2023-05-16 04:51:14.560000+00:00,User1,582710,7484,0,0.012,26962751,24661,0,0.019211111111111113,3111,0,0,0
2023-05-16 04:51:14.578000+00:00,User1,582710,7484,0,0.012,26964877,24663,0,0.018722222222222223,3112,0,0,0
2023-05-16 04:51:14.582000+00:00,User1,582855,7486,0,0.013,26964877,24663,0,0.01863333333333333,3112,0,0,0
2023-05-16 04:51:14.587000+00:00,User1,582778,7485,0,0.014,26964877,24663,0,0.018844444444444445,3112,0,0,0
2023-05-16 04:51:14.592000+00:00,User1,582855,7486,0,0.014,26970262,24668,0,0.019055555555555555,3112,0,0,0
2023-05-16 04:51:14.603000+00:00,User1,582855,7486,0,0.014,26970253,24668,2,0.019033333333333333,3061,10,0,1
2023-05-16 04:51:14.611000+00:00,User1,582855,7486,0,0.014,26974573,24672,0,0.019566666666666666,3113,0,0,0
2023-05-16 04:51:14.608000+00:00,User1,582855,7486,0,0.014,26974573,24672,0,0.018977777777777777,3113,0,0,0
2023-05-16 04:51:14.729000+00:00,User3,575329,7406,0,0.009,31943831,29082,0,0.01682222222222222,3509,0,0,0
2023-05-16 04:51:14.735000+00:00,User3,575254,7405,0,0.009,31942733,29081,0,0.01697777777777778,3509,0,0,0
2023-05-16 04:51:14.738000+00:00,User3,575329,7406,0,0.01,31943831,29082,0,0.01681111111111111,3509,0,0,0
2023-05-16 04:51:14.738000+00:00,User3,575329,7406,0,0.009,31943831,29082,0,0.016666666666666666,3510,0,0,0
2023-05-16 04:51:14.735000+00:00,User3,575329,7406,0,0.009,31943831,29082,0,0.016766666666666666,3509,0,0,0
2023-05-16 04:51:14.739000+00:00,User3,575329,7406,0,0.009,31943831,29082,0,0.017344444444444444,3509,0,0,0
2023-05-16 04:51:14.739000+00:00,User3,575329,7406,0,0.009,31943831,29082,0,0.01697777777777778,3509,0,0,0
2023-05-16 04:51:14.746000+00:00,User3,575329,7406,0,0.01,31943831,29082,0,0.017044444444444445,3509,0,0,0
2023-05-16 04:51:14.761000+00:00,User3,575460,7408,0,0.009,31944902,29083,0,0.0161,3510,0,0,0
2023-05-16 04:51:14.759000+00:00,User3,575460,7408,0,0.009,31948117,29086,0,0.016033333333333333,3510,0,0,0
2023-05-16 04:51:14.844000+00:00,User3,575667,7411,0,0.009,31970924,29107,0,0.016655555555555555,3512,0,0,0
2023-05-16 04:51:14.927000+00:00,User2,594692,7683,0,0.01,33127485,30204,0,0.01728888888888889,3756,0,0,0
2023-05-16 04:51:14.946000+00:00,User2,594843,7685,0,0.01,33132767,30209,0,0.017555555555555557,3756,0,0,0
2023-05-16 04:51:14.947000+00:00,User2,594843,7685,0,0.01,33132767,30209,0,0.0173,3757,0,0,0
2023-05-16 04:51:14.963000+00:00,User2,594843,7685,0,0.01,33138482,30214,0,0.016966666666666668,3757,0,0,0
2023-05-16 04:51:14.968000+00:00,User2,594843,7685,0,0.011,33138482,30214,0,0.017888888888888888,3757,0,0,0
2023-05-16 04:51:14.964000+00:00,User2,594843,7685,0,0.01,33138482,30214,0,0.017455555555555554,3757,0,0,0
2023-05-16 04:51:14.968000+00:00,User2,594843,7685,0,0.01,33138482,30214,0,0.016833333333333332,3757,0,0,0
2023-05-16 04:51:14.970000+00:00,User2,594843,7685,0,0.01,33139572,30215,0,0.0173,3757,0,0,0
2023-05-16 04:51:14.983000+00:00,User3,576266,7419,0,0.01,32010547,29143,0,0.015911111111111112,3516,0,0,0
2023-05-16 04:51:15.010000+00:00,User2,595072,7688,0,0.01,33152652,30227,0,0.017233333333333333,3758,0,0,0
2023-05-16 04:51:15.016000+00:00,User1,584505,7507,0,0.013,27071649,24762,0,0.019177777777777776,3125,0,0,0
2023-05-16 04:51:15.041000+00:00,User2,595142,7689,0,0.01,33157975,30232,0,0.018055555555555554,3759,0,0,0
2023-05-16 04:51:15.062000+00:00,User2,595215,7690,0,0.01,33165505,30239,0,0.018366666666666667,3760,0,0,0
2023-05-16 04:51:15.106000+00:00,User2,595470,7693,0,0.01,33178265,30250,0,0.01852222222222222,3761,0,0,0
2023-05-16 04:51:17.522000+00:00,User1,593778,7632,0,0.012,27689283,25329,0,0.017877777777777777,3200,0,0,0
2023-05-16 04:51:17.535000+00:00,User1,593778,7632,0,0.011,27697968,25337,0,0.019911111111111112,3201,0,0,0
2023-05-16 04:51:17.547000+00:00,User1,593920,7634,0,0.013,27704613,25343,0,0.0198,3201,0,0,0
2023-05-16 04:51:17.563000+00:00,User1,593920,7634,0,0.013,27709058,25347,0,0.0202,3202,0,0,0
2023-05-16 04:51:17.579000+00:00,User1,593920,7634,0,0.013,27709058,25347,0,0.020066666666666667,3202,0,0,0
2023-05-16 04:51:17.584000+00:00,User1,594004,7635,0,0.014,27709058,25347,0,0.019822222222222224,3202,0,0,0
2023-05-16 04:51:17.583000+00:00,User1,594004,7635,0,0.013,27709058,25347,0,0.020055555555555556,3202,0,0,0
2023-05-16 04:51:17.592000+00:00,User1,594178,7637,0,0.014,27710115,25348,0,0.019222222222222224,3203,0,0,0
2023-05-16 04:51:17.602000+00:00,User1,594178,7637,0,0.013,27710065,25348,2,0.019222222222222224,3151,10,0,1
2023-05-16 04:51:17.608000+00:00,User1,594178,7637,0,0.013,27715400,25353,0,0.019633333333333332,3203,0,0,0
2023-05-16 04:51:17.611000+00:00,User1,594178,7637,0,0.013,27715400,25353,0,0.019544444444444444,3203,0,0,0
2023-05-16 04:51:17.733000+00:00,User3,586320,7556,0,0.009,32702394,29771,0,0.0175,3599,0,0,0
2023-05-16 04:51:17.740000+00:00,User3,586320,7556,0,0.01,32702394,29771,0,0.016855555555555554,3599,0,0,0
2023-05-16 04:51:17.737000+00:00,User3,586320,7556,0,0.009,32703474,29772,0,0.017222222222222222,3600,0,0,0
2023-05-16 04:51:17.735000+00:00,User3,586320,7556,0,0.009,32702394,29771,0,0.017133333333333334,3599,0,0,0
2023-05-16 04:51:17.738000+00:00,User3,586320,7556,0,0.009,32703474,29772,0,0.016944444444444446,3600,0,0,0
2023-05-16 04:51:17.736000+00:00,User3,586320,7556,0,0.009,32702394,29771,0,0.0168,3600,0,0,0
2023-05-16 04:51:17.739000+00:00,User3,586320,7556,0,0.009,32703474,29772,0,0.016966666666666668,3599,0,0,0
2023-05-16 04:51:17.745000+00:00,User3,586396,7557,0,0.008,32704554,29773,0,0.017,3600,0,0,0
2023-05-16 04:51:17.760000+00:00,User3,586396,7557,0,0.009,32709954,29778,0,0.01681111111111111,3600,0,0,0
2023-05-16 04:51:17.759000+00:00,User3,586484,7558,0,0.009,32713197,29781,0,0.016777777777777777,3600,0,0,0
2023-05-16 04:51:17.844000+00:00,User3,586708,7561,0,0.01,32730957,29797,0,0.017966666666666666,3603,0,0,0
2023-05-16 04:51:17.926000+00:00,User2,606359,7833,0,0.008,33912774,30921,0,0.016888888888888887,3846,0,0,0
2023-05-16 04:51:17.947000+00:00,User2,606440,7834,0,0.009,33913931,30922,0,0.016422222222222223,3847,0,0,0
2023-05-16 04:51:17.946000+00:00,User2,606440,7834,0,0.009,33913931,30922,0,0.01572222222222222,3847,0,0,0
2023-05-16 04:51:17.961000+00:00,User2,606613,7836,0,0.009,33918561,30926,0,0.016422222222222223,3847,0,0,0
2023-05-16 04:51:17.966000+00:00,User2,606613,7836,0,0.009,33918561,30926,0,0.01631111111111111,3847,0,0,0
2023-05-16 04:51:17.975000+00:00,User2,606613,7836,0,0.009,33918561,30926,0,0.015766666666666665,3847,0,0,0
2023-05-16 04:51:17.972000+00:00,User2,606613,7836,0,0.009,33920877,30928,0,0.016466666666666668,3847,0,0,0
2023-05-16 04:51:17.968000+00:00,User2,606613,7836,0,0.009,33920877,30928,0,0.0163,3847,0,0,0
2023-05-16 04:51:17.983000+00:00,User3,587279,7568,0,0.01,32763332,29827,0,0.016277777777777776,3607,0,0,0
2023-05-16 04:51:18.011000+00:00,User2,606785,7838,0,0.009,33931048,30937,0,0.016644444444444444,3849,0,0,0
2023-05-16 04:51:18.016000+00:00,User1,595823,7657,0,0.012,27814365,25444,0,0.02038888888888889,3215,0,0,0
2023-05-16 04:51:18.043000+00:00,User2,606785,7838,0,0.008,33938853,30944,0,0.016466666666666668,3849,0,0,0
2023-05-16 04:51:18.066000+00:00,User2,607000,7841,0,0.009,33946976,30951,0,0.017611111111111112,3850,0,0,0
2023-05-16 04:51:18.109000+00:00,User2,607067,7842,0,0.009,33954838,30958,0,0.016955555555555557,3851,0,0,0
2023-05-16 04:51:20.523000+00:00,User1,605489,7782,0,0.01,28318060,25913,0,0.01898888888888889,3290,0,0,0
2023-05-16 04:51:20.532000+00:00,User1,605576,7783,0,0.011,28324336,25919,0,0.018588888888888887,3291,0,0,0
2023-05-16 04:51:20.548000+00:00,User1,605662,7784,0,0.01,28326502,25921,0,0.018744444444444446,3291,0,0,0
2023-05-16 04:51:20.560000+00:00,User1,605662,7784,0,0.01,28330982,25925,0,0.018866666666666667,3292,0,0,0
2023-05-16 04:51:20.579000+00:00,User1,605662,7784,0,0.01,28333222,25927,0,0.019311111111111112,3292,0,0,0
2023-05-16 04:51:20.585000+00:00,User1,605662,7784,0,0.01,28333222,25927,0,0.018255555555555556,3292,0,0,0
2023-05-16 04:51:20.586000+00:00,User1,605662,7784,0,0.01,28333222,25927,0,0.019144444444444443,3292,0,0,0
2023-05-16 04:51:20.592000+00:00,User1,605894,7787,0,0.012,28336486,25930,0,0.018322222222222222,3293,0,0,0
2023-05-16 04:51:20.602000+00:00,User1,605894,7787,0,0.012,28338675,25932,2,0.017888888888888888,3241,10,0,1
2023-05-16 04:51:20.607000+00:00,User1,605894,7787,0,0.012,28340839,25934,0,0.018366666666666667,3293,0,0,0
2023-05-16 04:51:20.613000+00:00,User1,605894,7787,0,0.012,28340839,25934,0,0.01841111111111111,3293,0,0,0
2023-05-16 04:51:20.733000+00:00,User3,598048,7706,0,0.01,33454347,30460,0,0.016944444444444446,3689,0,0,0
2023-05-16 04:51:20.731000+00:00,User3,598048,7706,0,0.01,33454347,30460,0,0.01621111111111111,3689,0,0,0
2023-05-16 04:51:20.738000+00:00,User3,598048,7706,0,0.009,33454347,30460,0,0.01601111111111111,3689,0,0,0
2023-05-16 04:51:20.734000+00:00,User3,598048,7706,0,0.01,33454347,30460,0,0.016288888888888887,3689,0,0,0
2023-05-16 04:51:20.737000+00:00,User3,598048,7706,0,0.009,33454347,30460,0,0.01611111111111111,3690,0,0,0
2023-05-16 04:51:20.738000+00:00,User3,598048,7706,0,0.01,33454347,30460,0,0.01622222222222222,3690,0,0,0
2023-05-16 04:51:20.741000+00:00,User3,598048,7706,0,0.009,33455515,30461,0,0.016944444444444446,3690,0,0,0
2023-05-16 04:51:20.745000+00:00,User3,598048,7706,0,0.009,33459020,30464,0,0.016733333333333333,3690,0,0,0
2023-05-16 04:51:20.761000+00:00,User3,598113,7707,0,0.009,33462527,30467,0,0.0169,3690,0,0,0
2023-05-16 04:51:20.760000+00:00,User3,598113,7707,0,0.009,33462527,30467,0,0.017366666666666666,3691,0,0,0
2023-05-16 04:51:20.845000+00:00,User3,598402,7711,0,0.009,33484628,30487,0,0.016955555555555557,3693,0,0,0
2023-05-16 04:51:20.931000+00:00,User2,617779,7983,0,0.009,34653869,31600,0,0.016744444444444444,3936,0,0,0
2023-05-16 04:51:20.947000+00:00,User2,617851,7984,0,0.01,34657226,31603,0,0.0165,3937,0,0,0
2023-05-16 04:51:20.952000+00:00,User2,617851,7984,0,0.009,34657226,31603,0,0.016177777777777777,3937,0,0,0
2023-05-16 04:51:20.960000+00:00,User2,617996,7986,0,0.009,34658345,31604,0,0.01698888888888889,3937,0,0,0
2023-05-16 04:51:20.967000+00:00,User2,617996,7986,0,0.009,34662822,31608,0,0.016677777777777777,3937,0,0,0
2023-05-16 04:51:20.964000+00:00,User2,617996,7986,0,0.009,34662822,31608,0,0.016933333333333335,3937,0,0,0
2023-05-16 04:51:20.970000+00:00,User2,617996,7986,0,0.009,34662822,31608,0,0.016644444444444444,3937,0,0,0
2023-05-16 04:51:20.972000+00:00,User2,617996,7986,0,0.009,34663911,31609,0,0.0174,3938,0,0,0
2023-05-16 04:51:20.984000+00:00,User3,599012,7719,0,0.008,33522274,30521,0,0.015933333333333334,3697,0,0,0
2023-05-16 04:51:21.010000+00:00,User2,618153,7988,0,0.009,34675655,31620,0,0.0168,3939,0,0,0
2023-05-16 04:51:21.019000+00:00,User1,607537,7807,0,0.012,28435625,26021,0,0.018488888888888888,3306,0,0,0
2023-05-16 04:51:21.042000+00:00,User2,618230,7989,0,0.007,34678809,31623,0,0.015822222222222224,3939,0,0,0
2023-05-16 04:51:21.064000+00:00,User2,618386,7991,0,0.009,34686471,31630,0,0.015644444444444443,3940,0,0,0
2023-05-16 04:51:21.108000+00:00,User2,618524,7993,0,0.009,34697950,31640,0,0.016233333333333332,3942,0,0,0
2023-05-16 04:51:23.523000+00:00,User1,617343,7933,0,0.009,29014960,26556,0,0.014166666666666666,3381,0,0,0
2023-05-16 04:51:23.532000+00:00,User1,617343,7933,0,0.009,29014960,26556,0,0.01448888888888889,3381,0,0,0
2023-05-16 04:51:23.550000+00:00,User1,617411,7934,0,0.009,29017679,26559,0,0.014533333333333334,3382,0,0,0
2023-05-16 04:51:23.560000+00:00,User1,617411,7934,0,0.008,29018586,26560,0,0.014433333333333333,3382,0,0,0
2023-05-16 04:51:23.577000+00:00,User1,617477,7935,0,0.009,29019508,26561,0,0.015222222222222222,3382,0,0,0
2023-05-16 04:51:23.584000+00:00,User1,617477,7935,0,0.009,29022276,26564,0,0.014644444444444444,3382,0,0,0
2023-05-16 04:51:23.587000+00:00,User1,617477,7935,0,0.01,29022276,26564,0,0.014688888888888888,3382,0,0,0
2023-05-16 04:51:23.592000+00:00,User1,617612,7937,0,0.009,29022276,26564,0,0.014344444444444444,3383,0,0,0
2023-05-16 04:51:23.612000+00:00,User1,617612,7937,0,0.009,29022276,26564,0,0.014644444444444444,3383,0,0,0
2023-05-16 04:51:23.608000+00:00,User1,617612,7937,0,0.009,29022276,26564,0,0.014311111111111111,3383,0,0,0
2023-05-16 04:51:23.606000+00:00,User1,617612,7937,0,0.009,29020112,26562,2,0.014155555555555555,3331,10,0,1
2023-05-16 04:51:23.735000+00:00,User3,609735,7856,0,0.01,34168313,31115,0,0.013422222222222223,3779,0,0,0
2023-05-16 04:51:23.732000+00:00,User3,609735,7856,0,0.009,34168313,31115,0,0.013288888888888888,3780,0,0,0
2023-05-16 04:51:23.735000+00:00,User3,609735,7856,0,0.009,34168313,31115,0,0.01338888888888889,3780,0,0,0
2023-05-16 04:51:23.741000+00:00,User3,609735,7856,0,0.009,34168313,31115,0,0.01331111111111111,3780,0,0,0
2023-05-16 04:51:23.737000+00:00,User3,609735,7856,0,0.009,34168313,31115,0,0.013777777777777778,3780,0,0,0
2023-05-16 04:51:23.738000+00:00,User3,609735,7856,0,0.009,34169260,31116,0,0.0132,3780,0,0,0
2023-05-16 04:51:23.740000+00:00,User3,609735,7856,0,0.009,34171154,31118,0,0.013655555555555556,3780,0,0,0
2023-05-16 04:51:23.745000+00:00,User3,609735,7856,0,0.009,34171154,31118,0,0.013055555555555556,3780,0,0,0
2023-05-16 04:51:23.759000+00:00,User3,609808,7857,0,0.009,34171154,31118,0,0.012833333333333334,3780,0,0,0
2023-05-16 04:51:23.759000+00:00,User3,609808,7857,0,0.009,34171154,31118,0,0.01248888888888889,3781,0,0,0
2023-05-16 04:51:23.845000+00:00,User3,610102,7861,0,0.01,34179803,31127,0,0.01161111111111111,3783,0,0,0
2023-05-16 04:51:23.931000+00:00,User2,629020,8133,0,0.009,35403204,32289,0,0.01671111111111111,4027,0,0,0
2023-05-16 04:51:23.947000+00:00,User2,629148,8135,0,0.01,35406507,32292,0,0.016277777777777776,4027,0,0,0
2023-05-16 04:51:23.951000+00:00,User2,629148,8135,0,0.009,35409810,32295,0,0.01608888888888889,4027,0,0,0
2023-05-16 04:51:23.960000+00:00,User2,629148,8135,0,0.009,35412012,32297,0,0.016277777777777776,4027,0,0,0
2023-05-16 04:51:23.965000+00:00,User2,629211,8136,0,0.009,35417519,32302,0,0.016866666666666665,4027,0,0,0
2023-05-16 04:51:23.970000+00:00,User2,629211,8136,0,0.01,35417519,32302,0,0.016366666666666668,4027,0,0,0
2023-05-16 04:51:23.968000+00:00,User2,629211,8136,0,0.009,35418527,32303,0,0.01658888888888889,4028,0,0,0
2023-05-16 04:51:23.971000+00:00,User2,629211,8136,0,0.009,35420544,32305,0,0.01681111111111111,4028,0,0,0
2023-05-16 04:51:23.983000+00:00,User3,610594,7868,0,0.009,34191444,31139,0,0.009566666666666666,3787,0,0,0
2023-05-16 04:51:24.012000+00:00,User2,629277,8137,0,0.01,35430555,32314,0,0.01621111111111111,4029,0,0,0
2023-05-16 04:51:24.016000+00:00,User1,619258,7957,0,0.008,29064710,26608,0,0.012355555555555555,3396,0,0,0
2023-05-16 04:51:24.043000+00:00,User2,629515,8140,0,0.009,35430555,32314,0,0.016044444444444445,4029,0,0,0
2023-05-16 04:51:24.065000+00:00,User2,629515,8140,0,0.009,35437857,32321,0,0.016244444444444443,4030,0,0,0
2023-05-16 04:51:24.108000+00:00,User2,629679,8142,0,0.008,35452221,32334,0,0.015466666666666667,4032,0,0,0
2023-05-16 04:51:26.523000+00:00,User1,629210,8082,0,0.011,29501679,27021,0,0.019844444444444446,3470,0,0,0
2023-05-16 04:51:26.532000+00:00,User1,629286,8083,0,0.012,29510088,27029,0,0.020655555555555555,3470,0,0,0
2023-05-16 04:51:26.547000+00:00,User1,629360,8084,0,0.011,29512154,27031,0,0.02121111111111111,3471,0,0,0
2023-05-16 04:51:26.559000+00:00,User1,629360,8084,0,0.011,29516446,27035,0,0.0212,3471,0,0,0
2023-05-16 04:51:26.578000+00:00,User1,629445,8085,0,0.011,29516446,27035,0,0.02142222222222222,3471,0,0,0
2023-05-16 04:51:26.583000+00:00,User1,629445,8085,0,0.011,29516446,27035,0,0.021133333333333334,3472,0,0,0
2023-05-16 04:51:26.586000+00:00,User1,629445,8085,0,0.012,29516446,27035,0,0.021244444444444444,3471,0,0,0
2023-05-16 04:51:26.592000+00:00,User1,629586,8087,0,0.012,29517498,27036,0,0.02,3472,0,0,0
2023-05-16 04:51:26.604000+00:00,User1,629586,8087,0,0.011,29518491,27037,2,0.020422222222222224,3420,10,0,1
2023-05-16 04:51:26.611000+00:00,User1,629586,8087,0,0.011,29523814,27042,0,0.02031111111111111,3473,0,0,0
2023-05-16 04:51:26.608000+00:00,User1,629586,8087,0,0.012,29523814,27042,0,0.02008888888888889,3472,0,0,0
2023-05-16 04:51:26.734000+00:00,User3,621814,8005,0,0.01,34646084,31574,0,0.016355555555555557,3868,0,0,0
2023-05-16 04:51:26.730000+00:00,User3,621882,8006,0,0.009,34646084,31574,0,0.0158,3869,0,0,0
2023-05-16 04:51:26.738000+00:00,User3,621882,8006,0,0.011,34646084,31574,0,0.016844444444444443,3869,0,0,0
2023-05-16 04:51:26.736000+00:00,User3,621882,8006,0,0.01,34646084,31574,0,0.015811111111111113,3869,0,0,0
2023-05-16 04:51:26.738000+00:00,User3,621882,8006,0,0.009,34646084,31574,0,0.016166666666666666,3869,0,0,0
2023-05-16 04:51:26.741000+00:00,User3,621882,8006,0,0.01,34646084,31574,0,0.015966666666666667,3869,0,0,0
2023-05-16 04:51:26.740000+00:00,User3,621882,8006,0,0.011,34646084,31574,0,0.017044444444444445,3869,0,0,0
2023-05-16 04:51:26.745000+00:00,User3,621882,8006,0,0.011,34646084,31574,0,0.01708888888888889,3869,0,0,0
2023-05-16 04:51:26.759000+00:00,User3,622025,8008,0,0.009,34649499,31577,0,0.015444444444444445,3869,0,0,0
2023-05-16 04:51:26.764000+00:00,User3,622025,8008,0,0.01,34652916,31580,0,0.015866666666666668,3870,0,0,0
2023-05-16 04:51:26.845000+00:00,User3,622234,8011,0,0.01,34681392,31606,0,0.017533333333333335,3872,0,0,0
2023-05-16 04:51:26.934000+00:00,User2,640688,8284,0,0.009,36159340,32980,0,0.01768888888888889,4116,0,0,0
2023-05-16 04:51:26.949000+00:00,User2,640781,8285,0,0.009,36164651,32985,0,0.01771111111111111,4117,0,0,0
2023-05-16 04:51:26.954000+00:00,User2,640781,8285,0,0.009,36164651,32985,0,0.01792222222222222,4117,0,0,0
2023-05-16 04:51:26.963000+00:00,User2,640781,8285,0,0.009,36168843,32989,0,0.01781111111111111,4117,0,0,0
2023-05-16 04:51:26.969000+00:00,User2,640870,8286,0,0.007,36168843,32989,0,0.018144444444444446,4117,0,0,0
2023-05-16 04:51:26.966000+00:00,User2,640870,8286,0,0.009,36168843,32989,0,0.018277777777777778,4118,0,0,0
2023-05-16 04:51:26.969000+00:00,User2,640870,8286,0,0.009,36168843,32989,0,0.018055555555555554,4118,0,0,0
2023-05-16 04:51:26.973000+00:00,User2,640870,8286,0,0.008,36169953,32990,0,0.017477777777777776,4118,0,0,0
2023-05-16 04:51:26.983000+00:00,User3,622845,8019,0,0.01,34713805,31636,0,0.01691111111111111,3876,0,0,0
2023-05-16 04:51:27.011000+00:00,User2,640954,8287,0,0.01,36177715,32997,0,0.016466666666666668,4119,0,0,0
2023-05-16 04:51:27.017000+00:00,User1,631175,8107,0,0.011,29636996,27145,0,0.02107777777777778,3485,0,0,0
2023-05-16 04:51:27.048000+00:00,User2,641091,8289,0,0.01,36187591,33006,0,0.018444444444444444,4119,0,0,0
2023-05-16 04:51:27.071000+00:00,User2,641244,8291,0,0.009,36195239,33013,0,0.01791111111111111,4120,0,0,0
2023-05-16 04:51:27.108000+00:00,User2,641333,8292,0,0.01,36205476,33022,0,0.017055555555555556,4122,0,0,0
2023-05-16 04:51:29.524000+00:00,User1,641051,8233,0,0.012,30286292,27740,0,0.019,3560,0,0,0
2023-05-16 04:51:29.532000+00:00,User1,641051,8233,0,0.013,30290804,27744,0,0.01828888888888889,3561,0,0,0
2023-05-16 04:51:29.548000+00:00,User1,641131,8234,0,0.012,30293106,27746,0,0.019555555555555555,3561,0,0,0
2023-05-16 04:51:29.559000+00:00,User1,641131,8234,0,0.012,30298861,27751,0,0.01971111111111111,3561,0,0,0
2023-05-16 04:51:29.587000+00:00,User1,641295,8236,0,0.012,30301125,27753,0,0.018733333333333334,3562,0,0,0
2023-05-16 04:51:29.581000+00:00,User1,641295,8236,0,0.012,30300013,27752,0,0.01948888888888889,3561,0,0,0
2023-05-16 04:51:29.584000+00:00,User1,641295,8236,0,0.012,30301125,27753,0,0.01901111111111111,3562,0,0,0
2023-05-16 04:51:29.592000+00:00,User1,641295,8236,0,0.012,30307801,27759,0,0.019177777777777776,3562,0,0,0
2023-05-16 04:51:29.604000+00:00,User1,641375,8237,0,0.012,30307863,27759,2,0.019422222222222223,3510,10,0,1
2023-05-16 04:51:29.612000+00:00,User1,641375,8237,0,0.012,30310027,27761,0,0.019133333333333332,3563,0,0,0
2023-05-16 04:51:29.608000+00:00,User1,641375,8237,0,0.012,30310027,27761,0,0.018744444444444446,3563,0,0,0
2023-05-16 04:51:29.734000+00:00,User3,633489,8156,0,0.009,35425670,32290,0,0.015955555555555556,3959,0,0,0
2023-05-16 04:51:29.731000+00:00,User3,633489,8156,0,0.01,35425670,32290,0,0.015122222222222223,3959,0,0,0
2023-05-16 04:51:29.739000+00:00,User3,633489,8156,0,0.008,35426734,32291,0,0.016055555555555556,3959,0,0,0
2023-05-16 04:51:29.737000+00:00,User3,633489,8156,0,0.009,35426734,32291,0,0.015433333333333334,3959,0,0,0
2023-05-16 04:51:29.738000+00:00,User3,633489,8156,0,0.009,35426734,32291,0,0.015966666666666667,3959,0,0,0
2023-05-16 04:51:29.736000+00:00,User3,633489,8156,0,0.009,35426734,32291,0,0.015733333333333332,3959,0,0,0
2023-05-16 04:51:29.740000+00:00,User3,633571,8157,0,0.009,35429929,32294,0,0.015344444444444445,3959,0,0,0
2023-05-16 04:51:29.745000+00:00,User3,633571,8157,0,0.009,35434189,32298,0,0.015644444444444443,3959,0,0,0
2023-05-16 04:51:29.761000+00:00,User3,633571,8157,0,0.01,35436319,32300,0,0.015688888888888888,3959,0,0,0
2023-05-16 04:51:29.764000+00:00,User3,633653,8158,0,0.008,35436319,32300,0,0.0155,3960,0,0,0
2023-05-16 04:51:29.845000+00:00,User3,633958,8162,0,0.008,35455751,32317,0,0.016233333333333332,3962,0,0,0
2023-05-16 04:51:29.931000+00:00,User2,652379,8433,0,0.011,36704271,33493,0,0.008244444444444445,4206,0,0,0
2023-05-16 04:51:29.949000+00:00,User2,652550,8435,0,0.011,36707104,33496,0,0.008433333333333333,4207,0,0,0
2023-05-16 04:51:29.951000+00:00,User2,652550,8435,0,0.011,36707104,33496,0,0.0077555555555555555,4207,0,0,0
2023-05-16 04:51:29.961000+00:00,User2,652550,8435,0,0.011,36707104,33496,0,0.009033333333333334,4207,0,0,0
2023-05-16 04:51:29.964000+00:00,User2,652550,8435,0,0.011,36707104,33496,0,0.008677777777777777,4207,0,0,0
2023-05-16 04:51:29.971000+00:00,User2,652550,8435,0,0.011,36707104,33496,0,0.00788888888888889,4207,0,0,0
2023-05-16 04:51:29.970000+00:00,User2,652550,8435,0,0.011,36707104,33496,0,0.00788888888888889,4207,0,0,0
2023-05-16 04:51:29.972000+00:00,User2,652550,8435,0,0.011,36708070,33497,0,0.008644444444444444,4208,0,0,0
2023-05-16 04:51:29.983000+00:00,User3,634479,8168,0,0.008,35498573,32355,0,0.01681111111111111,3966,0,0,0
2023-05-16 04:51:30.012000+00:00,User2,652721,8437,0,0.011,36714828,33504,0,0.008833333333333334,4208,0,0,0
2023-05-16 04:51:30.018000+00:00,User1,643025,8258,0,0.01,30407576,27851,0,0.020233333333333332,3575,0,0,0
2023-05-16 04:51:30.056000+00:00,User2,652975,8440,0,0.012,36718855,33508,0,0.009044444444444445,4210,0,0,0
2023-05-16 04:51:30.066000+00:00,User2,652975,8440,0,0.013,36718855,33508,0,0.008855555555555556,4210,0,0,0
2023-05-16 04:51:30.108000+00:00,User2,653198,8442,0,0.011,36726789,33516,0,0.008722222222222221,4212,0,0,0
2023-05-16 04:51:32.523000+00:00,User1,652792,8382,0,0.009,31027184,28421,0,0.02131111111111111,3650,0,0,0
2023-05-16 04:51:32.536000+00:00,User1,652925,8384,0,0.009,31027184,28421,0,0.02081111111111111,3650,0,0,0
2023-05-16 04:51:32.549000+00:00,User1,652925,8384,0,0.009,31030373,28424,0,0.020466666666666668,3651,0,0,0
2023-05-16 04:51:32.560000+00:00,User1,652925,8384,0,0.009,31032499,28426,0,0.0204,3652,0,0,0
2023-05-16 04:51:32.580000+00:00,User1,652993,8385,0,0.009,31035689,28429,0,0.02082222222222222,3652,0,0,0
2023-05-16 04:51:32.583000+00:00,User1,653067,8386,0,0.01,31035689,28429,0,0.021277777777777777,3652,0,0,0
2023-05-16 04:51:32.587000+00:00,User1,653067,8386,0,0.009,31035689,28429,0,0.020544444444444445,3652,0,0,0
2023-05-16 04:51:32.592000+00:00,User1,653067,8386,0,0.009,31039983,28433,0,0.020066666666666667,3652,0,0,0
2023-05-16 04:51:32.604000+00:00,User1,653067,8386,0,0.009,31042115,28435,2,0.01997777777777778,3600,10,0,1
2023-05-16 04:51:32.608000+00:00,User1,653067,8386,0,0.009,31044279,28437,0,0.0204,3653,0,0,0
2023-05-16 04:51:32.618000+00:00,User1,653067,8386,0,0.009,31044279,28437,0,0.020022222222222223,3653,0,0,0
2023-05-16 04:51:32.731000+00:00,User3,645040,8306,0,0.011,36169621,32965,0,0.015911111111111112,4049,0,0,0
2023-05-16 04:51:32.739000+00:00,User3,645040,8306,0,0.011,36171953,32967,0,0.015544444444444444,4049,0,0,0
2023-05-16 04:51:32.740000+00:00,User3,645040,8306,0,0.011,36169621,32965,0,0.016422222222222223,4049,0,0,0
2023-05-16 04:51:32.737000+00:00,User3,645040,8306,0,0.011,36171953,32967,0,0.015933333333333334,4049,0,0,0
2023-05-16 04:51:32.735000+00:00,User3,645040,8306,0,0.012,36171953,32967,0,0.015933333333333334,4049,0,0,0
2023-05-16 04:51:32.739000+00:00,User3,645040,8306,0,0.01,36173081,32968,0,0.0165,4049,0,0,0
2023-05-16 04:51:32.743000+00:00,User3,645040,8306,0,0.011,36173081,32968,0,0.016244444444444443,4049,0,0,0
2023-05-16 04:51:32.745000+00:00,User3,645040,8306,0,0.01,36175337,32970,0,0.016066666666666667,4049,0,0,0
2023-05-16 04:51:32.760000+00:00,User3,645128,8307,0,0.01,36180979,32975,0,0.01632222222222222,4049,0,0,0
2023-05-16 04:51:32.762000+00:00,User3,645128,8307,0,0.011,36180979,32975,0,0.0163,4050,0,0,0
2023-05-16 04:51:32.845000+00:00,User3,645444,8311,0,0.011,36198810,32992,0,0.016155555555555555,4052,0,0,0
2023-05-16 04:51:32.932000+00:00,User2,664317,8584,0,0.008,37369193,34108,0,0.018,4295,0,0,0
2023-05-16 04:51:32.951000+00:00,User2,664396,8585,0,0.009,37375949,34114,0,0.01767777777777778,4296,0,0,0
2023-05-16 04:51:32.950000+00:00,User2,664396,8585,0,0.01,37375949,34114,0,0.018244444444444445,4296,0,0,0
2023-05-16 04:51:32.963000+00:00,User2,664396,8585,0,0.009,37378201,34116,0,0.01768888888888889,4296,0,0,0
2023-05-16 04:51:32.968000+00:00,User2,664396,8585,0,0.01,37378201,34116,0,0.017855555555555555,4296,0,0,0
2023-05-16 04:51:32.969000+00:00,User2,664396,8585,0,0.009,37378201,34116,0,0.017744444444444445,4297,0,0,0
2023-05-16 04:51:32.969000+00:00,User2,664396,8585,0,0.009,37378201,34116,0,0.017888888888888888,4296,0,0,0
2023-05-16 04:51:32.971000+00:00,User2,664482,8586,0,0.009,37382608,34120,0,0.018166666666666668,4297,0,0,0
2023-05-16 04:51:32.984000+00:00,User3,646017,8319,0,0.01,36233174,33023,0,0.01741111111111111,4056,0,0,0
2023-05-16 04:51:33.012000+00:00,User2,664567,8587,0,0.009,37391173,34128,0,0.01801111111111111,4298,0,0,0
2023-05-16 04:51:33.020000+00:00,User1,654729,8407,0,0.01,31145827,28530,0,0.020122222222222222,3665,0,0,0
2023-05-16 04:51:33.051000+00:00,User2,664817,8590,0,0.009,37398948,34135,0,0.0171,4299,0,0,0
2023-05-16 04:51:33.067000+00:00,User2,664895,8591,0,0.009,37405542,34141,0,0.018044444444444443,4299,0,0,0
2023-05-16 04:51:33.108000+00:00,User2,664972,8592,0,0.009,37412379,34147,0,0.017444444444444443,4301,0,0,0
2023-05-16 04:51:35.524000+00:00,User1,664385,8533,0,0.01,31772865,29106,0,0.019822222222222224,3741,0,0,0
2023-05-16 04:51:35.533000+00:00,User1,664385,8533,0,0.01,31773988,29107,0,0.019366666666666667,3741,0,0,0
2023-05-16 04:51:35.550000+00:00,User1,664456,8534,0,0.009,31782975,29115,0,0.019355555555555556,3741,0,0,0
2023-05-16 04:51:35.572000+00:00,User1,664530,8535,0,0.009,31786412,29118,0,0.020033333333333334,3741,0,0,0
2023-05-16 04:51:35.581000+00:00,User1,664530,8535,0,0.009,31787558,29119,0,0.020655555555555555,3742,0,0,0
2023-05-16 04:51:35.588000+00:00,User1,664530,8535,0,0.011,31788655,29120,0,0.020411111111111113,3742,0,0,0
2023-05-16 04:51:35.583000+00:00,User1,664530,8535,0,0.009,31788655,29120,0,0.020666666666666667,3742,0,0,0
2023-05-16 04:51:35.592000+00:00,User1,664605,8536,0,0.009,31791946,29123,0,0.021388888888888888,3743,0,0,0
2023-05-16 04:51:35.603000+00:00,User1,664605,8536,0,0.009,31793073,29124,2,0.020855555555555554,3690,10,0,1
2023-05-16 04:51:35.608000+00:00,User1,664605,8536,0,0.009,31799627,29130,0,0.02037777777777778,3743,0,0,0
2023-05-16 04:51:35.616000+00:00,User1,664605,8536,0,0.01,31799627,29130,0,0.0202,3743,0,0,0
2023-05-16 04:51:35.730000+00:00,User3,656258,8456,0,0.009,36923882,33657,0,0.017233333333333333,4139,0,0,0
2023-05-16 04:51:35.734000+00:00,User3,656258,8456,0,0.009,36923882,33657,0,0.01682222222222222,4139,0,0,0
2023-05-16 04:51:35.737000+00:00,User3,656258,8456,0,0.009,36923882,33657,0,0.0173,4139,0,0,0
2023-05-16 04:51:35.740000+00:00,User3,656258,8456,0,0.009,36923882,33657,0,0.016555555555555556,4139,0,0,0
2023-05-16 04:51:35.739000+00:00,User3,656258,8456,0,0.009,36923882,33657,0,0.0177,4139,0,0,0
2023-05-16 04:51:35.741000+00:00,User3,656258,8456,0,0.008,36924936,33658,0,0.016788888888888888,4139,0,0,0
2023-05-16 04:51:35.739000+00:00,User3,656258,8456,0,0.008,36923882,33657,0,0.017655555555555556,4139,0,0,0
2023-05-16 04:51:35.760000+00:00,User3,656344,8457,0,0.009,36930209,33663,0,0.016922222222222224,4140,0,0,0
2023-05-16 04:51:35.764000+00:00,User3,656344,8457,0,0.009,36930209,33663,0,0.016555555555555556,4140,0,0,0
2023-05-16 04:51:35.762000+00:00,User3,656258,8456,0,0.009,36927044,33660,0,0.01633333333333333,4139,0,0,0
2023-05-16 04:51:35.845000+00:00,User3,656668,8461,0,0.008,36952950,33684,0,0.017344444444444444,4142,0,0,0
2023-05-16 04:51:35.933000+00:00,User2,675818,8733,0,0.01,38124508,34802,0,0.017055555555555556,4386,0,0,0
2023-05-16 04:51:35.950000+00:00,User2,675985,8735,0,0.011,38130756,34808,0,0.0175,4386,0,0,0
2023-05-16 04:51:35.954000+00:00,User2,675985,8735,0,0.01,38128672,34806,0,0.016866666666666665,4386,0,0,0
2023-05-16 04:51:35.964000+00:00,User2,675985,8735,0,0.01,38130756,34808,0,0.017055555555555556,4387,0,0,0
2023-05-16 04:51:35.968000+00:00,User2,675985,8735,0,0.01,38130756,34808,0,0.0176,4387,0,0,0
2023-05-16 04:51:35.965000+00:00,User2,675985,8735,0,0.01,38130756,34808,0,0.017511111111111113,4387,0,0,0
2023-05-16 04:51:35.969000+00:00,User2,676062,8736,0,0.01,38131897,34809,0,0.017044444444444445,4387,0,0,0
2023-05-16 04:51:35.972000+00:00,User2,676062,8736,0,0.01,38134179,34811,0,0.016866666666666665,4387,0,0,0
2023-05-16 04:51:35.987000+00:00,User3,657198,8469,0,0.009,36987401,33715,0,0.01632222222222222,4146,0,0,0
2023-05-16 04:51:36.012000+00:00,User2,676144,8737,0,0.009,38144292,34820,0,0.017344444444444444,4388,0,0,0
2023-05-16 04:51:36.019000+00:00,User1,666330,8558,0,0.008,31901800,29223,0,0.019255555555555557,3755,0,0,0
2023-05-16 04:51:36.052000+00:00,User2,676365,8740,0,0.009,38148703,34824,0,0.017355555555555555,4389,0,0,0
2023-05-16 04:51:36.067000+00:00,User2,676365,8740,0,0.009,38156718,34831,0,0.016677777777777777,4390,0,0,0
2023-05-16 04:51:36.108000+00:00,User2,676531,8742,0,0.01,38168037,34841,0,0.016944444444444446,4391,0,0,0
2023-05-16 04:51:38.526000+00:00,User1,676138,8683,0,0.013,32530183,29795,0,0.020755555555555555,3830,0,0,0
2023-05-16 04:51:38.532000+00:00,User1,676138,8683,0,0.01,32535573,29800,0,0.019644444444444444,3831,0,0,0
2023-05-16 04:51:38.548000+00:00,User1,676217,8684,0,0.009,32535573,29800,0,0.02,3831,0,0,0
2023-05-16 04:51:38.572000+00:00,User1,676291,8685,0,0.009,32538861,29803,0,0.019911111111111112,3832,0,0,0
2023-05-16 04:51:38.580000+00:00,User1,676291,8685,0,0.009,32543272,29807,0,0.020355555555555557,3832,0,0,0
2023-05-16 04:51:38.583000+00:00,User1,676291,8685,0,0.01,32545518,29809,0,0.020433333333333335,3832,0,0,0
2023-05-16 04:51:38.587000+00:00,User1,676291,8685,0,0.01,32545518,29809,0,0.02011111111111111,3832,0,0,0
2023-05-16 04:51:38.597000+00:00,User1,676291,8685,0,0.011,32545518,29809,0,0.0198,3830,0,0,0
2023-05-16 04:51:38.603000+00:00,User1,676364,8686,0,0.009,32546723,29810,2,0.020255555555555554,3781,10,0,1
2023-05-16 04:51:38.609000+00:00,User1,676546,8688,0,0.01,32552257,29815,0,0.020788888888888888,3833,0,0,0
2023-05-16 04:51:38.614000+00:00,User1,676546,8688,0,0.01,32552257,29815,0,0.02038888888888889,3833,0,0,0
2023-05-16 04:51:38.731000+00:00,User3,667850,8606,0,0.009,37678367,34349,0,0.016955555555555557,4229,0,0,0
2023-05-16 04:51:38.739000+00:00,User3,667850,8606,0,0.008,37678367,34349,0,0.016833333333333332,4229,0,0,0
2023-05-16 04:51:38.735000+00:00,User3,667850,8606,0,0.008,37678367,34349,0,0.016944444444444446,4229,0,0,0
2023-05-16 04:51:38.737000+00:00,User3,667850,8606,0,0.01,37678367,34349,0,0.0184,4229,0,0,0
2023-05-16 04:51:38.739000+00:00,User3,667850,8606,0,0.009,37678367,34349,0,0.017055555555555556,4229,0,0,0
2023-05-16 04:51:38.745000+00:00,User3,667850,8606,0,0.013,37679431,34350,0,0.0156,4227,0,0,0
2023-05-16 04:51:38.747000+00:00,User3,667850,8606,0,0.009,37679431,34350,0,0.01658888888888889,4229,0,0,0
2023-05-16 04:51:38.760000+00:00,User3,667942,8607,0,0.009,37687947,34358,0,0.017744444444444445,4230,0,0,0
2023-05-16 04:51:38.755000+00:00,User3,667942,8607,0,0.009,37687947,34358,0,0.01741111111111111,4230,0,0,0
2023-05-16 04:51:38.763000+00:00,User3,667942,8607,0,0.01,37687947,34358,0,0.016866666666666665,4230,0,0,0
2023-05-16 04:51:38.848000+00:00,User3,668287,8611,0,0.009,37708067,34377,0,0.016622222222222222,4232,0,0,0
2023-05-16 04:51:38.933000+00:00,User2,687134,8884,0,0.01,38877749,35489,0,0.017144444444444445,4476,0,0,0
2023-05-16 04:51:38.951000+00:00,User2,687199,8885,0,0.009,38884581,35495,0,0.016555555555555556,4476,0,0,0
2023-05-16 04:51:38.951000+00:00,User2,687199,8885,0,0.008,38884581,35495,0,0.01633333333333333,4476,0,0,0
2023-05-16 04:51:38.963000+00:00,User2,687199,8885,0,0.009,38885720,35496,0,0.01757777777777778,4476,0,0,0
2023-05-16 04:51:38.965000+00:00,User2,687199,8885,0,0.009,38885720,35496,0,0.0161,4477,0,0,0
2023-05-16 04:51:38.969000+00:00,User2,687199,8885,0,0.008,38885720,35496,0,0.016411111111111112,4476,0,0,0
2023-05-16 04:51:38.969000+00:00,User2,687199,8885,0,0.009,38886874,35497,0,0.0173,4477,0,0,0
2023-05-16 04:51:38.985000+00:00,User2,687264,8886,0,0.012,38892644,35502,0,0.015211111111111111,4474,0,0,0
2023-05-16 04:51:38.989000+00:00,User3,668938,8619,0,0.01,37746993,34413,0,0.01601111111111111,4236,0,0,0
2023-05-16 04:51:39.015000+00:00,User2,687401,8888,0,0.01,38896064,35505,0,0.017766666666666667,4478,0,0,0
2023-05-16 04:51:39.019000+00:00,User1,678128,8708,0,0.009,32651581,29906,0,0.020344444444444443,3845,0,0,0
2023-05-16 04:51:39.053000+00:00,User2,687531,8890,0,0.01,38899484,35508,0,0.017377777777777777,4479,0,0,0
2023-05-16 04:51:39.071000+00:00,User2,687531,8890,0,0.009,38907931,35516,0,0.016044444444444445,4480,0,0,0
2023-05-16 04:51:39.109000+00:00,User2,687743,8893,0,0.01,38916756,35524,0,0.0168,4481,0,0,0
2023-05-16 04:51:41.524000+00:00,User1,688036,8833,0,0.011,33090252,30322,0,0.010211111111111112,3920,0,0,0
2023-05-16 04:51:41.533000+00:00,User1,688036,8833,0,0.011,33091181,30323,0,0.01071111111111111,3921,0,0,0
2023-05-16 04:51:41.549000+00:00,User1,688120,8834,0,0.01,33093971,30326,0,0.010777777777777778,3921,0,0,0
2023-05-16 04:51:41.573000+00:00,User1,688204,8835,0,0.011,33093971,30326,0,0.010588888888888889,3922,0,0,0
2023-05-16 04:51:41.583000+00:00,User1,688204,8835,0,0.01,33097661,30330,0,0.010911111111111111,3922,0,0,0
2023-05-16 04:51:41.587000+00:00,User1,688204,8835,0,0.01,33097661,30330,0,0.010388888888888888,3922,0,0,0
2023-05-16 04:51:41.585000+00:00,User1,688204,8835,0,0.01,33094893,30327,0,0.010355555555555555,3922,0,0,0
2023-05-16 04:51:41.604000+00:00,User1,688288,8836,0,0.01,33095497,30328,2,0.0106,3871,10,0,1
2023-05-16 04:51:41.603000+00:00,User1,688288,8836,0,0.011,33097661,30330,0,0.011277777777777777,3922,0,0,0
2023-05-16 04:51:41.609000+00:00,User1,688459,8838,0,0.011,33097661,30330,0,0.01048888888888889,3923,0,0,0
2023-05-16 04:51:41.614000+00:00,User1,688459,8838,0,0.011,33097661,30330,0,0.010222222222222223,3923,0,0,0
2023-05-16 04:51:41.731000+00:00,User3,679622,8756,0,0.009,38205372,34842,0,0.008155555555555555,4314,0,0,0
2023-05-16 04:51:41.739000+00:00,User3,679622,8756,0,0.01,38205372,34842,0,0.008811111111111112,4314,0,0,0
2023-05-16 04:51:41.735000+00:00,User3,679622,8756,0,0.009,38205372,34842,0,0.008855555555555556,4314,0,0,0
2023-05-16 04:51:41.741000+00:00,User3,679622,8756,0,0.009,38205372,34842,0,0.007788888888888889,4314,0,0,0
2023-05-16 04:51:41.738000+00:00,User3,679622,8756,0,0.009,38205372,34842,0,0.008522222222222223,4314,0,0,0
2023-05-16 04:51:41.746000+00:00,User3,679707,8757,0,0.009,38209104,34846,0,0.008311111111111111,4314,0,0,0
2023-05-16 04:51:41.760000+00:00,User3,679792,8758,0,0.01,38209104,34846,0,0.008144444444444444,4314,0,0,0
2023-05-16 04:51:41.755000+00:00,User3,679792,8758,0,0.01,38209104,34846,0,0.008588888888888889,4314,0,0,0
2023-05-16 04:51:41.766000+00:00,User3,679792,8758,0,0.01,38209993,34847,0,0.009055555555555556,4315,0,0,0
2023-05-16 04:51:41.755000+00:00,User3,679539,8755,0,0.012,38205372,34842,0,0.009577777777777777,4314,0,0,0
2023-05-16 04:51:41.846000+00:00,User3,680043,8761,0,0.01,38220024,34858,0,0.008622222222222222,4317,0,0,0
2023-05-16 04:51:41.933000+00:00,User2,698484,9033,0,0.01,39610759,36160,0,0.01806666666666667,4564,0,0,0
2023-05-16 04:51:41.951000+00:00,User2,698577,9034,0,0.01,39615889,36165,0,0.01901111111111111,4564,0,0,0
2023-05-16 04:51:41.952000+00:00,User2,698577,9034,0,0.011,39615889,36165,0,0.018822222222222223,4564,0,0,0
2023-05-16 04:51:41.963000+00:00,User2,698749,9036,0,0.011,39618967,36168,0,0.018922222222222222,4565,0,0,0
2023-05-16 04:51:41.965000+00:00,User2,698749,9036,0,0.011,39618967,36168,0,0.018844444444444445,4565,0,0,0
2023-05-16 04:51:41.970000+00:00,User2,698749,9036,0,0.01,39618967,36168,0,0.01861111111111111,4565,0,0,0
2023-05-16 04:51:41.971000+00:00,User2,698749,9036,0,0.011,39620129,36169,0,0.01911111111111111,4565,0,0,0
2023-05-16 04:51:41.986000+00:00,User3,680722,8769,0,0.01,38235171,34874,0,0.009055555555555556,4321,0,0,0
2023-05-16 04:51:42.012000+00:00,User2,698913,9038,0,0.012,39629124,36177,0,0.018866666666666667,4566,0,0,0
2023-05-16 04:51:42.018000+00:00,User1,690143,8858,0,0.011,33145087,30379,0,0.0108,3935,0,0,0
2023-05-16 04:51:42.002000+00:00,User2,698749,9036,0,0.012,39627104,36175,0,0.019077777777777777,4565,0,0,0
2023-05-16 04:51:42.051000+00:00,User2,698999,9039,0,0.01,39639649,36187,0,0.017733333333333334,4567,0,0,0
2023-05-16 04:51:42.071000+00:00,User2,699159,9041,0,0.011,39650554,36197,0,0.019744444444444443,4568,0,0,0
2023-05-16 04:51:42.108000+00:00,User2,699159,9041,0,0.01,39655836,36202,0,0.018644444444444446,4569,0,0,0
2023-05-16 04:51:44.528000+00:00,User1,699815,8983,0,0.014,33738346,30925,0,0.020122222222222222,4009,0,0,0
2023-05-16 04:51:44.532000+00:00,User1,699815,8983,0,0.015,33740636,30927,0,0.019755555555555554,4010,0,0,0
2023-05-16 04:51:44.553000+00:00,User1,699815,8983,0,0.014,33748516,30934,0,0.0217,4010,0,0,0
2023-05-16 04:51:44.571000+00:00,User1,699966,8985,0,0.015,33752818,30938,0,0.0204,4011,0,0,0
2023-05-16 04:51:44.580000+00:00,User1,699966,8985,0,0.015,33753956,30939,0,0.021177777777777778,4011,0,0,0
2023-05-16 04:51:44.584000+00:00,User1,699966,8985,0,0.015,33753956,30939,0,0.02171111111111111,4012,0,0,0
2023-05-16 04:51:44.590000+00:00,User1,699966,8985,0,0.015,33753956,30939,0,0.021244444444444444,4011,0,0,0
2023-05-16 04:51:44.605000+00:00,User1,700048,8986,0,0.015,33760899,30945,2,0.020622222222222222,3960,10,0,1
2023-05-16 04:51:44.614000+00:00,User1,700048,8986,0,0.015,33763063,30947,0,0.021177777777777778,4012,0,0,0
2023-05-16 04:51:44.612000+00:00,User1,700048,8986,0,0.014,33763063,30947,0,0.02091111111111111,4012,0,0,0
2023-05-16 04:51:44.601000+00:00,User1,700048,8986,0,0.015,33763063,30947,0,0.0216,4012,0,0,0
2023-05-16 04:51:44.731000+00:00,User3,691397,8906,0,0.009,38874218,35459,0,0.019733333333333332,4403,0,0,0
2023-05-16 04:51:44.740000+00:00,User3,691320,8905,0,0.01,38874218,35459,0,0.02001111111111111,4403,0,0,0
2023-05-16 04:51:44.735000+00:00,User3,691397,8906,0,0.009,38874218,35459,0,0.019933333333333334,4403,0,0,0
2023-05-16 04:51:44.743000+00:00,User3,691397,8906,0,0.01,38874218,35459,0,0.019655555555555555,4403,0,0,0
2023-05-16 04:51:44.743000+00:00,User3,691397,8906,0,0.01,38875303,35460,0,0.0195,4403,0,0,0
2023-05-16 04:51:44.746000+00:00,User3,691536,8908,0,0.01,38878559,35463,0,0.019455555555555556,4403,0,0,0
2023-05-16 04:51:44.744000+00:00,User3,691397,8906,0,0.011,38875303,35460,0,0.019255555555555557,4403,0,0,0
2023-05-16 04:51:44.756000+00:00,User3,691536,8908,0,0.009,38882903,35467,0,0.019822222222222224,4404,0,0,0
2023-05-16 04:51:44.761000+00:00,User3,691536,8908,0,0.01,38882903,35467,0,0.019766666666666665,4404,0,0,0
2023-05-16 04:51:44.787000+00:00,User3,691536,8908,0,0.012,38883982,35468,0,0.021044444444444445,4404,0,0,0
2023-05-16 04:51:44.846000+00:00,User3,691755,8911,0,0.01,38901799,35484,0,0.019166666666666665,4406,0,0,0
2023-05-16 04:51:44.952000+00:00,User2,710303,9184,0,0.011,40392000,36871,0,0.0192,4655,0,0,0
2023-05-16 04:51:44.952000+00:00,User2,710303,9184,0,0.011,40392000,36871,0,0.018455555555555555,4654,0,0,0
2023-05-16 04:51:44.936000+00:00,User2,710237,9183,0,0.011,40385851,36865,0,0.018255555555555556,4652,0,0,0
2023-05-16 04:51:44.963000+00:00,User2,710373,9185,0,0.01,40392000,36871,0,0.018655555555555557,4655,0,0,0
2023-05-16 04:51:44.968000+00:00,User2,710450,9186,0,0.01,40392000,36871,0,0.017766666666666667,4655,0,0,0
2023-05-16 04:51:44.964000+00:00,User2,710450,9186,0,0.01,40392000,36871,0,0.01807777777777778,4655,0,0,0
2023-05-16 04:51:44.970000+00:00,User2,710450,9186,0,0.01,40392000,36871,0,0.01851111111111111,4655,0,0,0
2023-05-16 04:51:44.989000+00:00,User3,692406,8919,0,0.01,38942725,35521,0,0.01891111111111111,4410,0,0,0
2023-05-16 04:51:44.988000+00:00,User2,710450,9186,0,0.011,40401155,36879,0,0.01708888888888889,4656,0,0,0
2023-05-16 04:51:45.015000+00:00,User2,710450,9186,0,0.011,40404503,36882,0,0.018355555555555556,4656,0,0,0
2023-05-16 04:51:45.018000+00:00,User1,701816,9008,0,0.013,33872918,31047,0,0.0219,4025,0,0,0
2023-05-16 04:51:45.052000+00:00,User2,710708,9189,0,0.012,40412246,36889,0,0.018122222222222224,4657,0,0,0
2023-05-16 04:51:45.071000+00:00,User2,710853,9191,0,0.011,40416616,36893,0,0.01791111111111111,4658,0,0,0
2023-05-16 04:51:45.108000+00:00,User2,711012,9193,0,0.01,40427158,36903,0,0.01697777777777778,4659,0,0,0
2023-05-16 04:51:47.525000+00:00,User1,711507,9132,0,0.01,34495173,31619,0,0.019088888888888888,4100,0,0,0
2023-05-16 04:51:47.532000+00:00,User1,711594,9133,0,0.01,34499637,31623,0,0.018666666666666668,4100,0,0,0
2023-05-16 04:51:47.551000+00:00,User1,711594,9133,0,0.01,34501869,31625,0,0.018433333333333333,4101,0,0,0
2023-05-16 04:51:47.571000+00:00,User1,711774,9135,0,0.011,34509284,31632,0,0.018822222222222223,4102,0,0,0
2023-05-16 04:51:47.580000+00:00,User1,711774,9135,0,0.01,34510339,31633,0,0.01941111111111111,4102,0,0,0
2023-05-16 04:51:47.587000+00:00,User1,711855,9136,0,0.01,34512449,31635,0,0.01861111111111111,4102,0,0,0
2023-05-16 04:51:47.587000+00:00,User1,711855,9136,0,0.01,34512449,31635,0,0.018877777777777778,4102,0,0,0
2023-05-16 04:51:47.604000+00:00,User1,711855,9136,0,0.01,34513450,31636,2,0.018122222222222224,4050,10,0,1
2023-05-16 04:51:47.609000+00:00,User1,711944,9137,0,0.009,34515614,31638,0,0.0187,4103,0,0,0
2023-05-16 04:51:47.614000+00:00,User1,711944,9137,0,0.01,34515614,31638,0,0.0181,4103,0,0,0
2023-05-16 04:51:47.607000+00:00,User1,711855,9136,0,0.01,34515614,31638,0,0.018322222222222222,4102,0,0,0
2023-05-16 04:51:47.731000+00:00,User3,703136,9057,0,0.01,39628625,36149,0,0.014455555555555555,4493,0,0,0
2023-05-16 04:51:47.741000+00:00,User3,703136,9057,0,0.01,39628625,36149,0,0.014944444444444444,4493,0,0,0
2023-05-16 04:51:47.736000+00:00,User3,703136,9057,0,0.009,39629707,36150,0,0.01411111111111111,4493,0,0,0
2023-05-16 04:51:47.742000+00:00,User3,703136,9057,0,0.01,39629707,36150,0,0.014833333333333334,4493,0,0,0
2023-05-16 04:51:47.744000+00:00,User3,703136,9057,0,0.009,39629707,36150,0,0.014266666666666667,4493,0,0,0
2023-05-16 04:51:47.746000+00:00,User3,703136,9057,0,0.009,39635118,36155,0,0.014466666666666666,4493,0,0,0
2023-05-16 04:51:47.742000+00:00,User3,703136,9057,0,0.011,39631871,36152,0,0.01531111111111111,4493,0,0,0
2023-05-16 04:51:47.757000+00:00,User3,703222,9058,0,0.01,39637284,36157,0,0.014311111111111111,4494,0,0,0
2023-05-16 04:51:47.766000+00:00,User3,703222,9058,0,0.01,39637284,36157,0,0.013888888888888888,4494,0,0,0
2023-05-16 04:51:47.770000+00:00,User3,703222,9058,0,0.01,39638291,36158,0,0.014466666666666666,4494,0,0,0
2023-05-16 04:51:47.846000+00:00,User3,703532,9062,0,0.009,39654926,36174,0,0.01448888888888889,4496,0,0,0
2023-05-16 04:51:47.936000+00:00,User2,722078,9333,0,0.012,40825622,37292,0,0.011244444444444444,4743,0,0,0
2023-05-16 04:51:47.950000+00:00,User2,722225,9335,0,0.012,40832213,37298,0,0.01218888888888889,4743,0,0,0
2023-05-16 04:51:47.958000+00:00,User2,722225,9335,0,0.011,40832213,37298,0,0.012444444444444444,4743,0,0,0
2023-05-16 04:51:47.963000+00:00,User2,722225,9335,0,0.012,40833268,37299,0,0.012066666666666667,4744,0,0,0
2023-05-16 04:51:47.968000+00:00,User2,722225,9335,0,0.011,40833268,37299,0,0.012244444444444445,4744,0,0,0
2023-05-16 04:51:47.967000+00:00,User2,722225,9335,0,0.012,40833268,37299,0,0.01241111111111111,4743,0,0,0
2023-05-16 04:51:47.972000+00:00,User2,722301,9336,0,0.012,40836433,37302,0,0.011955555555555556,4744,0,0,0
2023-05-16 04:51:47.986000+00:00,User3,704105,9069,0,0.009,39687489,36204,0,0.014144444444444444,4500,0,0,0
2023-05-16 04:51:47.990000+00:00,User2,722377,9337,0,0.011,40839601,37305,0,0.012166666666666666,4744,0,0,0
2023-05-16 04:51:48.014000+00:00,User2,722377,9337,0,0.011,40845898,37311,0,0.012055555555555555,4745,0,0,0
2023-05-16 04:51:48.019000+00:00,User1,713436,9157,0,0.011,34616129,31730,0,0.01817777777777778,4115,0,0,0
2023-05-16 04:51:48.071000+00:00,User2,722606,9340,0,0.01,40856770,37321,0,0.0117,4747,0,0,0
2023-05-16 04:51:48.070000+00:00,User2,722457,9338,0,0.012,40846948,37312,0,0.013355555555555556,4746,0,0,0
2023-05-16 04:51:48.109000+00:00,User2,722766,9342,0,0.013,40870785,37334,0,0.013544444444444444,4748,0,0,0
2023-05-16 04:51:50.524000+00:00,User1,723120,9281,0,0.016,35185354,32253,0,0.025722222222222223,4186,0,0,0
2023-05-16 04:51:50.533000+00:00,User1,723120,9281,0,0.017,35185354,32253,0,0.0255,4186,0,0,0
2023-05-16 04:51:50.549000+00:00,User1,723120,9281,0,0.016,35185354,32253,0,0.025855555555555555,4186,0,0,0
2023-05-16 04:51:50.571000+00:00,User1,723120,9281,0,0.016,35185354,32253,0,0.025566666666666668,4186,0,0,0
2023-05-16 04:51:50.580000+00:00,User1,723120,9281,0,0.017,35185354,32253,0,0.025488888888888887,4186,0,0,0
2023-05-16 04:51:50.589000+00:00,User1,723120,9281,0,0.016,35186517,32254,0,0.026144444444444446,4186,0,0,0
2023-05-16 04:51:50.586000+00:00,User1,723120,9281,0,0.017,35186517,32254,0,0.025633333333333334,4186,0,0,0
2023-05-16 04:51:50.604000+00:00,User1,723120,9281,0,0.016,35184353,32252,2,0.026833333333333334,4134,10,0,1
2023-05-16 04:51:50.604000+00:00,User1,723120,9281,0,0.017,35186517,32254,0,0.0255,4186,0,0,0
2023-05-16 04:51:50.614000+00:00,User1,723120,9281,0,0.017,35186517,32254,0,0.025744444444444445,4186,0,0,0
2023-05-16 04:51:50.609000+00:00,User1,723120,9281,0,0.017,35186517,32254,0,0.025733333333333334,4186,0,0,0
2023-05-16 04:51:50.731000+00:00,User3,714686,9207,0,0.008,40359912,36818,0,0.015222222222222222,4583,0,0,0
2023-05-16 04:51:50.739000+00:00,User3,714686,9207,0,0.008,40359912,36818,0,0.0153,4583,0,0,0
2023-05-16 04:51:50.740000+00:00,User3,714686,9207,0,0.008,40359912,36818,0,0.015244444444444444,4583,0,0,0
2023-05-16 04:51:50.736000+00:00,User3,714686,9207,0,0.008,40359912,36818,0,0.015166666666666667,4583,0,0,0
2023-05-16 04:51:50.744000+00:00,User3,714686,9207,0,0.008,40363275,36821,0,0.015944444444444445,4583,0,0,0
2023-05-16 04:51:50.743000+00:00,User3,714686,9207,0,0.008,40363275,36821,0,0.015555555555555555,4583,0,0,0
2023-05-16 04:51:50.748000+00:00,User3,714686,9207,0,0.008,40363275,36821,0,0.015911111111111112,4583,0,0,0
2023-05-16 04:51:50.757000+00:00,User3,714686,9207,0,0.008,40367759,36825,0,0.015755555555555554,4584,0,0,0
2023-05-16 04:51:50.764000+00:00,User3,714686,9207,0,0.008,40367759,36825,0,0.015822222222222224,4584,0,0,0
2023-05-16 04:51:50.770000+00:00,User3,714816,9209,0,0.009,40376732,36833,0,0.015933333333333334,4584,0,0,0
2023-05-16 04:51:50.848000+00:00,User3,715034,9212,0,0.009,40394005,36849,0,0.0177,4586,0,0,0
2023-05-16 04:51:50.935000+00:00,User2,733816,9484,0,0.01,41618567,38017,0,0.01731111111111111,4833,0,0,0
2023-05-16 04:51:50.951000+00:00,User2,733890,9485,0,0.011,41624936,38023,0,0.01708888888888889,4834,0,0,0
2023-05-16 04:51:50.952000+00:00,User2,733890,9485,0,0.011,41624936,38023,0,0.017233333333333333,4834,0,0,0
2023-05-16 04:51:50.963000+00:00,User2,733890,9485,0,0.011,41624936,38023,0,0.01707777777777778,4834,0,0,0
2023-05-16 04:51:50.969000+00:00,User2,733890,9485,0,0.01,41624936,38023,0,0.017822222222222222,4834,0,0,0
2023-05-16 04:51:50.966000+00:00,User2,733890,9485,0,0.011,41626061,38024,0,0.017044444444444445,4834,0,0,0
2023-05-16 04:51:50.978000+00:00,User2,733890,9485,0,0.011,41629436,38027,0,0.016766666666666666,4834,0,0,0
2023-05-16 04:51:50.988000+00:00,User3,715510,9219,0,0.009,40424574,36878,0,0.017611111111111112,4590,0,0,0
2023-05-16 04:51:50.990000+00:00,User2,734047,9487,0,0.013,41633940,38031,0,0.017133333333333334,4835,0,0,0
2023-05-16 04:51:51.013000+00:00,User2,734047,9487,0,0.013,41637357,38034,0,0.016577777777777778,4835,0,0,0
2023-05-16 04:51:51.020000+00:00,User1,724886,9306,0,0.013,35300074,32356,0,0.029955555555555555,4197,0,0,0
2023-05-16 04:51:51.059000+00:00,User2,734185,9489,0,0.012,41644095,38040,0,0.016355555555555557,4836,0,0,0
2023-05-16 04:51:51.073000+00:00,User2,734258,9490,0,0.011,41649634,38045,0,0.016966666666666668,4837,0,0,0
2023-05-16 04:51:51.112000+00:00,User2,734413,9492,0,0.011,41662005,38056,0,0.017233333333333333,4838,0,0,0
2023-05-16 04:51:53.525000+00:00,User1,734796,9432,0,0.009,35993865,32990,0,0.02267777777777778,4272,0,0,0
2023-05-16 04:51:53.533000+00:00,User1,734866,9433,0,0.01,35993865,32990,0,0.02291111111111111,4272,0,0,0
2023-05-16 04:51:53.550000+00:00,User1,734866,9433,0,0.009,35997166,32993,0,0.022811111111111112,4273,0,0,0
2023-05-16 04:51:53.571000+00:00,User1,734944,9434,0,0.011,36001570,32997,0,0.022877777777777778,4273,0,0,0
2023-05-16 04:51:53.582000+00:00,User1,734944,9434,0,0.01,36001570,32997,0,0.022577777777777776,4273,0,0,0
2023-05-16 04:51:53.585000+00:00,User1,735124,9436,0,0.01,36001570,32997,0,0.022866666666666667,4274,0,0,0
2023-05-16 04:51:53.590000+00:00,User1,735034,9435,0,0.009,36001570,32997,0,0.022066666666666665,4273,0,0,0
2023-05-16 04:51:53.603000+00:00,User1,735124,9436,0,0.009,36007080,33002,0,0.020266666666666665,4274,0,0,0
2023-05-16 04:51:53.607000+00:00,User1,735124,9436,0,0.01,36004916,33000,2,0.021111111111111112,4222,10,0,1
2023-05-16 04:51:53.611000+00:00,User1,735124,9436,0,0.01,36010387,33005,0,0.0206,4275,0,0,0
2023-05-16 04:51:53.617000+00:00,User1,735124,9436,0,0.01,36010387,33005,0,0.021366666666666666,4275,0,0,0
2023-05-16 04:51:53.731000+00:00,User3,726115,9357,0,0.012,41114950,37510,0,0.016233333333333332,4673,0,0,0
2023-05-16 04:51:53.736000+00:00,User3,726115,9357,0,0.012,41114950,37510,0,0.016122222222222222,4673,0,0,0
2023-05-16 04:51:53.741000+00:00,User3,726115,9357,0,0.013,41114950,37510,0,0.017144444444444445,4673,0,0,0
2023-05-16 04:51:53.745000+00:00,User3,726115,9357,0,0.012,41116028,37511,0,0.016544444444444445,4673,0,0,0
2023-05-16 04:51:53.744000+00:00,User3,726115,9357,0,0.012,41116028,37511,0,0.016022222222222222,4673,0,0,0
2023-05-16 04:51:53.749000+00:00,User3,726115,9357,0,0.012,41118184,37513,0,0.016733333333333333,4674,0,0,0
2023-05-16 04:51:53.757000+00:00,User3,726185,9358,0,0.012,41123578,37518,0,0.016644444444444444,4674,0,0,0
2023-05-16 04:51:53.763000+00:00,User3,726185,9358,0,0.012,41123578,37518,0,0.0163,4674,0,0,0
2023-05-16 04:51:53.770000+00:00,User3,726256,9359,0,0.011,41124604,37519,0,0.01711111111111111,4674,0,0,0
2023-05-16 04:51:53.749000+00:00,User3,726115,9357,0,0.013,41114950,37510,0,0.01637777777777778,4672,0,0,0
2023-05-16 04:51:53.846000+00:00,User3,726474,9362,0,0.012,41143087,37536,0,0.01638888888888889,4676,0,0,0
2023-05-16 04:51:53.935000+00:00,User2,745482,9634,0,0.011,42355728,38693,0,0.01861111111111111,4923,0,0,0
2023-05-16 04:51:53.952000+00:00,User2,745482,9634,0,0.011,42358866,38696,0,0.017777777777777778,4924,0,0,0
2023-05-16 04:51:53.953000+00:00,User2,745482,9634,0,0.011,42358866,38696,0,0.017255555555555555,4923,0,0,0
2023-05-16 04:51:53.969000+00:00,User2,745560,9635,0,0.01,42365144,38702,0,0.017622222222222223,4924,0,0,0
2023-05-16 04:51:53.966000+00:00,User2,745560,9635,0,0.011,42365144,38702,0,0.018155555555555557,4924,0,0,0
2023-05-16 04:51:53.967000+00:00,User2,745560,9635,0,0.011,42363050,38700,0,0.017722222222222223,4924,0,0,0
2023-05-16 04:51:53.975000+00:00,User2,745560,9635,0,0.01,42368561,38705,0,0.01867777777777778,4924,0,0,0
2023-05-16 04:51:53.990000+00:00,User3,727078,9369,0,0.01,41179666,37570,0,0.01561111111111111,4680,0,0,0
2023-05-16 04:51:53.993000+00:00,User2,745706,9637,0,0.01,42373118,38709,0,0.0182,4925,0,0,0
2023-05-16 04:51:54.013000+00:00,User2,745706,9637,0,0.011,42374145,38710,0,0.018866666666666667,4925,0,0,0
2023-05-16 04:51:54.021000+00:00,User1,736693,9455,0,0.01,36124558,33108,0,0.021955555555555555,4287,0,0,0
2023-05-16 04:51:54.061000+00:00,User2,745851,9639,0,0.01,42384674,38720,0,0.019333333333333334,4926,0,0,0
2023-05-16 04:51:54.072000+00:00,User2,745933,9640,0,0.01,42391333,38726,0,0.018344444444444444,4927,0,0,0
2023-05-16 04:51:54.109000+00:00,User2,746109,9642,0,0.01,42404112,38738,0,0.017666666666666667,4928,0,0,0
2023-05-16 04:51:56.525000+00:00,User1,746634,9582,0,0.01,36749896,33679,0,0.01806666666666667,4362,0,0,0
2023-05-16 04:51:56.535000+00:00,User1,746634,9582,0,0.01,36752200,33681,0,0.018122222222222224,4362,0,0,0
2023-05-16 04:51:56.550000+00:00,User1,746713,9583,0,0.009,36761611,33690,0,0.018344444444444444,4363,0,0,0
2023-05-16 04:51:56.571000+00:00,User1,746793,9584,0,0.01,36761611,33690,0,0.018488888888888888,4363,0,0,0
2023-05-16 04:51:56.583000+00:00,User1,746793,9584,0,0.01,36761611,33690,0,0.0184,4363,0,0,0
2023-05-16 04:51:56.585000+00:00,User1,746793,9584,0,0.01,36762766,33691,0,0.018144444444444446,4364,0,0,0
2023-05-16 04:51:56.590000+00:00,User1,746793,9584,0,0.01,36762766,33691,0,0.017944444444444443,4363,0,0,0
2023-05-16 04:51:56.603000+00:00,User1,746870,9585,0,0.01,36768541,33696,0,0.018033333333333332,4364,0,0,0
2023-05-16 04:51:56.606000+00:00,User1,746870,9585,0,0.01,36766377,33694,2,0.018711111111111112,4312,10,0,1
2023-05-16 04:51:56.614000+00:00,User1,746870,9585,0,0.011,36768541,33696,0,0.018211111111111112,4364,0,0,0
2023-05-16 04:51:56.612000+00:00,User1,746870,9585,0,0.01,36768541,33696,0,0.0185,4364,0,0,0
2023-05-16 04:51:56.732000+00:00,User3,737842,9506,0,0.014,41871233,38199,0,0.0161,4763,0,0,0
2023-05-16 04:51:56.743000+00:00,User3,737842,9506,0,0.013,41871233,38199,0,0.015911111111111112,4763,0,0,0
2023-05-16 04:51:56.742000+00:00,User3,737842,9506,0,0.012,41871233,38199,0,0.016122222222222222,4763,0,0,0
2023-05-16 04:51:56.738000+00:00,User3,737842,9506,0,0.013,41871233,38199,0,0.016077777777777778,4763,0,0,0
2023-05-16 04:51:56.745000+00:00,User3,737842,9506,0,0.013,41876675,38204,0,0.01588888888888889,4763,0,0,0
2023-05-16 04:51:56.742000+00:00,User3,737842,9506,0,0.012,41874497,38202,0,0.01571111111111111,4763,0,0,0
2023-05-16 04:51:56.747000+00:00,User3,737842,9506,0,0.013,41876675,38204,0,0.0164,4763,0,0,0
2023-05-16 04:51:56.757000+00:00,User3,737911,9507,0,0.012,41878853,38206,0,0.016266666666666665,4764,0,0,0
2023-05-16 04:51:56.767000+00:00,User3,737911,9507,0,0.013,41878853,38206,0,0.016622222222222222,4764,0,0,0
2023-05-16 04:51:56.772000+00:00,User3,737911,9507,0,0.013,41878853,38206,0,0.016055555555555556,4764,0,0,0
2023-05-16 04:51:56.847000+00:00,User3,738328,9512,0,0.012,41897510,38223,0,0.016055555555555556,4766,0,0,0
2023-05-16 04:51:56.934000+00:00,User2,756692,9783,0,0.012,43107426,39382,0,0.01801111111111111,5013,0,0,0
2023-05-16 04:51:56.952000+00:00,User2,756779,9784,0,0.012,43114092,39388,0,0.018666666666666668,5014,0,0,0
2023-05-16 04:51:56.955000+00:00,User2,756779,9784,0,0.012,43112981,39387,0,0.018055555555555554,5014,0,0,0
2023-05-16 04:51:56.965000+00:00,User2,756950,9786,0,0.012,43114092,39388,0,0.01851111111111111,5014,0,0,0
2023-05-16 04:51:56.969000+00:00,User2,756950,9786,0,0.012,43114092,39388,0,0.017955555555555554,5014,0,0,0
2023-05-16 04:51:56.965000+00:00,User2,756950,9786,0,0.012,43114092,39388,0,0.017888888888888888,5014,0,0,0
2023-05-16 04:51:56.976000+00:00,User2,756950,9786,0,0.012,43115164,39389,0,0.018366666666666667,5014,0,0,0
2023-05-16 04:51:56.989000+00:00,User3,738862,9519,0,0.013,41933150,38255,0,0.015344444444444445,4771,0,0,0
2023-05-16 04:51:56.992000+00:00,User2,757031,9787,0,0.012,43121596,39395,0,0.01791111111111111,5015,0,0,0
2023-05-16 04:51:57.014000+00:00,User2,757112,9788,0,0.011,43128977,39402,0,0.018477777777777777,5015,0,0,0
2023-05-16 04:51:57.020000+00:00,User1,748625,9607,0,0.01,36865628,33786,0,0.018044444444444443,4377,0,0,0
2023-05-16 04:51:57.056000+00:00,User2,757193,9789,0,0.012,43137668,39410,0,0.0185,5016,0,0,0
2023-05-16 04:51:57.071000+00:00,User2,757348,9791,0,0.012,43139896,39412,0,0.018844444444444445,5017,0,0,0
2023-05-16 04:51:57.110000+00:00,User2,757503,9793,0,0.011,43150430,39422,0,0.018155555555555557,5018,0,0,0
2023-05-16 04:51:59.526000+00:00,User1,758639,9732,0,0.01,37179672,34101,0,0.013833333333333333,4451,0,0,0
2023-05-16 04:51:59.536000+00:00,User1,758639,9732,0,0.01,37181784,34103,0,0.013733333333333334,4451,0,0,0
2023-05-16 04:51:59.552000+00:00,User1,758720,9733,0,0.01,37182832,34104,0,0.013733333333333334,4451,0,0,0
2023-05-16 04:51:59.585000+00:00,User1,758801,9734,0,0.011,37192462,34113,0,0.013922222222222223,4452,0,0,0
2023-05-16 04:51:59.574000+00:00,User1,758801,9734,0,0.01,37191365,34112,0,0.013888888888888888,4452,0,0,0
2023-05-16 04:51:59.592000+00:00,User1,758801,9734,0,0.01,37193559,34114,0,0.013888888888888888,4452,0,0,0
2023-05-16 04:51:59.594000+00:00,User1,758882,9735,0,0.01,37193559,34114,0,0.01428888888888889,4452,0,0,0
2023-05-16 04:51:59.603000+00:00,User1,758882,9735,0,0.01,37193559,34114,0,0.013844444444444444,4453,0,0,0
2023-05-16 04:51:59.606000+00:00,User1,758882,9735,0,0.01,37191395,34112,2,0.013766666666666667,4401,10,0,1
2023-05-16 04:51:59.612000+00:00,User1,758882,9735,0,0.01,37193559,34114,0,0.014155555555555555,4453,0,0,0
2023-05-16 04:51:59.617000+00:00,User1,758882,9735,0,0.01,37193559,34114,0,0.013655555555555556,4453,0,0,0
2023-05-16 04:51:59.733000+00:00,User3,749747,9656,0,0.011,42309316,38623,0,0.009611111111111112,4852,0,0,0
2023-05-16 04:51:59.737000+00:00,User3,749747,9656,0,0.011,42309316,38623,0,0.009111111111111111,4852,0,0,0
2023-05-16 04:51:59.743000+00:00,User3,749747,9656,0,0.011,42309316,38623,0,0.009466666666666667,4852,0,0,0
2023-05-16 04:51:59.743000+00:00,User3,749747,9656,0,0.011,42309316,38623,0,0.008766666666666667,4852,0,0,0
2023-05-16 04:51:59.746000+00:00,User3,749747,9656,0,0.012,42313289,38627,0,0.010066666666666666,4852,0,0,0
2023-05-16 04:51:59.745000+00:00,User3,749747,9656,0,0.012,42313289,38627,0,0.009588888888888888,4852,0,0,0
2023-05-16 04:51:59.750000+00:00,User3,749747,9656,0,0.012,42313289,38627,0,0.01048888888888889,4852,0,0,0
2023-05-16 04:51:59.757000+00:00,User3,749812,9657,0,0.011,42315277,38629,0,0.0104,4853,0,0,0
2023-05-16 04:51:59.766000+00:00,User3,749812,9657,0,0.012,42315277,38629,0,0.009644444444444445,4853,0,0,0
2023-05-16 04:51:59.772000+00:00,User3,749954,9659,0,0.012,42315277,38629,0,0.009877777777777777,4853,0,0,0
2023-05-16 04:51:59.846000+00:00,User3,750102,9661,0,0.011,42333167,38645,0,0.009622222222222223,4855,0,0,0
2023-05-16 04:51:59.935000+00:00,User2,768493,9934,0,0.009,43865052,40076,0,0.016555555555555556,5103,0,0,0
2023-05-16 04:51:59.955000+00:00,User2,768493,9934,0,0.01,43869464,40080,0,0.017122222222222223,5104,0,0,0
2023-05-16 04:51:59.954000+00:00,User2,768493,9934,0,0.009,43869464,40080,0,0.016766666666666666,5104,0,0,0
2023-05-16 04:51:59.964000+00:00,User2,768562,9935,0,0.01,43869464,40080,0,0.016244444444444443,5104,0,0,0
2023-05-16 04:51:59.966000+00:00,User2,768562,9935,0,0.011,43869464,40080,0,0.016455555555555557,5104,0,0,0
2023-05-16 04:51:59.971000+00:00,User2,768493,9934,0,0.01,43869464,40080,0,0.01721111111111111,5104,0,0,0
2023-05-16 04:51:59.980000+00:00,User2,768636,9936,0,0.011,43870546,40081,0,0.01578888888888889,5104,0,0,0
2023-05-16 04:51:59.991000+00:00,User3,750702,9669,0,0.01,42366388,38675,0,0.010722222222222222,4860,0,0,0
2023-05-16 04:51:59.999000+00:00,User2,768636,9936,0,0.011,43878122,40088,0,0.015511111111111111,5105,0,0,0
2023-05-16 04:52:00.015000+00:00,User2,768715,9937,0,0.011,43879251,40089,0,0.01622222222222222,5105,0,0,0
2023-05-16 04:52:00.023000+00:00,User1,760583,9756,0,0.009,37293490,34206,0,0.016355555555555557,4465,0,0,0
2023-05-16 04:52:00.059000+00:00,User2,768856,9939,0,0.011,43892913,40101,0,0.01658888888888889,5106,0,0,0
2023-05-16 04:52:00.073000+00:00,User2,769029,9941,0,0.011,43895220,40103,0,0.015955555555555556,5107,0,0,0
2023-05-16 04:52:00.110000+00:00,User2,769120,9942,0,0.01,43909194,40115,0,0.015644444444444443,5108,0,0,0
2023-05-16 04:52:02.545000+00:00,User1,769493,9867,0,0.021,37832347,34694,0,0.027055555555555555,4529,0,0,0
2023-05-16 04:52:02.551000+00:00,User1,769493,9867,0,0.02,37832347,34694,0,0.02798888888888889,4529,0,0,0
2023-05-16 04:52:02.572000+00:00,User1,769634,9869,0,0.019,37834595,34696,0,0.027444444444444445,4529,0,0,0
2023-05-16 04:52:02.584000+00:00,User1,769634,9869,0,0.019,37834595,34696,0,0.02831111111111111,4529,0,0,0
2023-05-16 04:52:02.586000+00:00,User1,769634,9869,0,0.019,37834595,34696,0,0.027644444444444444,4529,0,0,0
2023-05-16 04:52:02.592000+00:00,User1,769634,9869,0,0.019,37834595,34696,0,0.027933333333333334,4529,0,0,0
2023-05-16 04:52:02.606000+00:00,User1,769696,9870,0,0.018,37833555,34695,2,0.027433333333333334,4477,10,0,1
2023-05-16 04:52:02.613000+00:00,User1,769696,9870,0,0.019,37837967,34699,0,0.027655555555555555,4529,0,0,0
2023-05-16 04:52:02.617000+00:00,User1,769696,9870,0,0.018,37835719,34697,0,0.029388888888888888,4529,0,0,0
2023-05-16 04:52:02.608000+00:00,User1,769493,9867,0,0.021,37832347,34694,0,0.028266666666666666,4527,0,0,0
2023-05-16 04:52:02.621000+00:00,User1,769696,9870,0,0.018,37835719,34697,0,0.027577777777777777,4528,0,0,0
2023-05-16 04:52:02.736000+00:00,User3,760958,9801,0,0.018,42949081,39205,0,0.03431111111111111,4926,0,0,0
2023-05-16 04:52:02.732000+00:00,User3,760958,9801,0,0.018,42949081,39205,0,0.03514444444444444,4926,0,0,0
2023-05-16 04:52:02.747000+00:00,User3,760958,9801,0,0.018,42949081,39205,0,0.03408888888888889,4926,0,0,0
2023-05-16 04:52:02.751000+00:00,User3,760958,9801,0,0.017,42949081,39205,0,0.034855555555555556,4926,0,0,0
2023-05-16 04:52:02.758000+00:00,User3,761030,9802,0,0.017,42949081,39205,0,0.03415555555555556,4926,0,0,0
2023-05-16 04:52:02.752000+00:00,User3,760958,9801,0,0.019,42949081,39205,0,0.03306666666666667,4925,0,0,0
2023-05-16 04:52:02.764000+00:00,User3,760958,9801,0,0.017,42949081,39205,0,0.03425555555555555,4925,0,0,0
2023-05-16 04:52:02.771000+00:00,User3,761103,9803,0,0.016,42949081,39205,0,0.03397777777777778,4926,0,0,0
2023-05-16 04:52:02.766000+00:00,User3,761030,9802,0,0.017,42949081,39205,0,0.034277777777777775,4926,0,0,0
2023-05-16 04:52:02.854000+00:00,User3,761445,9807,0,0.014,42972478,39225,0,0.04376666666666667,4927,0,0,0
2023-05-16 04:52:02.758000+00:00,User3,760958,9801,0,0.019,42949081,39205,0,0.03627777777777778,4920,0,0,0
2023-05-16 04:52:02.939000+00:00,User2,780213,10084,0,0.011,44547063,40701,0,0.012155555555555555,5193,0,0,0
2023-05-16 04:52:02.953000+00:00,User2,780286,10085,0,0.011,44549866,40704,0,0.011644444444444445,5194,0,0,0
2023-05-16 04:52:02.954000+00:00,User2,780286,10085,0,0.011,44549866,40704,0,0.011488888888888889,5194,0,0,0
2023-05-16 04:52:02.966000+00:00,User2,780286,10085,0,0.011,44549866,40704,0,0.012277777777777778,5194,0,0,0
2023-05-16 04:52:02.966000+00:00,User2,780286,10085,0,0.011,44549866,40704,0,0.011788888888888889,5194,0,0,0
2023-05-16 04:52:02.976000+00:00,User2,780354,10086,0,0.01,44552658,40707,0,0.011622222222222223,5194,0,0,0
2023-05-16 04:52:02.996000+00:00,User2,780354,10086,0,0.011,44553620,40708,0,0.01241111111111111,5185,0,0,0
2023-05-16 04:52:03.028000+00:00,User2,780425,10087,0,0.012,44555544,40710,0,0.011722222222222222,5195,0,0,0
2023-05-16 04:52:03.033000+00:00,User2,780286,10085,0,0.014,44550796,40705,0,0.012533333333333334,5192,0,0,0
2023-05-16 04:52:03.063000+00:00,User2,780621,10090,0,0.012,44558412,40713,0,0.012333333333333333,5196,0,0,0
2023-05-16 04:52:03.002000+00:00,User3,761750,9811,0,0.017,42983731,39235,0,0.04493333333333333,4928,0,0,0
2023-05-16 04:52:03.080000+00:00,User1,772020,9901,0,0.02,37852102,34712,0,0.06793333333333333,4530,0,0,0
2023-05-16 04:52:03.118000+00:00,User2,780793,10092,0,0.013,44561245,40716,0,0.012088888888888889,5193,0,0,0
2023-05-16 04:52:03.114000+00:00,User2,780793,10092,0,0.017,44564115,40719,0,0.019166666666666665,5188,0,0,0
2023-05-16 04:52:05.538000+00:00,User1,782146,10032,0,0.013,38527016,35312,0,0.0375,4577,0,0,0
2023-05-16 04:52:05.534000+00:00,User1,782066,10031,0,0.014,38524796,35310,0,0.03874444444444444,4577,0,0,0
2023-05-16 04:52:05.551000+00:00,User1,782146,10032,0,0.013,38532566,35317,0,0.037766666666666664,4577,0,0,0
2023-05-16 04:52:05.572000+00:00,User1,782218,10033,0,0.014,38542577,35326,0,0.03665555555555555,4578,0,0,0
2023-05-16 04:52:05.582000+00:00,User1,782218,10033,0,0.013,38542577,35326,0,0.03691111111111111,4578,0,0,0
2023-05-16 04:52:05.592000+00:00,User1,782218,10033,0,0.013,38542577,35326,0,0.036644444444444445,4578,0,0,0
2023-05-16 04:52:05.587000+00:00,User1,782218,10033,0,0.012,38542577,35326,0,0.037033333333333335,4578,0,0,0
2023-05-16 04:52:05.610000+00:00,User1,782368,10035,0,0.013,38554833,35337,0,0.036455555555555554,4579,0,0,0
2023-05-16 04:52:05.616000+00:00,User1,782368,10035,0,0.013,38554833,35337,0,0.03688888888888889,4579,0,0,0
2023-05-16 04:52:05.612000+00:00,User1,782368,10035,0,0.013,38554833,35337,0,0.036588888888888886,4579,0,0,0
2023-05-16 04:52:05.611000+00:00,User1,782368,10035,0,0.013,38552669,35335,2,0.03661111111111111,4527,10,0,1
2023-05-16 04:52:05.734000+00:00,User3,772829,9951,0,0.009,43809664,39980,0,0.022122222222222224,5002,0,0,0
2023-05-16 04:52:05.744000+00:00,User3,772829,9951,0,0.009,43809664,39980,0,0.022588888888888888,5002,0,0,0
2023-05-16 04:52:05.737000+00:00,User3,772829,9951,0,0.009,43809664,39980,0,0.021755555555555556,5002,0,0,0
2023-05-16 04:52:05.747000+00:00,User3,772829,9951,0,0.009,43809664,39980,0,0.02241111111111111,5002,0,0,0
2023-05-16 04:52:05.749000+00:00,User3,772829,9951,0,0.009,43816168,39986,0,0.021966666666666666,5002,0,0,0
2023-05-16 04:52:05.747000+00:00,User3,772829,9951,0,0.009,43812916,39983,0,0.021566666666666668,5003,0,0,0
2023-05-16 04:52:05.760000+00:00,User3,772899,9952,0,0.009,43817253,39987,0,0.02171111111111111,5003,0,0,0
2023-05-16 04:52:05.771000+00:00,User3,772899,9952,0,0.009,43817253,39987,0,0.0221,5004,0,0,0
2023-05-16 04:52:05.747000+00:00,User3,772829,9951,0,0.009,43812916,39983,0,0.022155555555555557,5002,0,0,0
2023-05-16 04:52:05.774000+00:00,User3,772829,9951,0,0.009,43817253,39987,0,0.021111111111111112,5003,0,0,0
2023-05-16 04:52:05.846000+00:00,User3,773199,9956,0,0.009,43842174,40009,0,0.02202222222222222,5006,0,0,0
2023-05-16 04:52:05.936000+00:00,User2,792321,10233,0,0.009,45056596,41190,0,0.017277777777777777,5282,0,0,0
2023-05-16 04:52:05.953000+00:00,User2,792395,10234,0,0.009,45063280,41196,0,0.017222222222222222,5282,0,0,0
2023-05-16 04:52:05.954000+00:00,User2,792395,10234,0,0.009,45065508,41198,0,0.017544444444444446,5283,0,0,0
2023-05-16 04:52:05.966000+00:00,User2,792552,10236,0,0.01,45066622,41199,0,0.0178,5283,0,0,0
2023-05-16 04:52:05.973000+00:00,User2,792552,10236,0,0.01,45067737,41200,0,0.016733333333333333,5283,0,0,0
2023-05-16 04:52:05.966000+00:00,User2,792552,10236,0,0.009,45067737,41200,0,0.017655555555555556,5283,0,0,0
2023-05-16 04:52:05.975000+00:00,User2,792552,10236,0,0.01,45071838,41204,0,0.018755555555555557,5283,0,0,0
2023-05-16 04:52:05.994000+00:00,User2,792552,10236,0,0.009,45072864,41205,0,0.01863333333333333,5284,0,0,0
2023-05-16 04:52:05.999000+00:00,User3,773800,9964,0,0.01,43886155,40048,0,0.019955555555555556,5010,0,0,0
2023-05-16 04:52:06.021000+00:00,User2,792692,10238,0,0.011,45077514,41209,0,0.01806666666666667,5285,0,0,0
2023-05-16 04:52:06.024000+00:00,User1,783936,10055,0,0.012,38709160,35475,0,0.03127777777777778,4592,0,0,0
2023-05-16 04:52:06.057000+00:00,User2,792769,10239,0,0.01,45090190,41220,0,0.018566666666666665,5285,0,0,0
2023-05-16 04:52:06.107000+00:00,User2,793019,10242,0,0.01,45100676,41230,0,0.017933333333333332,5287,0,0,0
2023-05-16 04:52:06.114000+00:00,User2,793102,10243,0,0.009,45101789,41231,0,0.017333333333333333,5287,0,0,0
2023-05-16 04:52:08.526000+00:00,User1,793295,10182,0,0.012,39431538,36128,0,0.018722222222222223,4666,0,0,0
2023-05-16 04:52:08.540000+00:00,User1,793295,10182,0,0.012,39431538,36128,0,0.017944444444444443,4666,0,0,0
2023-05-16 04:52:08.551000+00:00,User1,793295,10182,0,0.012,39432612,36129,0,0.018266666666666667,4666,0,0,0
2023-05-16 04:52:08.572000+00:00,User1,793373,10183,0,0.013,39439059,36135,0,0.01851111111111111,4667,0,0,0
2023-05-16 04:52:08.583000+00:00,User1,793460,10184,0,0.012,39439059,36135,0,0.0189,4667,0,0,0
2023-05-16 04:52:08.591000+00:00,User1,793460,10184,0,0.012,39440124,36136,0,0.01807777777777778,4667,0,0,0
2023-05-16 04:52:08.589000+00:00,User1,793460,10184,0,0.013,39440124,36136,0,0.018233333333333334,4667,0,0,0
2023-05-16 04:52:08.606000+00:00,User1,793549,10185,0,0.012,39447618,36143,0,0.01828888888888889,4668,0,0,0
2023-05-16 04:52:08.606000+00:00,User1,793549,10185,0,0.012,39445454,36141,2,0.018577777777777776,4616,10,0,1
2023-05-16 04:52:08.619000+00:00,User1,793549,10185,0,0.011,39447618,36143,0,0.01648888888888889,4668,0,0,0
2023-05-16 04:52:08.613000+00:00,User1,793549,10185,0,0.012,39447618,36143,0,0.01828888888888889,4668,0,0,0
2023-05-16 04:52:08.743000+00:00,User3,784209,10101,0,0.012,44512174,40622,0,0.014944444444444444,5092,0,0,0
2023-05-16 04:52:08.738000+00:00,User3,784209,10101,0,0.012,44512174,40622,0,0.015233333333333333,5092,0,0,0
2023-05-16 04:52:08.735000+00:00,User3,784209,10101,0,0.012,44509104,40619,0,0.014344444444444444,5092,0,0,0
2023-05-16 04:52:08.746000+00:00,User3,784209,10101,0,0.012,44512174,40622,0,0.01622222222222222,5092,0,0,0
2023-05-16 04:52:08.747000+00:00,User3,784209,10101,0,0.011,44515140,40625,0,0.01531111111111111,5092,0,0,0
2023-05-16 04:52:08.749000+00:00,User3,784209,10101,0,0.011,44515140,40625,0,0.014911111111111111,5093,0,0,0
2023-05-16 04:52:08.747000+00:00,User3,784209,10101,0,0.011,44515140,40625,0,0.015233333333333333,5092,0,0,0
2023-05-16 04:52:08.767000+00:00,User3,784291,10102,0,0.011,44515140,40625,0,0.015366666666666667,5093,0,0,0
2023-05-16 04:52:08.763000+00:00,User3,784291,10102,0,0.011,44515140,40625,0,0.015266666666666666,5093,0,0,0
2023-05-16 04:52:08.773000+00:00,User3,784381,10103,0,0.011,44518645,40628,0,0.014177777777777777,5093,0,0,0
2023-05-16 04:52:08.848000+00:00,User3,784606,10106,0,0.012,44529849,40638,0,0.014388888888888889,5096,0,0,0
2023-05-16 04:52:08.936000+00:00,User2,804101,10384,0,0.009,45837086,41908,0,0.016511111111111112,5372,0,0,0
2023-05-16 04:52:08.952000+00:00,User2,804185,10385,0,0.009,45845187,41915,0,0.016866666666666665,5372,0,0,0
2023-05-16 04:52:08.957000+00:00,User2,804185,10385,0,0.01,45845187,41915,0,0.016833333333333332,5373,0,0,0
2023-05-16 04:52:08.965000+00:00,User2,804185,10385,0,0.009,45845187,41915,0,0.0172,5373,0,0,0
2023-05-16 04:52:08.966000+00:00,User2,804185,10385,0,0.009,45845187,41915,0,0.016422222222222223,5373,0,0,0
2023-05-16 04:52:08.977000+00:00,User2,804185,10385,0,0.013,45845187,41915,0,0.017222222222222222,5373,0,0,0
2023-05-16 04:52:08.976000+00:00,User2,804275,10386,0,0.01,45848533,41918,0,0.017133333333333334,5373,0,0,0
2023-05-16 04:52:08.994000+00:00,User2,804275,10386,0,0.01,45854113,41923,0,0.017266666666666666,5374,0,0,0
2023-05-16 04:52:08.996000+00:00,User3,785199,10113,0,0.01,44564385,40669,0,0.014677777777777777,5100,0,0,0
2023-05-16 04:52:09.020000+00:00,User2,804367,10387,0,0.009,45862978,41931,0,0.0169,5375,0,0,0
2023-05-16 04:52:09.026000+00:00,User1,795282,10206,0,0.014,39538103,36227,0,0.017444444444444443,4681,0,0,0
2023-05-16 04:52:09.061000+00:00,User2,804594,10390,0,0.009,45871061,41938,0,0.016633333333333333,5375,0,0,0
2023-05-16 04:52:09.107000+00:00,User2,804726,10392,0,0.009,45880117,41946,0,0.016177777777777777,5377,0,0,0
2023-05-16 04:52:09.114000+00:00,User2,804726,10392,0,0.009,45885894,41951,0,0.016411111111111112,5378,0,0,0
2023-05-16 04:52:11.527000+00:00,User1,804998,10332,0,0.009,40077505,36723,0,0.01671111111111111,4756,0,0,0
2023-05-16 04:52:11.537000+00:00,User1,804998,10332,0,0.009,40077505,36723,0,0.016055555555555556,4756,0,0,0
2023-05-16 04:52:11.551000+00:00,User1,805083,10333,0,0.008,40079801,36725,0,0.015755555555555554,4757,0,0,0
2023-05-16 04:52:11.591000+00:00,User1,805162,10334,0,0.008,40084277,36729,0,0.015911111111111112,4758,0,0,0
2023-05-16 04:52:11.584000+00:00,User1,805083,10333,0,0.008,40083247,36728,0,0.015944444444444445,4757,0,0,0
2023-05-16 04:52:11.587000+00:00,User1,805162,10334,0,0.008,40084277,36729,0,0.015866666666666668,4758,0,0,0
2023-05-16 04:52:11.605000+00:00,User1,805162,10334,0,0.009,40089330,36734,2,0.01588888888888889,4706,10,0,1
2023-05-16 04:52:11.607000+00:00,User1,805162,10334,0,0.008,40091494,36736,0,0.015566666666666666,4758,0,0,0
2023-05-16 04:52:11.620000+00:00,User1,805162,10334,0,0.009,40091494,36736,0,0.015966666666666667,4758,0,0,0
2023-05-16 04:52:11.617000+00:00,User1,805162,10334,0,0.008,40091494,36736,0,0.01632222222222222,4758,0,0,0
2023-05-16 04:52:11.733000+00:00,User3,796007,10251,0,0.012,45209514,41261,0,0.016866666666666665,5182,0,0,0
2023-05-16 04:52:11.737000+00:00,User3,796007,10251,0,0.012,45210644,41262,0,0.01681111111111111,5182,0,0,0
2023-05-16 04:52:11.743000+00:00,User3,796007,10251,0,0.013,45211775,41263,0,0.016733333333333333,5182,0,0,0
2023-05-16 04:52:11.745000+00:00,User3,796007,10251,0,0.012,45211775,41263,0,0.01611111111111111,5182,0,0,0
2023-05-16 04:52:11.746000+00:00,User3,796075,10252,0,0.012,45215168,41266,0,0.01633333333333333,5183,0,0,0
2023-05-16 04:52:11.748000+00:00,User3,796075,10252,0,0.011,45215168,41266,0,0.016577777777777778,5183,0,0,0
2023-05-16 04:52:11.749000+00:00,User3,796075,10252,0,0.011,45215168,41266,0,0.016511111111111112,5183,0,0,0
2023-05-16 04:52:11.761000+00:00,User3,796075,10252,0,0.011,45215168,41266,0,0.015933333333333334,5183,0,0,0
2023-05-16 04:52:14.743000+00:00,User3,807705,10400,0,0.011,45924184,41919,0,0.0123,5272,0,0,0
2023-05-16 04:52:14.736000+00:00,User3,807705,10400,0,0.011,45924184,41919,0,0.0127,5272,0,0,0
2023-05-16 04:52:14.747000+00:00,User3,807775,10401,0,0.011,45924184,41919,0,0.012655555555555555,5272,0,0,0
2023-05-16 04:52:14.748000+00:00,User3,807775,10401,0,0.01,45924184,41919,0,0.012255555555555556,5273,0,0,0
2023-05-16 04:52:14.748000+00:00,User3,807775,10401,0,0.011,45924184,41919,0,0.01248888888888889,5273,0,0,0
2023-05-16 04:52:14.753000+00:00,User3,807705,10400,0,0.012,45924184,41919,0,0.014011111111111111,5272,0,0,0
2023-05-16 04:52:14.760000+00:00,User3,807922,10403,0,0.011,45924184,41919,0,0.012511111111111112,5273,0,0,0
2023-05-16 04:52:14.767000+00:00,User3,807922,10403,0,0.011,45924184,41919,0,0.012944444444444444,5273,0,0,0
2023-05-16 04:52:14.772000+00:00,User3,807922,10403,0,0.011,45926983,41922,0,0.012366666666666666,5274,0,0,0
2023-05-16 04:52:14.847000+00:00,User3,808133,10406,0,0.012,45932712,41928,0,0.011077777777777778,5276,0,0,0
2023-05-16 04:52:14.937000+00:00,User2,826894,10683,0,0.009,47328535,43275,0,0.017155555555555556,5552,0,0,0
2023-05-16 04:52:14.952000+00:00,User2,827028,10685,0,0.01,47334727,43281,0,0.01791111111111111,5553,0,0,0
2023-05-16 04:52:14.958000+00:00,User2,827028,10685,0,0.01,47334727,43281,0,0.0173,5553,0,0,0
2023-05-16 04:52:14.969000+00:00,User2,827028,10685,0,0.009,47334727,43281,0,0.017333333333333333,5553,0,0,0
2023-05-16 04:52:14.969000+00:00,User2,827028,10685,0,0.009,47335830,43282,0,0.017433333333333332,5553,0,0,0
2023-05-16 04:52:14.978000+00:00,User2,827100,10686,0,0.009,47336933,43283,0,0.017444444444444443,5553,0,0,0
2023-05-16 04:52:14.978000+00:00,User2,827100,10686,0,0.009,47336933,43283,0,0.017333333333333333,5554,0,0,0
2023-05-16 04:52:14.994000+00:00,User2,827162,10687,0,0.008,47346869,43292,0,0.0172,5554,0,0,0
2023-05-16 04:52:14.995000+00:00,User3,808625,10413,0,0.012,45944350,41940,0,0.009844444444444444,5280,0,0,0
2023-05-16 04:52:15.022000+00:00,User2,827162,10687,0,0.008,47353872,43299,0,0.01838888888888889,5555,0,0,0
2023-05-16 04:52:15.026000+00:00,User1,818591,10507,0,0.01,40780807,37380,0,0.011677777777777778,4861,0,0,0
2023-05-16 04:52:15.066000+00:00,User2,827232,10688,0,0.008,47354924,43300,0,0.0174,5555,0,0,0
2023-05-16 04:52:15.108000+00:00,User2,827556,10692,0,0.009,47369847,43314,0,0.017522222222222224,5557,0,0,0
2023-05-16 04:52:15.115000+00:00,User2,827556,10692,0,0.009,47375267,43319,0,0.017155555555555556,5558,0,0,0
2023-05-16 04:52:17.529000+00:00,User1,828353,10630,0,0.013,41229932,37807,0,0.017222222222222222,4935,0,0,0
2023-05-16 04:52:17.539000+00:00,User1,828426,10631,0,0.013,41235371,37812,0,0.018,4935,0,0,0
2023-05-16 04:52:17.552000+00:00,User1,828569,10633,0,0.013,41236388,37813,0,0.0172,4936,0,0,0
2023-05-16 04:52:17.583000+00:00,User1,828569,10633,0,0.013,41246524,37823,0,0.018266666666666667,4937,0,0,0
2023-05-16 04:52:17.577000+00:00,User1,828569,10633,0,0.013,41245516,37822,0,0.01808888888888889,4937,0,0,0
2023-05-16 04:52:17.590000+00:00,User1,828569,10633,0,0.014,41247532,37824,0,0.018,4937,0,0,0
2023-05-16 04:52:17.586000+00:00,User1,828654,10634,0,0.013,41248541,37825,0,0.017566666666666668,4937,0,0,0
2023-05-16 04:52:17.606000+00:00,User1,828805,10636,0,0.013,41247386,37824,2,0.017666666666666667,4885,10,0,1
2023-05-16 04:52:17.606000+00:00,User1,828805,10636,0,0.013,41249550,37826,0,0.018477777777777777,4937,0,0,0
2023-05-16 04:52:17.613000+00:00,User1,828805,10636,0,0.013,41249550,37826,0,0.018133333333333335,4937,0,0,0
2023-05-16 04:52:17.623000+00:00,User1,828805,10636,0,0.012,41249550,37826,0,0.019188888888888887,4937,0,0,0
2023-05-16 04:52:17.735000+00:00,User3,820035,10551,0,0.013,46399259,42374,0,0.014688888888888888,5361,0,0,0
2023-05-16 04:52:17.744000+00:00,User3,820035,10551,0,0.013,46399259,42374,0,0.0153,5361,0,0,0
2023-05-16 04:52:17.748000+00:00,User3,820035,10551,0,0.013,46399259,42374,0,0.015733333333333332,5361,0,0,0
2023-05-16 04:52:17.739000+00:00,User3,820035,10551,0,0.013,46399259,42374,0,0.015055555555555556,5361,0,0,0
2023-05-16 04:52:17.748000+00:00,User3,820035,10551,0,0.013,46400397,42375,0,0.015366666666666667,5361,0,0,0
2023-05-16 04:52:17.749000+00:00,User3,820035,10551,0,0.012,46402673,42377,0,0.014855555555555556,5362,0,0,0
2023-05-16 04:52:17.747000+00:00,User3,820035,10551,0,0.013,46402673,42377,0,0.015433333333333334,5362,0,0,0
2023-05-16 04:52:17.762000+00:00,User3,820116,10552,0,0.013,46407229,42381,0,0.015044444444444444,5362,0,0,0
2023-05-16 04:52:17.772000+00:00,User3,820116,10552,0,0.012,46407229,42381,0,0.015366666666666667,5362,0,0,0
2023-05-16 04:52:17.774000+00:00,User3,820278,10554,0,0.012,46408380,42382,0,0.015411111111111112,5363,0,0,0
2023-05-16 04:52:17.847000+00:00,User3,820440,10556,0,0.014,46433030,42404,0,0.016055555555555556,5365,0,0,0
2023-05-16 04:52:17.936000+00:00,User2,838607,10834,0,0.01,48083484,43966,0,0.017622222222222223,5642,0,0,0
2023-05-16 04:52:17.953000+00:00,User2,838693,10835,0,0.008,48089693,43972,0,0.017022222222222223,5643,0,0,0
2023-05-16 04:52:17.956000+00:00,User2,838607,10834,0,0.009,48089693,43972,0,0.016533333333333334,5643,0,0,0
2023-05-16 04:52:17.965000+00:00,User2,838693,10835,0,0.009,48089693,43972,0,0.017266666666666666,5643,0,0,0
2023-05-16 04:52:17.970000+00:00,User2,838693,10835,0,0.009,48090807,43973,0,0.016888888888888887,5643,0,0,0
2023-05-16 04:52:17.978000+00:00,User2,838693,10835,0,0.01,48089693,43972,0,0.017455555555555554,5643,0,0,0
2023-05-16 04:52:17.978000+00:00,User2,838786,10836,0,0.008,48094149,43976,0,0.016622222222222222,5644,0,0,0
2023-05-16 04:52:17.994000+00:00,User2,838786,10836,0,0.008,48099721,43981,0,0.01742222222222222,5644,0,0,0
2023-05-16 04:52:17.998000+00:00,User3,821133,10564,0,0.012,46471791,42440,0,0.015577777777777777,5369,0,0,0
2023-05-16 04:52:18.021000+00:00,User2,838851,10837,0,0.008,48106037,43987,0,0.017055555555555556,5645,0,0,0
2023-05-16 04:52:18.027000+00:00,User1,830408,10656,0,0.014,41362614,37930,0,0.017744444444444445,4950,0,0,0
2023-05-16 04:52:18.062000+00:00,User2,839057,10840,0,0.009,48115902,43996,0,0.017555555555555557,5646,0,0,0
2023-05-16 04:52:18.107000+00:00,User2,839243,10842,0,0.009,48124690,44004,0,0.017144444444444445,5647,0,0,0
2023-05-16 04:52:18.115000+00:00,User2,839243,10842,0,0.01,48131432,44010,0,0.0172,5648,0,0,0
2023-05-16 04:52:20.531000+00:00,User1,840166,10781,0,0.011,42012777,38528,0,0.017511111111111113,5025,0,0,0
2023-05-16 04:52:20.538000+00:00,User1,840166,10781,0,0.011,42012777,38528,0,0.017011111111111112,5025,0,0,0
2023-05-16 04:52:20.552000+00:00,User1,840318,10783,0,0.011,42015063,38530,0,0.017244444444444444,5026,0,0,0
2023-05-16 04:52:20.583000+00:00,User1,840407,10784,0,0.011,42022972,38537,0,0.016933333333333335,5027,0,0,0
2023-05-16 04:52:20.578000+00:00,User1,840407,10784,0,0.011,42022972,38537,0,0.017255555555555555,5027,0,0,0
2023-05-16 04:52:20.586000+00:00,User1,840407,10784,0,0.011,42027152,38541,0,0.016866666666666665,5027,0,0,0
2023-05-16 04:52:20.596000+00:00,User1,840407,10784,0,0.011,42027152,38541,0,0.017044444444444445,5027,0,0,0
2023-05-16 04:52:20.609000+00:00,User1,840486,10785,0,0.011,42029170,38543,2,0.01741111111111111,4976,10,0,1
2023-05-16 04:52:20.607000+00:00,User1,840486,10785,0,0.01,42031334,38545,0,0.017377777777777777,5028,0,0,0
2023-05-16 04:52:20.613000+00:00,User1,840486,10785,0,0.01,42031334,38545,0,0.017355555555555555,5028,0,0,0
2023-05-16 04:52:20.621000+00:00,User1,840486,10785,0,0.013,42031334,38545,0,0.017822222222222222,5028,0,0,0
2023-05-16 04:52:20.735000+00:00,User3,831825,10701,0,0.014,47179575,43091,0,0.016466666666666668,5451,0,0,0
2023-05-16 04:52:20.745000+00:00,User3,831825,10701,0,0.014,47179575,43091,0,0.01672222222222222,5452,0,0,0
2023-05-16 04:52:20.737000+00:00,User3,831825,10701,0,0.014,47179575,43091,0,0.016444444444444446,5452,0,0,0
2023-05-16 04:52:20.747000+00:00,User3,831825,10701,0,0.014,47180743,43092,0,0.015977777777777778,5452,0,0,0
2023-05-16 04:52:20.749000+00:00,User3,831825,10701,0,0.014,47183079,43094,0,0.015966666666666667,5452,0,0,0
2023-05-16 04:52:20.747000+00:00,User3,831825,10701,0,0.014,47183079,43094,0,0.0168,5452,0,0,0
2023-05-16 04:52:20.757000+00:00,User3,831825,10701,0,0.014,47179575,43091,0,0.0183,5452,0,0,0
2023-05-16 04:52:20.767000+00:00,User3,831909,10702,0,0.014,47187754,43098,0,0.016166666666666666,5452,0,0,0
2023-05-16 04:52:20.762000+00:00,User3,831909,10702,0,0.014,47187754,43098,0,0.016511111111111112,5452,0,0,0
2023-05-16 04:52:20.775000+00:00,User3,831981,10703,0,0.013,47190043,43100,0,0.01698888888888889,5453,0,0,0
2023-05-16 04:52:20.847000+00:00,User3,832208,10706,0,0.013,47210107,43118,0,0.017266666666666666,5455,0,0,0
2023-05-16 04:52:20.936000+00:00,User2,850433,10984,0,0.008,48626650,44479,0,0.008122222222222222,5732,0,0,0
2023-05-16 04:52:20.957000+00:00,User2,850518,10985,0,0.009,48627591,44480,0,0.008844444444444445,5733,0,0,0
2023-05-16 04:52:20.958000+00:00,User2,850518,10985,0,0.009,48627591,44480,0,0.008833333333333334,5733,0,0,0
2023-05-16 04:52:20.965000+00:00,User2,850518,10985,0,0.009,48628576,44481,0,0.009044444444444445,5733,0,0,0
2023-05-16 04:52:20.976000+00:00,User2,850603,10986,0,0.009,48631532,44484,0,0.008444444444444444,5733,0,0,0
2023-05-16 04:52:20.971000+00:00,User2,850603,10986,0,0.008,48631532,44484,0,0.0082,5733,0,0,0
2023-05-16 04:52:20.978000+00:00,User2,850603,10986,0,0.008,48631532,44484,0,0.008422222222222222,5733,0,0,0
2023-05-16 04:52:20.994000+00:00,User2,850603,10986,0,0.008,48631532,44484,0,0.0087,5734,0,0,0
2023-05-16 04:52:21.005000+00:00,User3,832812,10713,0,0.011,47251620,43155,0,0.017477777777777776,5459,0,0,0
2023-05-16 04:52:21.021000+00:00,User2,850688,10987,0,0.009,48635387,44488,0,0.00841111111111111,5735,0,0,0
2023-05-16 04:52:21.025000+00:00,User1,842073,10805,0,0.01,42135253,38641,0,0.01767777777777778,5040,0,0,0
2023-05-16 04:52:21.061000+00:00,User2,850939,10990,0,0.009,48639226,44492,0,0.0077555555555555555,5736,0,0,0
2023-05-16 04:52:21.108000+00:00,User2,851111,10992,0,0.008,48647112,44500,0,0.008833333333333334,5737,0,0,0
2023-05-16 04:52:21.116000+00:00,User2,851111,10992,0,0.008,48647112,44500,0,0.00841111111111111,5737,0,0,0
2023-05-16 04:52:23.532000+00:00,User1,851833,10930,0,0.012,42747578,39204,0,0.017977777777777777,5115,0,0,0
2023-05-16 04:52:23.539000+00:00,User1,851899,10931,0,0.012,42752230,39208,0,0.0181,5116,0,0,0
2023-05-16 04:52:23.552000+00:00,User1,852027,10933,0,0.011,42755697,39211,0,0.018422222222222222,5116,0,0,0
2023-05-16 04:52:23.583000+00:00,User1,852093,10934,0,0.01,42764864,39219,0,0.019155555555555554,5117,0,0,0
2023-05-16 04:52:23.580000+00:00,User1,852093,10934,0,0.011,42767194,39221,0,0.018744444444444446,5117,0,0,0
2023-05-16 04:52:23.591000+00:00,User1,852093,10934,0,0.011,42770689,39224,0,0.019733333333333332,5117,0,0,0
2023-05-16 04:52:23.597000+00:00,User1,852093,10934,0,0.011,42767194,39221,0,0.01902222222222222,5117,0,0,0
2023-05-16 04:52:23.607000+00:00,User1,852162,10935,0,0.011,42770689,39224,0,0.01867777777777778,5118,0,0,0
2023-05-16 04:52:23.613000+00:00,User1,852162,10935,0,0.011,42771793,39225,0,0.018922222222222222,5118,0,0,0
2023-05-16 04:52:23.610000+00:00,User1,852162,10935,0,0.01,42768525,39222,2,0.019422222222222223,5065,10,0,1
2023-05-16 04:52:23.626000+00:00,User1,852162,10935,0,0.012,42771793,39225,0,0.018466666666666666,5117,0,0,0
2023-05-16 04:52:23.733000+00:00,User3,843312,10850,0,0.013,47926609,43772,0,0.0177,5541,0,0,0
2023-05-16 04:52:23.744000+00:00,User3,843312,10850,0,0.013,47926609,43772,0,0.01741111111111111,5541,0,0,0
2023-05-16 04:52:23.737000+00:00,User3,843312,10850,0,0.013,47926609,43772,0,0.01708888888888889,5541,0,0,0
2023-05-16 04:52:23.746000+00:00,User3,843401,10851,0,0.011,47927725,43773,0,0.017511111111111113,5542,0,0,0
2023-05-16 04:52:23.749000+00:00,User3,843401,10851,0,0.012,47929957,43775,0,0.0166,5542,0,0,0
2023-05-16 04:52:23.756000+00:00,User3,843401,10851,0,0.012,47932189,43777,0,0.017011111111111112,5542,0,0,0
2023-05-16 04:52:23.750000+00:00,User3,843401,10851,0,0.012,47929957,43775,0,0.016788888888888888,5542,0,0,0
2023-05-16 04:52:23.767000+00:00,User3,843401,10851,0,0.012,47935537,43780,0,0.016955555555555557,5542,0,0,0
2023-05-16 04:52:23.762000+00:00,User3,843401,10851,0,0.012,47935537,43780,0,0.016866666666666665,5542,0,0,0
2023-05-16 04:52:23.774000+00:00,User3,843575,10853,0,0.013,47935537,43780,0,0.016666666666666666,5543,0,0,0
2023-05-16 04:52:23.848000+00:00,User3,843860,10857,0,0.011,47956266,43799,0,0.017444444444444443,5545,0,0,0
2023-05-16 04:52:23.937000+00:00,User2,862274,11133,0,0.011,49295618,45096,0,0.018155555555555557,5821,0,0,0
2023-05-16 04:52:23.955000+00:00,User2,862451,11135,0,0.011,49300284,45100,0,0.018433333333333333,5822,0,0,0
2023-05-16 04:52:23.958000+00:00,User2,862451,11135,0,0.012,49300284,45100,0,0.017977777777777777,5822,0,0,0
2023-05-16 04:52:23.967000+00:00,User2,862451,11135,0,0.013,49300284,45100,0,0.01828888888888889,5822,0,0,0
2023-05-16 04:52:23.972000+00:00,User2,862538,11136,0,0.011,49301290,45101,0,0.018866666666666667,5822,0,0,0
2023-05-16 04:52:23.978000+00:00,User2,862538,11136,0,0.012,49304309,45104,0,0.01867777777777778,5823,0,0,0
2023-05-16 04:52:23.981000+00:00,User2,862451,11135,0,0.012,49300284,45100,0,0.018555555555555554,5822,0,0,0
2023-05-16 04:52:23.994000+00:00,User2,862620,11137,0,0.011,49306323,45106,0,0.018544444444444443,5823,0,0,0
2023-05-16 04:52:24.002000+00:00,User3,844420,10864,0,0.013,47994556,43834,0,0.017444444444444443,5549,0,0,0
2023-05-16 04:52:24.022000+00:00,User2,862620,11137,0,0.012,49309521,45109,0,0.017955555555555554,5824,0,0,0
2023-05-16 04:52:24.026000+00:00,User1,853749,10955,0,0.012,42872897,39316,0,0.019922222222222223,5130,0,0,0
2023-05-16 04:52:24.061000+00:00,User2,862873,11140,0,0.011,49323847,45122,0,0.019066666666666666,5825,0,0,0
2023-05-16 04:52:24.109000+00:00,User2,863024,11142,0,0.011,49338174,45135,0,0.017844444444444444,5826,0,0,0
2023-05-16 04:52:24.117000+00:00,User2,863024,11142,0,0.01,49341522,45138,0,0.017388888888888888,5827,0,0,0
2023-05-16 04:52:26.530000+00:00,User1,863299,11081,0,0.01,43501445,39892,0,0.01888888888888889,5205,0,0,0
2023-05-16 04:52:26.540000+00:00,User1,863299,11081,0,0.01,43501445,39892,0,0.0195,5205,0,0,0
2023-05-16 04:52:26.554000+00:00,User1,863368,11082,0,0.011,43503699,39894,0,0.018366666666666667,5206,0,0,0
2023-05-16 04:52:26.583000+00:00,User1,863444,11083,0,0.01,43513846,39903,0,0.01927777777777778,5207,0,0,0
2023-05-16 04:52:26.580000+00:00,User1,863444,11083,0,0.01,43514994,39904,0,0.018766666666666668,5207,0,0,0
2023-05-16 04:52:26.589000+00:00,User1,863444,11083,0,0.01,43514994,39904,0,0.01901111111111111,5207,0,0,0
2023-05-16 04:52:26.597000+00:00,User1,863517,11084,0,0.01,43517290,39906,0,0.01862222222222222,5207,0,0,0
2023-05-16 04:52:26.610000+00:00,User1,863662,11086,0,0.01,43520711,39909,2,0.018477777777777777,5155,10,0,1
2023-05-16 04:52:26.613000+00:00,User1,863662,11086,0,0.011,43525014,39913,0,0.01901111111111111,5208,0,0,0
2023-05-16 04:52:26.610000+00:00,User1,863662,11086,0,0.01,43522875,39911,0,0.018533333333333332,5208,0,0,0
2023-05-16 04:52:26.623000+00:00,User1,863662,11086,0,0.01,43525014,39913,0,0.019233333333333335,5208,0,0,0
2023-05-16 04:52:26.745000+00:00,User3,854710,11001,0,0.009,48678012,44460,0,0.015455555555555556,5632,0,0,0
2023-05-16 04:52:26.738000+00:00,User3,854710,11001,0,0.009,48678012,44460,0,0.0154,5631,0,0,0
2023-05-16 04:52:26.739000+00:00,User3,854710,11001,0,0.008,48678012,44460,0,0.016055555555555556,5631,0,0,0
2023-05-16 04:52:26.747000+00:00,User3,854710,11001,0,0.009,48681225,44463,0,0.0154,5632,0,0,0
2023-05-16 04:52:26.748000+00:00,User3,854710,11001,0,0.009,48685513,44467,0,0.0152,5632,0,0,0
2023-05-16 04:52:26.756000+00:00,User3,854710,11001,0,0.009,48687657,44469,0,0.01561111111111111,5632,0,0,0
2023-05-16 04:52:26.749000+00:00,User3,854710,11001,0,0.01,48685513,44467,0,0.0147,5632,0,0,0
2023-05-16 04:52:26.760000+00:00,User3,854710,11001,0,0.009,48688729,44470,0,0.014988888888888888,5632,0,0,0
2023-05-16 04:52:26.767000+00:00,User3,854791,11002,0,0.01,48688729,44470,0,0.015944444444444445,5632,0,0,0
2023-05-16 04:52:26.774000+00:00,User3,854791,11002,0,0.01,48689772,44471,0,0.016422222222222223,5633,0,0,0
2023-05-16 04:52:26.847000+00:00,User3,855109,11006,0,0.008,48710446,44490,0,0.016411111111111112,5635,0,0,0
2023-05-16 04:52:26.937000+00:00,User2,874066,11285,0,0.012,50048993,45786,0,0.016566666666666667,5912,0,0,0
2023-05-16 04:52:26.955000+00:00,User2,874066,11285,0,0.011,50055695,45792,0,0.016188888888888888,5912,0,0,0
2023-05-16 04:52:26.962000+00:00,User2,874066,11285,0,0.011,50054578,45791,0,0.016255555555555554,5912,0,0,0
2023-05-16 04:52:26.968000+00:00,User2,874066,11285,0,0.011,50055695,45792,0,0.016511111111111112,5912,0,0,0
2023-05-16 04:52:26.972000+00:00,User2,874151,11286,0,0.011,50056835,45793,0,0.016777777777777777,5913,0,0,0
2023-05-16 04:52:26.979000+00:00,User2,874151,11286,0,0.012,50059115,45795,0,0.0166,5913,0,0,0
2023-05-16 04:52:26.978000+00:00,User2,874151,11286,0,0.011,50059115,45795,0,0.01668888888888889,5913,0,0,0
2023-05-16 04:52:26.995000+00:00,User2,874238,11287,0,0.011,50062538,45798,0,0.0172,5913,0,0,0
2023-05-16 04:52:27+00:00,User3,855651,11014,0,0.009,48746208,44522,0,0.01571111111111111,5639,0,0,0
2023-05-16 04:52:27.022000+00:00,User2,874238,11287,0,0.011,50069522,45804,0,0.01671111111111111,5914,0,0,0
2023-05-16 04:52:27.027000+00:00,User1,865240,11106,0,0.013,43624794,40004,0,0.0187,5220,0,0,0
2023-05-16 04:52:27.062000+00:00,User2,874477,11290,0,0.011,50079109,45813,0,0.017633333333333334,5915,0,0,0
2023-05-16 04:52:27.109000+00:00,User2,874625,11292,0,0.012,50092203,45825,0,0.0157,5916,0,0,0
2023-05-16 04:52:27.115000+00:00,User2,874625,11292,0,0.013,50095449,45828,0,0.016155555555555555,5917,0,0,0
2023-05-16 04:52:29.530000+00:00,User1,875063,11231,0,0.009,44257913,40582,0,0.017633333333333334,5295,0,0,0
2023-05-16 04:52:29.542000+00:00,User1,875134,11232,0,0.008,44260127,40584,0,0.017,5296,0,0,0
2023-05-16 04:52:29.552000+00:00,User1,875134,11232,0,0.009,44261214,40585,0,0.016855555555555554,5296,0,0,0
2023-05-16 04:52:29.583000+00:00,User1,875211,11233,0,0.008,44268825,40592,0,0.01707777777777778,5297,0,0,0
2023-05-16 04:52:29.580000+00:00,User1,875287,11234,0,0.008,44268825,40592,0,0.017388888888888888,5297,0,0,0
2023-05-16 04:52:29.589000+00:00,User1,875362,11235,0,0.009,44269876,40593,0,0.01707777777777778,5297,0,0,0
2023-05-16 04:52:29.604000+00:00,User1,875362,11235,0,0.009,44269876,40593,0,0.017266666666666666,5297,0,0,0
2023-05-16 04:52:29.608000+00:00,User1,875362,11235,0,0.009,44277233,40600,0,0.017266666666666666,5297,0,0,0
2023-05-16 04:52:29.612000+00:00,User1,875362,11235,0,0.009,44275069,40598,2,0.01707777777777778,5245,10,0,1
2023-05-16 04:52:29.614000+00:00,User1,875362,11235,0,0.008,44278284,40601,0,0.01741111111111111,5298,0,0,0
2023-05-16 04:52:29.625000+00:00,User1,875444,11236,0,0.008,44278284,40601,0,0.017622222222222223,5298,0,0,0
2023-05-16 04:52:29.735000+00:00,User3,866325,11151,0,0.01,49431271,45146,0,0.01638888888888889,5722,0,0,0
2023-05-16 04:52:29.738000+00:00,User3,866325,11151,0,0.009,49431271,45146,0,0.01658888888888889,5722,0,0,0
2023-05-16 04:52:29.744000+00:00,User3,866325,11151,0,0.01,49431271,45146,0,0.01661111111111111,5722,0,0,0
2023-05-16 04:52:29.747000+00:00,User3,866325,11151,0,0.01,49432365,45147,0,0.01608888888888889,5722,0,0,0
2023-05-16 04:52:29.749000+00:00,User3,866325,11151,0,0.01,49432365,45147,0,0.01718888888888889,5722,0,0,0
2023-05-16 04:52:29.759000+00:00,User3,866325,11151,0,0.009,49434555,45149,0,0.015633333333333332,5722,0,0,0
2023-05-16 04:52:35.613000+00:00,User1,898997,11535,0,0.011,45495312,41735,0,0.02021111111111111,5477,0,0,0
2023-05-16 04:52:35.629000+00:00,User1,898997,11535,0,0.013,45495312,41735,0,0.019866666666666668,5477,0,0,0
2023-05-16 04:52:35.736000+00:00,User3,890415,11451,0,0.009,50641604,46271,0,0.016522222222222223,5900,0,0,0
2023-05-16 04:52:35.739000+00:00,User3,890415,11451,0,0.009,50641604,46271,0,0.016855555555555554,5900,0,0,0
2023-05-16 04:52:35.748000+00:00,User3,890415,11451,0,0.009,50641604,46271,0,0.016777777777777777,5900,0,0,0
2023-05-16 04:52:35.748000+00:00,User3,890415,11451,0,0.008,50642643,46272,0,0.01732222222222222,5901,0,0,0
2023-05-16 04:52:35.750000+00:00,User3,890415,11451,0,0.009,50642643,46272,0,0.016755555555555555,5901,0,0,0
2023-05-16 04:52:35.748000+00:00,User3,890415,11451,0,0.008,50642643,46272,0,0.017433333333333332,5901,0,0,0
2023-05-16 04:52:35.761000+00:00,User3,890415,11451,0,0.009,50644721,46274,0,0.01742222222222222,5901,0,0,0
2023-05-16 04:52:35.762000+00:00,User3,890491,11452,0,0.008,50645760,46275,0,0.016922222222222224,5901,0,0,0
2023-05-16 04:52:35.768000+00:00,User3,890491,11452,0,0.008,50645760,46275,0,0.0175,5901,0,0,0
2023-05-16 04:52:35.775000+00:00,User3,890491,11452,0,0.008,50654243,46283,0,0.0171,5902,0,0,0
2023-05-16 04:52:35.848000+00:00,User3,890763,11456,0,0.008,50666601,46294,0,0.01732222222222222,5904,0,0,0
2023-05-16 04:52:35.938000+00:00,User2,908494,11733,0,0.009,52310591,47860,0,0.018044444444444443,6182,0,0,0
2023-05-16 04:52:35.955000+00:00,User2,908628,11735,0,0.008,52313653,47863,0,0.01818888888888889,6182,0,0,0
2023-05-16 04:52:35.966000+00:00,User2,908628,11735,0,0.009,52313653,47863,0,0.018755555555555557,6183,0,0,0
2023-05-16 04:52:35.967000+00:00,User2,908628,11735,0,0.008,52313653,47863,0,0.018555555555555554,6182,0,0,0
2023-05-16 04:52:35.972000+00:00,User2,908628,11735,0,0.009,52314771,47864,0,0.017511111111111113,6183,0,0,0
2023-05-16 04:52:35.983000+00:00,User2,908628,11735,0,0.01,52317007,47866,0,0.01741111111111111,6183,0,0,0
2023-05-16 04:52:35.979000+00:00,User2,908708,11736,0,0.009,52319245,47868,0,0.017644444444444445,6183,0,0,0
2023-05-16 04:52:36+00:00,User2,908800,11737,0,0.009,52322602,47871,0,0.0179,6183,0,0,0
2023-05-16 04:52:36.002000+00:00,User3,891414,11464,0,0.008,50709304,46332,0,0.017633333333333334,5908,0,0,0
2023-05-16 04:52:36.025000+00:00,User2,908800,11737,0,0.009,52326094,47874,0,0.017722222222222223,6184,0,0,0
2023-05-16 04:52:36.027000+00:00,User1,900669,11556,0,0.014,45601096,41832,0,0.019066666666666666,5489,0,0,0
2023-05-16 04:52:36.069000+00:00,User2,909039,11740,0,0.008,52338575,47885,0,0.017477777777777776,6185,0,0,0
2023-05-16 04:52:36.110000+00:00,User2,909199,11742,0,0.009,52349392,47895,0,0.017655555555555556,6187,0,0,0
2023-05-16 04:52:36.116000+00:00,User2,909199,11742,0,0.009,52352713,47898,0,0.017622222222222223,6187,0,0,0
2023-05-16 04:52:38.529000+00:00,User1,910434,11681,0,0.013,46229052,42413,0,0.018111111111111113,5564,0,0,0
2023-05-16 04:52:38.541000+00:00,User1,910521,11682,0,0.012,46229052,42413,0,0.018244444444444445,5565,0,0,0
2023-05-16 04:52:38.552000+00:00,User1,910521,11682,0,0.012,46235653,42419,0,0.017533333333333335,5565,0,0,0
2023-05-16 04:52:38.583000+00:00,User1,910611,11683,0,0.012,46236731,42420,0,0.01732222222222222,5566,0,0,0
2023-05-16 04:52:38.579000+00:00,User1,910611,11683,0,0.012,46238889,42422,0,0.017233333333333333,5566,0,0,0
2023-05-16 04:52:38.589000+00:00,User1,910611,11683,0,0.013,46239968,42423,0,0.017233333333333333,5566,0,0,0
2023-05-16 04:52:38.597000+00:00,User1,910780,11685,0,0.012,46241047,42424,0,0.016833333333333332,5566,0,0,0
2023-05-16 04:52:38.607000+00:00,User1,910780,11685,0,0.012,46244346,42427,0,0.01808888888888889,5567,0,0,0
2023-05-16 04:52:38.611000+00:00,User1,910780,11685,0,0.011,46244465,42427,2,0.017377777777777777,5515,10,0,1
2023-05-16 04:52:38.613000+00:00,User1,910863,11686,0,0.011,46247771,42430,0,0.01742222222222222,5567,0,0,0
2023-05-16 04:52:38.627000+00:00,User1,910863,11686,0,0.011,46250055,42432,0,0.019188888888888887,5567,0,0,0
2023-05-16 04:52:38.738000+00:00,User3,901997,11601,0,0.009,51402015,46968,0,0.014722222222222222,5991,0,0,0
2023-05-16 04:52:38.736000+00:00,User3,901997,11601,0,0.009,51402015,46968,0,0.014811111111111112,5991,0,0,0
2023-05-16 04:52:38.747000+00:00,User3,901997,11601,0,0.01,51402015,46968,0,0.014988888888888888,5991,0,0,0
2023-05-16 04:52:38.747000+00:00,User3,901997,11601,0,0.009,51403152,46969,0,0.015355555555555556,5991,0,0,0
2023-05-16 04:52:38.751000+00:00,User3,901997,11601,0,0.009,51403152,46969,0,0.015111111111111112,5991,0,0,0
2023-05-16 04:52:38.751000+00:00,User3,901997,11601,0,0.009,51405428,46971,0,0.014977777777777777,5991,0,0,0
2023-05-16 04:52:38.762000+00:00,User3,902087,11602,0,0.008,51411118,46976,0,0.015033333333333333,5991,0,0,0
2023-05-16 04:52:38.769000+00:00,User3,902087,11602,0,0.009,51411118,46976,0,0.01531111111111111,5991,0,0,0
2023-05-16 04:52:38.767000+00:00,User3,902087,11602,0,0.009,51411118,46976,0,0.01622222222222222,5991,0,0,0
2023-05-16 04:52:38.775000+00:00,User3,902239,11604,0,0.009,51414307,46979,0,0.014966666666666666,5992,0,0,0
2023-05-16 04:52:38.848000+00:00,User3,902393,11606,0,0.009,51426863,46991,0,0.01588888888888889,5994,0,0,0
2023-05-16 04:52:38.938000+00:00,User2,920637,11885,0,0.009,52747051,48287,0,0.010566666666666667,6271,0,0,0
2023-05-16 04:52:38.956000+00:00,User2,920637,11885,0,0.01,52755076,48294,0,0.009911111111111112,6271,0,0,0
2023-05-16 04:52:38.963000+00:00,User2,920637,11885,0,0.011,52756223,48295,0,0.010577777777777778,6271,0,0,0
2023-05-16 04:52:38.970000+00:00,User2,920637,11885,0,0.01,52756223,48295,0,0.010433333333333333,6271,0,0,0
2023-05-16 04:52:38.974000+00:00,User2,920718,11886,0,0.01,52758311,48297,0,0.010555555555555556,6272,0,0,0
2023-05-16 04:52:38.979000+00:00,User2,920718,11886,0,0.009,52760400,48299,0,0.010822222222222223,6272,0,0,0
2023-05-16 04:52:38.990000+00:00,User2,920718,11886,0,0.011,52762490,48301,0,0.010644444444444444,6272,0,0,0
2023-05-16 04:52:39+00:00,User2,920799,11887,0,0.009,52762490,48301,0,0.0108,6272,0,0,0
2023-05-16 04:52:39.001000+00:00,User3,903052,11614,0,0.009,51465647,47026,0,0.01633333333333333,5998,0,0,0
2023-05-16 04:52:39.023000+00:00,User2,920880,11888,0,0.009,52768650,48307,0,0.010588888888888889,6273,0,0,0
2023-05-16 04:52:39.029000+00:00,User1,912353,11706,0,0.013,46347741,42522,0,0.018211111111111112,5579,0,0,0
2023-05-16 04:52:39.063000+00:00,User2,921042,11890,0,0.008,52774843,48313,0,0.010688888888888888,6274,0,0,0
2023-05-16 04:52:39.111000+00:00,User2,921204,11892,0,0.008,52788172,48325,0,0.011366666666666667,6276,0,0,0
2023-05-16 04:52:39.116000+00:00,User2,921204,11892,0,0.009,52789333,48326,0,0.0108,6276,0,0,0
2023-05-16 04:52:41.535000+00:00,User1,922226,11832,0,0.01,46986303,43099,0,0.01941111111111111,5654,0,0,0
2023-05-16 04:52:41.542000+00:00,User1,922226,11832,0,0.01,46986303,43099,0,0.019766666666666665,5655,0,0,0
2023-05-16 04:52:41.552000+00:00,User1,922294,11833,0,0.009,46987316,43100,0,0.0194,5655,0,0,0
2023-05-16 04:52:41.583000+00:00,User1,922361,11834,0,0.009,46992677,43105,0,0.019244444444444446,5656,0,0,0
2023-05-16 04:52:41.582000+00:00,User1,922361,11834,0,0.009,46992677,43105,0,0.019366666666666667,5656,0,0,0
2023-05-16 04:52:41.590000+00:00,User1,922361,11834,0,0.009,46997319,43109,0,0.01971111111111111,5656,0,0,0
2023-05-16 04:52:41.601000+00:00,User1,922361,11834,0,0.011,46997319,43109,0,0.018977777777777777,5655,0,0,0
2023-05-16 04:52:41.607000+00:00,User1,922504,11836,0,0.009,46999629,43111,0,0.019144444444444443,5657,0,0,0
2023-05-16 04:52:41.614000+00:00,User1,922504,11836,0,0.009,47001929,43113,0,0.019755555555555554,5657,0,0,0
2023-05-16 04:52:41.611000+00:00,User1,922504,11836,0,0.009,46997465,43109,2,0.0193,5605,10,0,1
2023-05-16 04:52:41.627000+00:00,User1,922504,11836,0,0.01,47004229,43115,0,0.019355555555555556,5657,0,0,0
2023-05-16 04:52:41.736000+00:00,User3,913500,11751,0,0.01,52151389,47651,0,0.01691111111111111,6081,0,0,0
2023-05-16 04:52:41.738000+00:00,User3,913500,11751,0,0.011,52151389,47651,0,0.016655555555555555,6081,0,0,0
2023-05-16 04:52:41.747000+00:00,User3,913500,11751,0,0.011,52152499,47652,0,0.017022222222222223,6081,0,0,0
2023-05-16 04:52:41.750000+00:00,User3,913500,11751,0,0.011,52152499,47652,0,0.016422222222222223,6081,0,0,0
2023-05-16 04:52:41.751000+00:00,User3,913500,11751,0,0.01,52152499,47652,0,0.0162,6081,0,0,0
2023-05-16 04:52:41.752000+00:00,User3,913435,11750,0,0.01,52151389,47651,0,0.015644444444444443,6080,0,0,0
2023-05-16 04:52:41.767000+00:00,User3,913568,11752,0,0.011,52161379,47660,0,0.0165,6082,0,0,0
2023-05-16 04:52:41.768000+00:00,User3,913568,11752,0,0.01,52159159,47658,0,0.015933333333333334,6081,0,0,0
2023-05-16 04:52:41.762000+00:00,User3,913568,11752,0,0.01,52161379,47660,0,0.016455555555555557,6081,0,0,0
2023-05-16 04:52:41.775000+00:00,User3,913568,11752,0,0.01,52169165,47667,0,0.017766666666666667,6082,0,0,0
2023-05-16 04:52:41.852000+00:00,User3,913914,11757,0,0.009,52188494,47685,0,0.0176,6084,0,0,0
2023-05-16 04:52:41.939000+00:00,User2,932247,12034,0,0.008,53542322,49013,0,0.017655555555555556,6361,0,0,0
2023-05-16 04:52:41.957000+00:00,User2,932323,12035,0,0.01,53549881,49020,0,0.018822222222222223,6361,0,0,0
2023-05-16 04:52:41.967000+00:00,User2,932323,12035,0,0.009,53549881,49020,0,0.018744444444444446,6361,0,0,0
2023-05-16 04:52:41.965000+00:00,User2,932323,12035,0,0.009,53549881,49020,0,0.01758888888888889,6361,0,0,0
2023-05-16 04:52:41.974000+00:00,User2,932402,12036,0,0.009,53551001,49021,0,0.018233333333333334,6362,0,0,0
2023-05-16 04:52:41.978000+00:00,User2,932402,12036,0,0.009,53554363,49024,0,0.018233333333333334,6362,0,0,0
2023-05-16 04:52:41.993000+00:00,User2,932402,12036,0,0.008,53554363,49024,0,0.017633333333333334,6362,0,0,0
2023-05-16 04:52:42+00:00,User2,932479,12037,0,0.01,53558847,49028,0,0.018055555555555554,6363,0,0,0
2023-05-16 04:52:42.004000+00:00,User3,914451,11765,0,0.009,52217879,47713,0,0.016355555555555557,6088,0,0,0
2023-05-16 04:52:42.023000+00:00,User2,932611,12039,0,0.008,53563447,49032,0,0.018344444444444444,6363,0,0,0
2023-05-16 04:52:42.034000+00:00,User1,923911,11856,0,0.01,47103982,43207,0,0.018,5669,0,0,0
2023-05-16 04:52:42.064000+00:00,User2,932681,12040,0,0.011,53574749,49042,0,0.016077777777777778,6364,0,0,0
2023-05-16 04:52:42.109000+00:00,User2,932836,12042,0,0.009,53590406,49056,0,0.018222222222222223,6366,0,0,0
2023-05-16 04:52:42.115000+00:00,User2,932987,12044,0,0.01,53590406,49056,0,0.017611111111111112,6366,0,0,0
2023-05-16 04:52:44.530000+00:00,User1,933824,11982,0,0.012,47730576,43781,0,0.018444444444444444,5744,0,0,0
2023-05-16 04:52:44.541000+00:00,User1,933824,11982,0,0.012,47730576,43781,0,0.018166666666666668,5745,0,0,0
2023-05-16 04:52:44.553000+00:00,User1,933912,11983,0,0.013,47734907,43785,0,0.017844444444444444,5745,0,0,0
2023-05-16 04:52:44.584000+00:00,User1,934004,11984,0,0.011,47738156,43788,0,0.017766666666666667,5746,0,0,0
2023-05-16 04:52:44.586000+00:00,User1,934091,11985,0,0.012,47739239,43789,0,0.017611111111111112,5746,0,0,0
2023-05-16 04:52:44.590000+00:00,User1,934091,11985,0,0.012,47739239,43789,0,0.017822222222222222,5746,0,0,0
2023-05-16 04:52:44.599000+00:00,User1,934091,11985,0,0.012,47741405,43791,0,0.01768888888888889,5746,0,0,0
2023-05-16 04:52:44.607000+00:00,User1,934091,11985,0,0.011,47746822,43796,0,0.017622222222222223,5747,0,0,0
2023-05-16 04:52:44.614000+00:00,User1,934091,11985,0,0.012,47746822,43796,0,0.017744444444444445,5747,0,0,0
2023-05-16 04:52:44.611000+00:00,User1,934091,11985,0,0.012,47744658,43794,2,0.01698888888888889,5695,10,0,1
2023-05-16 04:52:44.627000+00:00,User1,934091,11985,0,0.012,47747851,43797,0,0.018588888888888887,5747,0,0,0
2023-05-16 04:52:44.735000+00:00,User3,924871,11901,0,0.009,52879878,48321,0,0.019188888888888887,6168,0,0,0
2023-05-16 04:52:44.739000+00:00,User3,924871,11901,0,0.01,52879878,48321,0,0.019133333333333332,6167,0,0,0
2023-05-16 04:52:44.747000+00:00,User3,924871,11901,0,0.009,52880983,48322,0,0.018822222222222223,6168,0,0,0
2023-05-16 04:52:44.750000+00:00,User3,924871,11901,0,0.009,52879878,48321,0,0.0188,6168,0,0,0
2023-05-16 04:52:44.750000+00:00,User3,924938,11902,0,0.01,52882088,48323,0,0.01781111111111111,6168,0,0,0
2023-05-16 04:52:44.749000+00:00,User3,924938,11902,0,0.009,52882088,48323,0,0.017766666666666667,6168,0,0,0
2023-05-16 04:52:44.762000+00:00,User3,924938,11902,0,0.009,52888723,48329,0,0.018711111111111112,6169,0,0,0
2023-05-16 04:52:44.767000+00:00,User3,924938,11902,0,0.01,52888723,48329,0,0.018344444444444444,6168,0,0,0
2023-05-16 04:52:44.768000+00:00,User3,924938,11902,0,0.009,52888723,48329,0,0.018344444444444444,6168,0,0,0
2023-05-16 04:52:44.775000+00:00,User3,924938,11902,0,0.008,52889868,48330,0,0.01927777777777778,6169,0,0,0
2023-05-16 04:52:44.852000+00:00,User3,925320,11907,0,0.01,52907692,48346,0,0.018322222222222222,6171,0,0,0
2023-05-16 04:52:44.938000+00:00,User2,943818,12184,0,0.01,54278373,49689,0,0.016922222222222224,6451,0,0,0
2023-05-16 04:52:44.957000+00:00,User2,943899,12185,0,0.01,54279401,49690,0,0.01631111111111111,6451,0,0,0
2023-05-16 04:52:44.967000+00:00,User2,943899,12185,0,0.011,54283516,49694,0,0.01647777777777778,6452,0,0,0
2023-05-16 04:52:44.964000+00:00,User2,943899,12185,0,0.01,54283516,49694,0,0.016033333333333333,6452,0,0,0
2023-05-16 04:52:44.973000+00:00,User2,943899,12185,0,0.01,54287912,49698,0,0.017466666666666665,6452,0,0,0
2023-05-16 04:52:44.979000+00:00,User2,943974,12186,0,0.01,54291422,49701,0,0.01732222222222222,6452,0,0,0
2023-05-16 04:52:44.991000+00:00,User2,943974,12186,0,0.01,54294932,49704,0,0.017477777777777776,6452,0,0,0
2023-05-16 04:52:45+00:00,User2,944127,12188,0,0.01,54296102,49705,0,0.017622222222222223,6453,0,0,0
2023-05-16 04:52:45.003000+00:00,User3,925996,11915,0,0.011,52949421,48385,0,0.01861111111111111,6175,0,0,0
2023-05-16 04:52:45.024000+00:00,User2,944127,12188,0,0.01,54303069,49711,0,0.017866666666666666,6453,0,0,0
2023-05-16 04:52:45.028000+00:00,User1,935859,12007,0,0.011,47858081,43896,0,0.019466666666666667,5760,0,0,0
2023-05-16 04:52:45.068000+00:00,User2,944279,12190,0,0.01,54313024,49720,0,0.017666666666666667,6454,0,0,0
2023-05-16 04:52:45.115000+00:00,User2,944534,12193,0,0.009,54321833,49728,0,0.016777777777777777,6456,0,0,0
2023-05-16 04:52:45.116000+00:00,User2,944534,12193,0,0.011,54323903,49730,0,0.017133333333333334,6456,0,0,0
2023-05-16 04:52:47.531000+00:00,User1,945596,12131,0,0.013,48484060,44466,0,0.018588888888888887,5834,0,0,0
2023-05-16 04:52:47.548000+00:00,User1,945596,12131,0,0.014,48487426,44469,0,0.018166666666666668,5835,0,0,0
2023-05-16 04:52:47.553000+00:00,User1,945752,12133,0,0.013,48487426,44469,0,0.018855555555555556,5835,0,0,0
2023-05-16 04:52:47.584000+00:00,User1,945832,12134,0,0.013,48497899,44478,0,0.01838888888888889,5836,0,0,0
2023-05-16 04:52:47.590000+00:00,User1,945914,12135,0,0.012,48501355,44481,0,0.019,5836,0,0,0
2023-05-16 04:52:47.587000+00:00,User1,945914,12135,0,0.012,48501355,44481,0,0.01862222222222222,5836,0,0,0
2023-05-16 04:52:47.600000+00:00,User1,945914,12135,0,0.012,48501355,44481,0,0.01781111111111111,5836,0,0,0
2023-05-16 04:52:47.608000+00:00,User1,945980,12136,0,0.012,48501355,44481,0,0.018577777777777776,5837,0,0,0
2023-05-16 04:52:47.614000+00:00,User1,945980,12136,0,0.012,48502435,44482,0,0.018111111111111113,5837,0,0,0
2023-05-16 04:52:47.614000+00:00,User1,945980,12136,0,0.012,48500271,44480,2,0.01807777777777778,5785,10,0,1
2023-05-16 04:52:47.629000+00:00,User1,945980,12136,0,0.014,48504597,44484,0,0.018933333333333333,5837,0,0,0
2023-05-16 04:52:47.736000+00:00,User3,936533,12051,0,0.01,53657038,49032,0,0.018355555555555556,6258,0,0,0
2023-05-16 04:52:47.739000+00:00,User3,936533,12051,0,0.01,53657038,49032,0,0.01768888888888889,6258,0,0,0
2023-05-16 04:52:47.752000+00:00,User3,936533,12051,0,0.01,53658144,49033,0,0.017011111111111112,6258,0,0,0
2023-05-16 04:52:47.748000+00:00,User3,936533,12051,0,0.009,53660357,49035,0,0.018266666666666667,6258,0,0,0
2023-05-16 04:52:47.750000+00:00,User3,936533,12051,0,0.009,53660357,49035,0,0.018733333333333334,6258,0,0,0
2023-05-16 04:52:47.748000+00:00,User3,936533,12051,0,0.01,53660357,49035,0,0.0188,6258,0,0,0
2023-05-16 04:52:47.769000+00:00,User3,936533,12051,0,0.011,53663678,49038,0,0.019155555555555554,6258,0,0,0
2023-05-16 04:52:47.763000+00:00,User3,936625,12052,0,0.01,53665892,49040,0,0.018033333333333332,6258,0,0,0
2023-05-16 04:52:47.769000+00:00,User3,936625,12052,0,0.01,53665892,49040,0,0.018577777777777776,6258,0,0,0
2023-05-16 04:52:47.777000+00:00,User3,936801,12054,0,0.009,53665892,49040,0,0.0184,6259,0,0,0
2023-05-16 04:52:47.852000+00:00,User3,936968,12056,0,0.009,53688149,49060,0,0.01863333333333333,6261,0,0,0
2023-05-16 04:52:47.942000+00:00,User2,955048,12334,0,0.009,55029175,50379,0,0.017433333333333332,6541,0,0,0
2023-05-16 04:52:47.955000+00:00,User2,955129,12335,0,0.009,55038106,50387,0,0.01707777777777778,6541,0,0,0
2023-05-16 04:52:47.966000+00:00,User2,955129,12335,0,0.009,55038106,50387,0,0.017144444444444445,6542,0,0,0
2023-05-16 04:52:47.964000+00:00,User2,955129,12335,0,0.01,55038106,50387,0,0.017155555555555556,6542,0,0,0
2023-05-16 04:52:47.973000+00:00,User2,955217,12336,0,0.009,55039219,50388,0,0.01732222222222222,6542,0,0,0
2023-05-16 04:52:47.979000+00:00,User2,955217,12336,0,0.008,55042558,50391,0,0.017,6542,0,0,0
2023-05-16 04:52:48.002000+00:00,User2,955217,12336,0,0.009,55045897,50394,0,0.018211111111111112,6542,0,0,0
2023-05-16 04:52:48.002000+00:00,User2,955296,12337,0,0.008,55046976,50395,0,0.016855555555555554,6543,0,0,0
2023-05-16 04:52:48.005000+00:00,User3,937595,12064,0,0.011,53721357,49091,0,0.016422222222222223,6265,0,0,0
2023-05-16 04:52:48.024000+00:00,User2,955296,12337,0,0.008,55053451,50401,0,0.017511111111111113,6543,0,0,0
2023-05-16 04:52:48.028000+00:00,User1,947599,12156,0,0.014,48600691,44573,0,0.017377777777777777,5849,0,0,0
2023-05-16 04:52:48.067000+00:00,User2,955538,12340,0,0.009,55061350,50408,0,0.01801111111111111,6544,0,0,0
2023-05-16 04:52:48.113000+00:00,User2,955690,12342,0,0.009,55071899,50418,0,0.016833333333333332,6546,0,0,0
2023-05-16 04:52:48.116000+00:00,User2,955690,12342,0,0.009,55075154,50421,0,0.016933333333333335,6546,0,0,0
2023-05-16 04:52:50.531000+00:00,User1,957580,12282,0,0.011,48916615,44886,0,0.009488888888888889,5923,0,0,0
2023-05-16 04:52:50.542000+00:00,User1,957580,12282,0,0.01,48923923,44893,0,0.010888888888888889,5924,0,0,0
2023-05-16 04:52:50.552000+00:00,User1,957653,12283,0,0.011,48925964,44895,0,0.011911111111111112,5924,0,0,0
2023-05-16 04:52:50.587000+00:00,User1,957729,12284,0,0.01,48925964,44895,0,0.011322222222222221,5925,0,0,0
2023-05-16 04:52:50.585000+00:00,User1,957729,12284,0,0.01,48929282,44898,0,0.010344444444444444,5925,0,0,0
2023-05-16 04:52:50.591000+00:00,User1,957729,12284,0,0.009,48929282,44898,0,0.010511111111111112,5925,0,0,0
2023-05-16 04:52:50.606000+00:00,User1,957729,12284,0,0.01,48932602,44901,0,0.0108,5925,0,0,0
2023-05-16 04:52:50.607000+00:00,User1,957799,12285,0,0.01,48938137,44906,0,0.010511111111111112,5926,0,0,0
2023-05-16 04:52:50.614000+00:00,User1,957799,12285,0,0.01,48938137,44906,0,0.010233333333333334,5926,0,0,0
2023-05-16 04:52:50.612000+00:00,User1,957799,12285,0,0.01,48935973,44904,2,0.010011111111111111,5874,10,0,1
2023-05-16 04:52:50.628000+00:00,User1,957947,12287,0,0.011,48938137,44906,0,0.010511111111111112,5926,0,0,0
2023-05-16 04:52:50.736000+00:00,User3,948518,12200,0,0.009,54108190,49464,0,0.009355555555555556,6347,0,0,0
2023-05-16 04:52:50.739000+00:00,User3,948518,12200,0,0.009,54108190,49464,0,0.00951111111111111,6347,0,0,0
2023-05-16 04:52:50.750000+00:00,User3,948680,12202,0,0.009,54112261,49468,0,0.0091,6347,0,0,0
2023-05-16 04:52:50.748000+00:00,User3,948680,12202,0,0.009,54114297,49470,0,0.009122222222222223,6347,0,0,0
2023-05-16 04:52:50.749000+00:00,User3,948680,12202,0,0.009,54114297,49470,0,0.0096,6347,0,0,0
2023-05-16 04:52:50.748000+00:00,User3,948680,12202,0,0.009,54114297,49470,0,0.009111111111111111,6347,0,0,0
2023-05-16 04:52:50.768000+00:00,User3,948680,12202,0,0.009,54114297,49470,0,0.009844444444444444,6347,0,0,0
2023-05-16 04:52:50.772000+00:00,User3,948680,12202,0,0.009,54114297,49470,0,0.009844444444444444,6347,0,0,0
2023-05-16 04:52:50.762000+00:00,User3,948680,12202,0,0.009,54114297,49470,0,0.009255555555555555,6347,0,0,0
2023-05-16 04:52:50.776000+00:00,User3,948761,12203,0,0.009,54115289,49471,0,0.00931111111111111,6348,0,0,0
2023-05-16 04:52:50.853000+00:00,User3,949085,12207,0,0.01,54132668,49488,0,0.010122222222222222,6350,0,0,0
2023-05-16 04:52:50.939000+00:00,User2,966663,12484,0,0.01,55786952,51073,0,0.017344444444444444,6631,0,0,0
2023-05-16 04:52:50.955000+00:00,User2,966732,12485,0,0.01,55791102,51077,0,0.01681111111111111,6631,0,0,0
2023-05-16 04:52:50.967000+00:00,User2,966732,12485,0,0.011,55792176,51078,0,0.017777777777777778,6632,0,0,0
2023-05-16 04:52:50.964000+00:00,User2,966807,12486,0,0.011,55792176,51078,0,0.01658888888888889,6632,0,0,0
2023-05-16 04:52:50.975000+00:00,User2,966807,12486,0,0.01,55794325,51080,0,0.017277777777777777,6632,0,0,0
2023-05-16 04:52:50.979000+00:00,User2,966807,12486,0,0.01,55798625,51084,0,0.016877777777777776,6632,0,0,0
2023-05-16 04:52:51+00:00,User2,966807,12486,0,0.01,55799700,51085,0,0.01682222222222222,6633,0,0,0
2023-05-16 04:52:51+00:00,User2,966887,12487,0,0.009,55804276,51089,0,0.01668888888888889,6633,0,0,0
2023-05-16 04:52:51.005000+00:00,User3,949652,12214,0,0.01,54162572,49516,0,0.010333333333333333,6354,0,0,0
2023-05-16 04:52:51.024000+00:00,User2,966959,12488,0,0.01,55807709,51092,0,0.016855555555555554,6633,0,0,0
2023-05-16 04:52:51.027000+00:00,User1,959440,12306,0,0.01,49038667,44998,0,0.014777777777777779,5938,0,0,0
2023-05-16 04:52:51.065000+00:00,User2,967103,12490,0,0.01,55816069,51100,0,0.017,6635,0,0,0
2023-05-16 04:52:51.115000+00:00,User2,967286,12492,0,0.01,55829733,51113,0,0.016233333333333332,6636,0,0,0
2023-05-16 04:52:51.119000+00:00,User2,967286,12492,0,0.008,55829733,51113,0,0.015333333333333332,6636,0,0,0
2023-05-16 04:52:53.531000+00:00,User1,969266,12432,0,0.01,49712602,45612,0,0.02081111111111111,6013,0,0,0
2023-05-16 04:52:53.544000+00:00,User1,969266,12432,0,0.009,49712602,45612,0,0.02033333333333333,6014,0,0,0
2023-05-16 04:52:53.553000+00:00,User1,969340,12433,0,0.01,49713634,45613,0,0.01962222222222222,6014,0,0,0
2023-05-16 04:52:53.584000+00:00,User1,969340,12433,0,0.01,49720858,45620,0,0.019522222222222222,6015,0,0,0
2023-05-16 04:52:53.585000+00:00,User1,969410,12434,0,0.009,49725083,45624,0,0.01911111111111111,6015,0,0,0
2023-05-16 04:52:53.591000+00:00,User1,969410,12434,0,0.009,49725083,45624,0,0.019422222222222223,6016,0,0,0
2023-05-16 04:52:53.601000+00:00,User1,969410,12434,0,0.009,49725083,45624,0,0.02001111111111111,6016,0,0,0
2023-05-16 04:52:53.612000+00:00,User1,969567,12436,0,0.01,49730358,45629,2,0.019555555555555555,5964,10,0,1
2023-05-16 04:52:53.609000+00:00,User1,969567,12436,0,0.009,49730381,45629,0,0.02037777777777778,6016,0,0,0
2023-05-16 04:52:53.615000+00:00,User1,969567,12436,0,0.01,49732522,45631,0,0.019422222222222223,6016,0,0,0
2023-05-16 04:52:53.627000+00:00,User1,969567,12436,0,0.01,49737877,45636,0,0.020455555555555557,6016,0,0,0
2023-05-16 04:52:53.737000+00:00,User3,960502,12350,0,0.009,54898101,50185,0,0.01927777777777778,6437,0,0,0
2023-05-16 04:52:53.750000+00:00,User3,960502,12350,0,0.009,54899198,50186,0,0.01802222222222222,6437,0,0,0
2023-05-16 04:52:53.740000+00:00,User3,960502,12350,0,0.009,54898101,50185,0,0.01867777777777778,6437,0,0,0
2023-05-16 04:52:53.749000+00:00,User3,960668,12352,0,0.01,54901392,50188,0,0.01807777777777778,6437,0,0,0
2023-05-16 04:52:53.750000+00:00,User3,960668,12352,0,0.01,54901392,50188,0,0.01868888888888889,6437,0,0,0
2023-05-16 04:52:53.749000+00:00,User3,960668,12352,0,0.01,54901392,50188,0,0.018444444444444444,6437,0,0,0
2023-05-16 04:52:53.767000+00:00,User3,960668,12352,0,0.01,54905783,50192,0,0.0184,6437,0,0,0
2023-05-16 04:52:53.763000+00:00,User3,960668,12352,0,0.009,54905783,50192,0,0.017744444444444445,6438,0,0,0
2023-05-16 04:52:53.773000+00:00,User3,960668,12352,0,0.01,54905783,50192,0,0.017388888888888888,6437,0,0,0
2023-05-16 04:52:53.777000+00:00,User3,960753,12353,0,0.01,54911531,50197,0,0.017844444444444444,6438,0,0,0
2023-05-16 04:52:53.853000+00:00,User3,961063,12357,0,0.009,54919635,50205,0,0.017166666666666667,6440,0,0,0
2023-05-16 04:52:53.941000+00:00,User2,978314,12634,0,0.008,56470881,51707,0,0.0117,6721,0,0,0
2023-05-16 04:52:53.955000+00:00,User2,978380,12635,0,0.008,56470881,51707,0,0.011488888888888889,6721,0,0,0
2023-05-16 04:52:53.967000+00:00,User2,978380,12635,0,0.009,56473767,51710,0,0.010766666666666667,6722,0,0,0
2023-05-16 04:52:53.964000+00:00,User2,978380,12635,0,0.009,56473767,51710,0,0.010244444444444445,6722,0,0,0
2023-05-16 04:52:53.974000+00:00,User2,978446,12636,0,0.008,56473767,51710,0,0.010622222222222222,6722,0,0,0
2023-05-16 04:52:53.979000+00:00,User2,978446,12636,0,0.008,56473767,51710,0,0.010733333333333333,6722,0,0,0
2023-05-16 04:52:54+00:00,User2,978446,12636,0,0.007,56473767,51710,0,0.01071111111111111,6722,0,0,0
2023-05-16 04:52:54.001000+00:00,User2,978511,12637,0,0.008,56473767,51710,0,0.01078888888888889,6722,0,0,0
2023-05-16 04:52:54.005000+00:00,User3,961577,12364,0,0.008,54961814,50244,0,0.017933333333333332,6445,0,0,0
2023-05-16 04:52:54.024000+00:00,User2,978650,12639,0,0.008,56476757,51713,0,0.010088888888888889,6723,0,0,0
2023-05-16 04:52:54.028000+00:00,User1,971202,12457,0,0.009,49827919,45718,0,0.017877777777777777,6029,0,0,0
2023-05-16 04:52:54.066000+00:00,User2,978717,12640,0,0.01,56479725,51716,0,0.01018888888888889,6725,0,0,0
2023-05-16 04:52:54.119000+00:00,User2,979064,12644,0,0.008,56485586,51722,0,0.009644444444444445,6726,0,0,0
2023-05-16 04:52:54.118000+00:00,User2,978887,12642,0,0.009,56485586,51722,0,0.009555555555555555,6726,0,0,0
2023-05-16 04:52:56.530000+00:00,User1,981048,12582,0,0.009,50449223,46284,0,0.01732222222222222,6103,0,0,0
2023-05-16 04:52:56.546000+00:00,User1,981048,12582,0,0.011,50450376,46285,0,0.017722222222222223,6104,0,0,0
2023-05-16 04:52:56.555000+00:00,User1,981048,12582,0,0.01,50452684,46287,0,0.0179,6104,0,0,0
2023-05-16 04:52:56.585000+00:00,User1,981119,12583,0,0.01,50458454,46292,0,0.01697777777777778,6105,0,0,0
2023-05-16 04:52:56.588000+00:00,User1,981271,12585,0,0.01,50458454,46292,0,0.017877777777777777,6105,0,0,0
2023-05-16 04:52:56.591000+00:00,User1,981271,12585,0,0.01,50458454,46292,0,0.01742222222222222,6105,0,0,0
2023-05-16 04:52:56.602000+00:00,User1,981271,12585,0,0.011,50459570,46293,0,0.017455555555555554,6106,0,0,0
2023-05-16 04:52:56.608000+00:00,User1,981341,12586,0,0.01,50466267,46299,0,0.016944444444444446,6106,0,0,0
2023-05-16 04:52:56.612000+00:00,User1,981341,12586,0,0.01,50464103,46297,2,0.01691111111111111,6054,10,0,1
2023-05-16 04:52:56.614000+00:00,User1,981341,12586,0,0.01,50467384,46300,0,0.016455555555555557,6106,0,0,0
2023-05-16 04:52:56.631000+00:00,User1,981341,12586,0,0.01,50470564,46303,0,0.01841111111111111,6106,0,0,0
2023-05-16 04:52:56.739000+00:00,User3,972198,12501,0,0.008,55624085,50850,0,0.016166666666666666,6527,0,0,0
2023-05-16 04:52:56.740000+00:00,User3,972198,12501,0,0.009,55624085,50850,0,0.016233333333333332,6527,0,0,0
2023-05-16 04:52:56.752000+00:00,User3,972198,12501,0,0.01,55624085,50850,0,0.016677777777777777,6527,0,0,0
2023-05-16 04:52:56.748000+00:00,User3,972198,12501,0,0.009,55624085,50850,0,0.014933333333333333,6527,0,0,0
2023-05-16 04:52:56.751000+00:00,User3,972261,12502,0,0.008,55624085,50850,0,0.015733333333333332,6527,0,0,0
2023-05-16 04:52:56.751000+00:00,User3,972261,12502,0,0.008,55625121,50851,0,0.0158,6527,0,0,0
2023-05-16 04:52:56.770000+00:00,User3,972261,12502,0,0.01,55629267,50855,0,0.015288888888888888,6527,0,0,0
2023-05-16 04:52:56.769000+00:00,User3,972261,12502,0,0.01,55631341,50857,0,0.01598888888888889,6528,0,0,0
2023-05-16 04:52:56.762000+00:00,User3,972261,12502,0,0.008,55631341,50857,0,0.015333333333333332,6528,0,0,0
2023-05-16 04:52:56.778000+00:00,User3,972261,12502,0,0.008,55632378,50858,0,0.015344444444444445,6528,0,0,0
2023-05-16 04:52:56.853000+00:00,User3,972620,12507,0,0.008,55652771,50876,0,0.0155,6530,0,0,0
2023-05-16 04:52:56.938000+00:00,User2,990455,12784,0,0.009,56981008,52191,0,0.015822222222222224,6810,0,0,0
2023-05-16 04:52:56.956000+00:00,User2,990537,12785,0,0.009,56986467,52196,0,0.016033333333333333,6810,0,0,0
2023-05-16 04:52:56.964000+00:00,User2,990537,12785,0,0.008,56993019,52202,0,0.016288888888888887,6811,0,0,0
2023-05-16 04:52:56.976000+00:00,User2,990537,12785,0,0.009,56996112,52205,0,0.01758888888888889,6811,0,0,0
2023-05-16 04:52:56.980000+00:00,User2,990617,12786,0,0.009,56997144,52206,0,0.01792222222222222,6811,0,0,0
2023-05-16 04:52:56.983000+00:00,User2,990537,12785,0,0.008,56990835,52200,0,0.016044444444444445,6810,0,0,0
2023-05-16 04:52:57.004000+00:00,User2,990617,12786,0,0.01,56998176,52207,0,0.01818888888888889,6812,0,0,0
2023-05-16 04:52:57+00:00,User2,990756,12788,0,0.009,57001581,52210,0,0.01718888888888889,6812,0,0,0
2023-05-16 04:52:57.005000+00:00,User3,973219,12515,0,0.009,55694501,50915,0,0.01631111111111111,6535,0,0,0
2023-05-16 04:52:57.025000+00:00,User2,990756,12788,0,0.01,57004987,52213,0,0.017633333333333334,6812,0,0,0
2023-05-16 04:52:57.031000+00:00,User1,982924,12606,0,0.009,50571331,46394,0,0.01807777777777778,6119,0,0,0
2023-05-16 04:52:57.068000+00:00,User2,990915,12790,0,0.01,57018740,52225,0,0.01741111111111111,6813,0,0,0
2023-05-16 04:52:57.117000+00:00,User2,991163,12793,0,0.009,57031310,52237,0,0.016844444444444443,6815,0,0,0
2023-05-16 04:52:57.118000+00:00,User2,991163,12793,0,0.009,57031310,52237,0,0.016144444444444444,6815,0,0,0
2023-05-16 04:52:59.532000+00:00,User1,992386,12731,0,0.008,51205383,46976,0,0.017644444444444445,6193,0,0,0
2023-05-16 04:52:59.546000+00:00,User1,992386,12731,0,0.009,51206459,46977,0,0.018577777777777776,6194,0,0,0
2023-05-16 04:52:59.557000+00:00,User1,992632,12734,0,0.01,51208537,46979,0,0.017866666666666666,6194,0,0,0
2023-05-16 04:52:59.585000+00:00,User1,992632,12734,0,0.011,51218044,46988,0,0.0187,6195,0,0,0
2023-05-16 04:52:59.588000+00:00,User1,992632,12734,0,0.011,51221276,46991,0,0.018211111111111112,6195,0,0,0
2023-05-16 04:52:59.593000+00:00,User1,992632,12734,0,0.01,51221276,46991,0,0.018166666666666668,6195,0,0,0
2023-05-16 04:52:59.601000+00:00,User1,992632,12734,0,0.011,51221276,46991,0,0.01817777777777778,6195,0,0,0
2023-05-16 04:52:59.608000+00:00,User1,992801,12736,0,0.012,51221276,46991,0,0.018222222222222223,6196,0,0,0
2023-05-16 04:52:59.612000+00:00,User1,992801,12736,0,0.012,51219112,46989,2,0.017933333333333332,6144,10,0,1
2023-05-16 04:52:59.615000+00:00,User1,992801,12736,0,0.012,51221276,46991,0,0.018144444444444446,6196,0,0,0
2023-05-16 04:52:59.628000+00:00,User1,992801,12736,0,0.012,51224513,46994,0,0.018144444444444446,6196,0,0,0
2023-05-16 04:52:59.740000+00:00,User3,983312,12651,0,0.009,56376742,51541,0,0.01637777777777778,6617,0,0,0
2023-05-16 04:52:59.738000+00:00,User3,983312,12651,0,0.009,56376742,51541,0,0.016266666666666665,6617,0,0,0
2023-05-16 04:52:59.754000+00:00,User3,983312,12651,0,0.01,56376742,51541,0,0.0162,6617,0,0,0
2023-05-16 04:52:59.751000+00:00,User3,983312,12651,0,0.009,56381994,51546,0,0.015466666666666667,6617,0,0,0
2023-05-16 04:52:59.751000+00:00,User3,983312,12651,0,0.009,56378842,51543,0,0.01578888888888889,6617,0,0,0
2023-05-16 04:52:59.750000+00:00,User3,983312,12651,0,0.009,56381994,51546,0,0.0156,6617,0,0,0
2023-05-16 04:52:59.763000+00:00,User3,983395,12652,0,0.009,56384096,51548,0,0.015811111111111113,6618,0,0,0
2023-05-16 04:52:59.771000+00:00,User3,983312,12651,0,0.011,56384096,51548,0,0.016677777777777777,6617,0,0,0
2023-05-16 04:52:59.772000+00:00,User3,983395,12652,0,0.009,56384096,51548,0,0.016066666666666667,6617,0,0,0
2023-05-16 04:52:59.781000+00:00,User3,983555,12654,0,0.01,56387192,51551,0,0.015522222222222222,6618,0,0,0
2023-05-16 04:52:59.853000+00:00,User3,983685,12656,0,0.009,56404499,51567,0,0.01598888888888889,6620,0,0,0
2023-05-16 04:52:59.939000+00:00,User2,1002150,12934,0,0.009,57763535,52907,0,0.0157,6900,0,0,0
2023-05-16 04:53:02.969000+00:00,User2,1013760,13085,0,0.011,58511272,53588,0,0.016422222222222223,6991,0,0,0
2023-05-16 04:53:02.974000+00:00,User2,1013845,13086,0,0.009,58512353,53589,0,0.016944444444444446,6991,0,0,0
2023-05-16 04:53:02.980000+00:00,User2,1013845,13086,0,0.009,58514515,53591,0,0.0167,6991,0,0,0
2023-05-16 04:53:03.009000+00:00,User2,1013940,13087,0,0.012,58522178,53598,0,0.01841111111111111,6972,0,0,0
2023-05-16 04:53:03.008000+00:00,User3,995965,12815,0,0.018,57148332,52249,0,0.026977777777777778,6709,0,0,0
2023-05-16 04:53:03.009000+00:00,User2,1013940,13087,0,0.011,58519920,53596,0,0.016944444444444446,6989,0,0,0
2023-05-16 04:53:03.029000+00:00,User2,1014030,13088,0,0.011,58527827,53603,0,0.018666666666666668,6992,0,0,0
2023-05-16 04:53:03.035000+00:00,User1,1006222,12906,0,0.017,52069928,47773,0,0.018477777777777777,6299,0,0,0
2023-05-16 04:53:03.069000+00:00,User2,1014191,13090,0,0.014,58536458,53611,0,0.018111111111111113,6984,0,0,0
2023-05-16 04:53:03.119000+00:00,User2,1014419,13093,0,0.011,58552479,53626,0,0.016922222222222224,6995,0,0,0
2023-05-16 04:53:03.142000+00:00,User2,1014343,13092,0,0.01,58550265,53624,0,0.01601111111111111,6994,0,0,0
2023-05-16 04:53:05.532000+00:00,User1,1015800,13028,0,0.009,52609860,48267,0,0.016244444444444443,6362,0,0,0
2023-05-16 04:53:05.556000+00:00,User1,1015940,13030,0,0.01,52609860,48267,0,0.016577777777777778,6363,0,0,0
2023-05-16 04:53:05.558000+00:00,User1,1015940,13030,0,0.009,52612835,48270,0,0.016177777777777777,6363,0,0,0
2023-05-16 04:53:05.584000+00:00,User1,1016006,13031,0,0.009,52615695,48273,0,0.015911111111111112,6364,0,0,0
2023-05-16 04:53:05.588000+00:00,User1,1016078,13032,0,0.009,52615695,48273,0,0.016077777777777778,6364,0,0,0
2023-05-16 04:53:05.595000+00:00,User1,1016078,13032,0,0.009,52615695,48273,0,0.016433333333333335,6365,0,0,0
2023-05-16 04:53:05.608000+00:00,User1,1016078,13032,0,0.009,52615695,48273,0,0.01633333333333333,6365,0,0,0
2023-05-16 04:53:05.607000+00:00,User1,1016078,13032,0,0.009,52618431,48276,0,0.015477777777777778,6365,0,0,0
2023-05-16 04:53:05.614000+00:00,User1,1016078,13032,0,0.009,52618431,48276,0,0.01578888888888889,6365,0,0,0
2023-05-16 04:53:05.618000+00:00,User1,1016078,13032,0,0.009,52616267,48274,2,0.015733333333333332,6313,10,0,1
2023-05-16 04:53:05.633000+00:00,User1,1016148,13033,0,0.01,52618431,48276,0,0.01721111111111111,6365,0,0,0
2023-05-16 04:53:05.738000+00:00,User3,1006661,12951,0,0.012,57835893,52879,0,0.014455555555555555,6791,0,0,0
2023-05-16 04:53:05.742000+00:00,User3,1006661,12951,0,0.014,57835893,52879,0,0.015322222222222221,6791,0,0,0
2023-05-16 04:53:05.754000+00:00,User3,1006661,12951,0,0.012,57835893,52879,0,0.014555555555555556,6791,0,0,0
2023-05-16 04:53:05.751000+00:00,User3,1006661,12951,0,0.013,57835893,52879,0,0.014922222222222222,6791,0,0,0
2023-05-16 04:53:05.753000+00:00,User3,1006661,12951,0,0.012,57835893,52879,0,0.014544444444444445,6791,0,0,0
2023-05-16 04:53:05.751000+00:00,User3,1006661,12951,0,0.013,57835893,52879,0,0.014522222222222223,6791,0,0,0
2023-05-16 04:53:05.764000+00:00,User3,1006799,12953,0,0.013,57835893,52879,0,0.015133333333333334,6792,0,0,0
2023-05-16 04:53:05.772000+00:00,User3,1006799,12953,0,0.013,57835893,52879,0,0.014855555555555556,6792,0,0,0
2023-05-16 04:53:05.781000+00:00,User3,1006799,12953,0,0.012,57835893,52879,0,0.015055555555555556,6792,0,0,0
2023-05-16 04:53:05.777000+00:00,User3,1006799,12953,0,0.013,57838628,52882,0,0.013622222222222223,6792,0,0,0
2023-05-16 04:53:05.854000+00:00,User3,1007083,12957,0,0.012,57844591,52888,0,0.0135,6794,0,0,0
2023-05-16 04:53:05.940000+00:00,User2,1024982,13234,0,0.009,59256349,54269,0,0.016411111111111112,7080,0,0,0
2023-05-16 04:53:05.956000+00:00,User2,1025044,13235,0,0.01,59263171,54275,0,0.017044444444444445,7081,0,0,0
2023-05-16 04:53:05.971000+00:00,User2,1025114,13236,0,0.009,59264304,54276,0,0.017444444444444443,7081,0,0,0
2023-05-16 04:53:05.966000+00:00,User2,1025114,13236,0,0.009,59264304,54276,0,0.016622222222222222,7081,0,0,0
2023-05-16 04:53:05.974000+00:00,User2,1025114,13236,0,0.009,59266572,54278,0,0.017355555555555555,7081,0,0,0
2023-05-16 04:53:05.981000+00:00,User2,1025114,13236,0,0.01,59269974,54281,0,0.017444444444444443,7081,0,0,0
2023-05-16 04:53:06.006000+00:00,User2,1025176,13237,0,0.009,59272132,54283,0,0.017455555555555554,7082,0,0,0
2023-05-16 04:53:06.004000+00:00,User2,1025176,13237,0,0.008,59277253,54288,0,0.017144444444444445,7082,0,0,0
2023-05-16 04:53:06.008000+00:00,User3,1007570,12964,0,0.013,57858512,52902,0,0.011411111111111111,6799,0,0,0
2023-05-16 04:53:06.028000+00:00,User2,1025329,13239,0,0.01,59278278,54289,0,0.017344444444444444,7083,0,0,0
2023-05-16 04:53:06.032000+00:00,User1,1017787,13053,0,0.009,52661407,48321,0,0.0112,6378,0,0,0
2023-05-16 04:53:06.087000+00:00,User2,1025413,13240,0,0.009,59288707,54298,0,0.016433333333333335,7084,0,0,0
2023-05-16 04:53:06.120000+00:00,User2,1025740,13244,0,0.01,59304842,54313,0,0.0163,7085,0,0,0
2023-05-16 04:53:06.120000+00:00,User2,1025740,13244,0,0.009,59304842,54313,0,0.017266666666666666,7085,0,0,0
2023-05-16 04:53:08.532000+00:00,User1,1027746,13178,0,0.01,53120389,48750,0,0.021377777777777777,6451,0,0,0
2023-05-16 04:53:08.554000+00:00,User1,1027900,13180,0,0.011,53125784,48755,0,0.02128888888888889,6452,0,0,0
2023-05-16 04:53:08.556000+00:00,User1,1027900,13180,0,0.009,53131365,48760,0,0.0209,6452,0,0,0
2023-05-16 04:53:08.585000+00:00,User1,1027988,13181,0,0.01,53131365,48760,0,0.021533333333333335,6453,0,0,0
2023-05-16 04:53:08.589000+00:00,User1,1028052,13182,0,0.01,53132459,48761,0,0.01972222222222222,6453,0,0,0
2023-05-16 04:53:08.594000+00:00,User1,1028052,13182,0,0.011,53132459,48761,0,0.020144444444444444,6453,0,0,0
2023-05-16 04:53:08.608000+00:00,User1,1028052,13182,0,0.01,53134647,48763,0,0.0199,6453,0,0,0
2023-05-16 04:53:08.607000+00:00,User1,1028052,13182,0,0.01,53141214,48769,0,0.020511111111111112,6454,0,0,0
2023-05-16 04:53:08.615000+00:00,User1,1028052,13182,0,0.011,53144499,48772,0,0.020155555555555555,6454,0,0,0
2023-05-16 04:53:08.616000+00:00,User1,1028052,13182,0,0.01,53142335,48770,2,0.02033333333333333,6402,10,0,1
2023-05-16 04:53:08.647000+00:00,User1,1028127,13183,0,0.012,53145594,48773,0,0.021333333333333333,6454,0,0,0
2023-05-16 04:53:08.737000+00:00,User3,1018832,13100,0,0.011,58314406,53334,0,0.016633333333333333,6880,0,0,0
2023-05-16 04:53:08.742000+00:00,User3,1018994,13102,0,0.01,58314406,53334,0,0.016466666666666668,6880,0,0,0
2023-05-16 04:53:08.749000+00:00,User3,1018994,13102,0,0.01,58315547,53335,0,0.01531111111111111,6880,0,0,0
2023-05-16 04:53:08.755000+00:00,User3,1018994,13102,0,0.01,58314406,53334,0,0.01681111111111111,6880,0,0,0
2023-05-16 04:53:08.748000+00:00,User3,1018994,13102,0,0.01,58315547,53335,0,0.015655555555555555,6880,0,0,0
2023-05-16 04:53:08.752000+00:00,User3,1018994,13102,0,0.011,58317829,53337,0,0.014822222222222223,6880,0,0,0
2023-05-16 04:53:08.771000+00:00,User3,1018994,13102,0,0.009,58322397,53341,0,0.015022222222222222,6881,0,0,0
2023-05-16 04:53:08.764000+00:00,User3,1018994,13102,0,0.01,58322397,53341,0,0.015566666666666666,6880,0,0,0
2023-05-16 04:53:08.778000+00:00,User3,1019075,13103,0,0.01,58323461,53342,0,0.015444444444444445,6881,0,0,0
2023-05-16 04:53:08.795000+00:00,User3,1019156,13104,0,0.014,58326656,53345,0,0.018222222222222223,6881,0,0,0
2023-05-16 04:53:08.855000+00:00,User3,1019399,13107,0,0.01,58350085,53366,0,0.016622222222222222,6883,0,0,0
2023-05-16 04:53:08.942000+00:00,User2,1036623,13384,0,0.011,60011344,54955,0,0.017766666666666667,7170,0,0,0
2023-05-16 04:53:08.962000+00:00,User2,1036623,13384,0,0.012,60017714,54961,0,0.01718888888888889,7171,0,0,0
2023-05-16 04:53:08.971000+00:00,User2,1036710,13385,0,0.011,60017714,54961,0,0.016922222222222224,7171,0,0,0
2023-05-16 04:53:08.969000+00:00,User2,1036710,13385,0,0.012,60017714,54961,0,0.017544444444444446,7171,0,0,0
2023-05-16 04:53:08.976000+00:00,User2,1036710,13385,0,0.012,60017714,54961,0,0.017433333333333332,7171,0,0,0
2023-05-16 04:53:08.981000+00:00,User2,1036868,13387,0,0.011,60017714,54961,0,0.01668888888888889,7171,0,0,0
2023-05-16 04:53:09.007000+00:00,User2,1036868,13387,0,0.012,60025365,54968,0,0.01802222222222222,7171,0,0,0
2023-05-16 04:53:09.005000+00:00,User2,1036868,13387,0,0.011,60028624,54971,0,0.016577777777777778,7172,0,0,0
2023-05-16 04:53:09.008000+00:00,User3,1020011,13114,0,0.01,58388994,53402,0,0.01698888888888889,6888,0,0,0
2023-05-16 04:53:09.030000+00:00,User2,1036932,13388,0,0.011,60035056,54977,0,0.016922222222222224,7172,0,0,0
2023-05-16 04:53:09.035000+00:00,User1,1029745,13203,0,0.01,53258080,48876,0,0.021388888888888888,6467,0,0,0
2023-05-16 04:53:09.075000+00:00,User2,1037076,13390,0,0.011,60044073,54985,0,0.017988888888888888,7174,0,0,0
2023-05-16 04:53:09.122000+00:00,User2,1037340,13393,0,0.011,60059953,54999,0,0.01658888888888889,7175,0,0,0
2023-05-16 04:53:09.124000+00:00,User2,1037340,13393,0,0.011,60057651,54997,0,0.01711111111111111,7175,0,0,0
2023-05-16 04:53:11.531000+00:00,User1,1039546,13328,0,0.01,53909200,49472,0,0.017044444444444445,6542,0,0,0
2023-05-16 04:53:11.552000+00:00,User1,1039619,13329,0,0.009,53912647,49475,0,0.017433333333333332,6542,0,0,0
2023-05-16 04:53:11.557000+00:00,User1,1039619,13329,0,0.01,53917243,49479,0,0.017566666666666668,6543,0,0,0
2023-05-16 04:53:11.585000+00:00,User1,1039715,13330,0,0.009,53918393,49480,0,0.017333333333333333,6543,0,0,0
2023-05-16 04:53:11.593000+00:00,User1,1039883,13332,0,0.009,53923979,49485,0,0.017377777777777777,6543,0,0,0
2023-05-16 04:53:41.597000+00:00,User1,1156942,14831,0,0.01,60822090,55838,0,0.013322222222222221,7442,0,0,0
2023-05-16 04:53:41.611000+00:00,User1,1157104,14833,0,0.012,60822090,55838,0,0.0132,7442,0,0,0
2023-05-16 04:53:41.610000+00:00,User1,1157104,14833,0,0.012,60822090,55838,0,0.013077777777777778,7442,0,0,0
2023-05-16 04:53:41.615000+00:00,User1,1157104,14833,0,0.012,60821003,55837,2,0.012211111111111112,7391,10,0,1
2023-05-16 04:53:41.617000+00:00,User1,1157104,14833,0,0.013,60823167,55839,0,0.012455555555555555,7442,0,0,0
2023-05-16 04:53:41.658000+00:00,User1,1157192,14834,0,0.012,60830708,55846,0,0.01151111111111111,7443,0,0,0
2023-05-16 04:53:41.737000+00:00,User3,1147446,14751,0,0.009,66004888,60409,0,0.009622222222222223,7865,0,0,0
2023-05-16 04:53:41.750000+00:00,User3,1147446,14751,0,0.01,66009219,60413,0,0.009755555555555556,7865,0,0,0
2023-05-16 04:53:41.753000+00:00,User3,1147527,14752,0,0.009,66010302,60414,0,0.009644444444444445,7865,0,0,0
2023-05-16 04:53:41.760000+00:00,User3,1147527,14752,0,0.01,66010302,60414,0,0.009777777777777778,7865,0,0,0
2023-05-16 04:53:41.754000+00:00,User3,1147527,14752,0,0.01,66010302,60414,0,0.0096,7865,0,0,0
2023-05-16 04:53:41.752000+00:00,User3,1147527,14752,0,0.01,66010302,60414,0,0.010333333333333333,7865,0,0,0
2023-05-16 04:53:41.766000+00:00,User3,1147527,14752,0,0.009,66010302,60414,0,0.00938888888888889,7866,0,0,0
2023-05-16 04:53:41.775000+00:00,User3,1147527,14752,0,0.01,66010302,60414,0,0.009455555555555556,7865,0,0,0
2023-05-16 04:53:41.779000+00:00,User3,1147608,14753,0,0.01,66011426,60415,0,0.009211111111111111,7866,0,0,0
2023-05-16 04:53:41.802000+00:00,User3,1147608,14753,0,0.01,66013674,60417,0,0.008977777777777777,7866,0,0,0
2023-05-16 04:53:41.858000+00:00,User3,1147932,14757,0,0.009,66028128,60431,0,0.010077777777777778,7868,0,0,0
2023-05-16 04:53:41.942000+00:00,User2,1164590,15034,0,0.009,67707856,62036,0,0.017666666666666667,8158,0,0,0
2023-05-16 04:53:41.963000+00:00,User2,1164732,15036,0,0.009,67715877,62043,0,0.017511111111111113,8159,0,0,0
2023-05-16 04:53:41.972000+00:00,User2,1164732,15036,0,0.009,67717023,62044,0,0.0176,8159,0,0,0
2023-05-16 04:53:41.970000+00:00,User2,1164732,15036,0,0.009,67717023,62044,0,0.017133333333333334,8159,0,0,0
2023-05-16 04:53:41.975000+00:00,User2,1164732,15036,0,0.009,67718113,62045,0,0.017655555555555556,8159,0,0,0
2023-05-16 04:53:41.981000+00:00,User2,1164732,15036,0,0.009,67722473,62049,0,0.018,8159,0,0,0
2023-05-16 04:53:42.006000+00:00,User2,1164881,15038,0,0.008,67724613,62051,0,0.017155555555555556,8160,0,0,0
2023-05-16 04:53:42.014000+00:00,User3,1148580,14765,0,0.01,66062833,60463,0,0.012155555555555555,7873,0,0,0
2023-05-16 04:53:42.023000+00:00,User2,1164811,15037,0,0.011,67723563,62050,0,0.019155555555555554,8160,0,0,0
2023-05-16 04:53:42.032000+00:00,User2,1164881,15038,0,0.008,67729864,62056,0,0.01828888888888889,8161,0,0,0
2023-05-16 04:53:42.045000+00:00,User1,1158805,14854,0,0.011,60930944,55937,0,0.014566666666666667,7455,0,0,0
2023-05-16 04:53:42.079000+00:00,User2,1165116,15041,0,0.009,67739584,62065,0,0.01806666666666667,8162,0,0,0
2023-05-16 04:53:42.121000+00:00,User2,1165302,15043,0,0.008,67756205,62081,0,0.0172,8164,0,0,0
2023-05-16 04:53:42.127000+00:00,User2,1165302,15043,0,0.008,67756205,62081,0,0.01697777777777778,8164,0,0,0
2023-05-16 04:53:44.538000+00:00,User1,1168500,14979,0,0.013,61603474,56551,0,0.020533333333333334,7530,0,0,0
2023-05-16 04:53:44.553000+00:00,User1,1168500,14979,0,0.013,61610668,56558,0,0.02001111111111111,7531,0,0,0
2023-05-16 04:53:44.559000+00:00,User1,1168500,14979,0,0.013,61610668,56558,0,0.020566666666666667,7531,0,0,0
2023-05-16 04:53:44.588000+00:00,User1,1168634,14981,0,0.015,61613845,56561,0,0.018477777777777777,7532,0,0,0
2023-05-16 04:53:44.593000+00:00,User1,1168634,14981,0,0.015,61617024,56564,0,0.0195,7532,0,0,0
2023-05-16 04:53:44.597000+00:00,User1,1168634,14981,0,0.015,61617024,56564,0,0.019177777777777776,7532,0,0,0
2023-05-16 04:53:44.612000+00:00,User1,1168708,14982,0,0.014,61619144,56566,0,0.019477777777777778,7532,0,0,0
2023-05-16 04:53:44.610000+00:00,User1,1168708,14982,0,0.015,61619144,56566,0,0.019066666666666666,7532,0,0,0
2023-05-16 04:53:44.616000+00:00,User1,1168786,14983,0,0.014,61616980,56564,2,0.018922222222222222,7480,10,0,1
2023-05-16 04:53:44.619000+00:00,User1,1168786,14983,0,0.014,61619144,56566,0,0.01937777777777778,7533,0,0,0
2023-05-16 04:53:44.661000+00:00,User1,1168786,14983,0,0.014,61626662,56573,0,0.018266666666666667,7533,0,0,0
2023-05-16 04:53:44.737000+00:00,User3,1159436,14901,0,0.009,66797240,61135,0,0.019844444444444446,7955,0,0,0
2023-05-16 04:53:44.745000+00:00,User3,1159517,14902,0,0.009,66799476,61137,0,0.019688888888888888,7955,0,0,0
2023-05-16 04:53:44.753000+00:00,User3,1159517,14902,0,0.009,66801712,61139,0,0.019955555555555556,7955,0,0,0
2023-05-16 04:53:44.760000+00:00,User3,1159517,14902,0,0.009,66801712,61139,0,0.02,7955,0,0,0
2023-05-16 04:53:44.754000+00:00,User3,1159517,14902,0,0.01,66801712,61139,0,0.019155555555555554,7955,0,0,0
2023-05-16 04:53:44.756000+00:00,User3,1159517,14902,0,0.009,66801712,61139,0,0.019444444444444445,7955,0,0,0
2023-05-16 04:53:44.773000+00:00,User3,1159517,14902,0,0.007,66801712,61139,0,0.019188888888888887,7956,0,0,0
2023-05-16 04:53:44.767000+00:00,User3,1159517,14902,0,0.008,66801712,61139,0,0.019266666666666668,7956,0,0,0
2023-05-16 04:53:44.780000+00:00,User3,1159599,14903,0,0.01,66802709,61140,0,0.01898888888888889,7956,0,0,0
2023-05-16 04:53:44.798000+00:00,User3,1159599,14903,0,0.009,66805700,61143,0,0.018755555555555557,7956,0,0,0
2023-05-16 04:53:44.856000+00:00,User3,1159896,14907,0,0.009,66822857,61159,0,0.019055555555555555,7958,0,0,0
2023-05-16 04:53:44.942000+00:00,User2,1176242,15184,0,0.01,68394424,62668,0,0.011644444444444445,8248,0,0,0
2023-05-16 04:53:44.963000+00:00,User2,1176373,15186,0,0.01,68394424,62668,0,0.011711111111111111,8249,0,0,0
2023-05-16 04:53:44.972000+00:00,User2,1176373,15186,0,0.009,68397526,62671,0,0.011288888888888888,8249,0,0,0
2023-05-16 04:53:44.977000+00:00,User2,1176373,15186,0,0.009,68397526,62671,0,0.010855555555555556,8249,0,0,0
2023-05-16 04:53:44.973000+00:00,User2,1176373,15186,0,0.01,68397526,62671,0,0.010655555555555555,8249,0,0,0
2023-05-16 04:53:44.981000+00:00,User2,1176373,15186,0,0.009,68397526,62671,0,0.011322222222222221,8250,0,0,0
2023-05-16 04:53:45.013000+00:00,User2,1176440,15187,0,0.011,68400524,62674,0,0.011144444444444445,8250,0,0,0
2023-05-16 04:53:45.008000+00:00,User2,1176440,15187,0,0.01,68400524,62674,0,0.011188888888888889,8250,0,0,0
2023-05-16 04:53:45.010000+00:00,User3,1160480,14915,0,0.009,66857969,61192,0,0.017977777777777777,7963,0,0,0
2023-05-16 04:53:45.031000+00:00,User2,1176571,15189,0,0.01,68400524,62674,0,0.01101111111111111,8251,0,0,0
2023-05-16 04:53:45.038000+00:00,User1,1170404,15004,0,0.013,61726231,56665,0,0.018944444444444444,7545,0,0,0
2023-05-16 04:53:45.078000+00:00,User2,1176719,15191,0,0.009,68407902,62681,0,0.011433333333333334,8252,0,0,0
2023-05-16 04:53:45.125000+00:00,User2,1176983,15194,0,0.01,68410746,62684,0,0.01018888888888889,8254,0,0,0
2023-05-16 04:53:45.128000+00:00,User2,1176983,15194,0,0.011,68410746,62684,0,0.010177777777777779,8254,0,0,0
2023-05-16 04:53:47.539000+00:00,User1,1179970,15128,0,0.012,62337984,57224,0,0.017555555555555557,7620,0,0,0
2023-05-16 04:53:47.552000+00:00,User1,1180049,15129,0,0.011,62346106,57231,0,0.017877777777777777,7621,0,0,0
2023-05-16 04:53:47.557000+00:00,User1,1180049,15129,0,0.011,62346106,57231,0,0.017566666666666668,7621,0,0,0
2023-05-16 04:53:47.589000+00:00,User1,1180193,15131,0,0.012,62348318,57233,0,0.017644444444444445,7622,0,0,0
2023-05-16 04:53:47.591000+00:00,User1,1180263,15132,0,0.011,62350530,57235,0,0.017366666666666666,7622,0,0,0
2023-05-16 04:53:47.597000+00:00,User1,1180263,15132,0,0.011,62350530,57235,0,0.017155555555555556,7622,0,0,0
2023-05-16 04:53:47.613000+00:00,User1,1180263,15132,0,0.011,62354955,57239,0,0.017511111111111113,7622,0,0,0
2023-05-16 04:53:47.612000+00:00,User1,1180338,15133,0,0.01,62354955,57239,0,0.017544444444444446,7623,0,0,0
2023-05-16 04:53:47.617000+00:00,User1,1180338,15133,0,0.01,62354955,57239,0,0.01742222222222222,7623,0,0,0
2023-05-16 04:53:47.619000+00:00,User1,1180338,15133,0,0.009,62352791,57237,2,0.01817777777777778,7571,10,0,1
2023-05-16 04:53:47.671000+00:00,User1,1180416,15134,0,0.014,62364163,57247,0,0.01818888888888889,7624,0,0,0
2023-05-16 04:53:47.737000+00:00,User3,1171063,15051,0,0.01,67525839,61801,0,0.01638888888888889,8045,0,0,0
2023-05-16 04:53:47.746000+00:00,User3,1171127,15052,0,0.01,67530035,61805,0,0.016366666666666668,8045,0,0,0
2023-05-16 04:53:47.753000+00:00,User3,1171127,15052,0,0.009,67533182,61808,0,0.015966666666666667,8045,0,0,0
2023-05-16 04:53:47.759000+00:00,User3,1171127,15052,0,0.009,67533182,61808,0,0.01572222222222222,8045,0,0,0
2023-05-16 04:53:47.753000+00:00,User3,1171127,15052,0,0.009,67533182,61808,0,0.015755555555555554,8045,0,0,0
2023-05-16 04:53:47.759000+00:00,User3,1171127,15052,0,0.01,67533182,61808,0,0.016433333333333335,8045,0,0,0
2023-05-16 04:53:47.775000+00:00,User3,1171127,15052,0,0.009,67534231,61809,0,0.015911111111111112,8046,0,0,0
2023-05-16 04:53:47.771000+00:00,User3,1171127,15052,0,0.009,67534231,61809,0,0.016444444444444446,8046,0,0,0
2023-05-16 04:53:47.779000+00:00,User3,1171198,15053,0,0.011,67534231,61809,0,0.016355555555555557,8046,0,0,0
2023-05-16 04:53:47.801000+00:00,User3,1171198,15053,0,0.01,67535259,61810,0,0.017755555555555556,8047,0,0,0
2023-05-16 04:53:47.859000+00:00,User3,1171487,15057,0,0.011,67555306,61828,0,0.016155555555555555,8048,0,0,0
2023-05-16 04:53:47.943000+00:00,User2,1188374,15334,0,0.01,68901551,63153,0,0.01707777777777778,8338,0,0,0
2023-05-16 04:53:47.963000+00:00,User2,1188456,15335,0,0.009,68905927,63157,0,0.015655555555555555,8338,0,0,0
2023-05-16 04:53:47.973000+00:00,User2,1188456,15335,0,0.01,68914681,63165,0,0.01571111111111111,8338,0,0,0
2023-05-16 04:53:47.972000+00:00,User2,1188456,15335,0,0.009,68914681,63165,0,0.015955555555555556,8338,0,0,0
2023-05-16 04:53:47.978000+00:00,User2,1188456,15335,0,0.01,68914681,63165,0,0.015344444444444445,8338,0,0,0
2023-05-16 04:53:47.985000+00:00,User2,1188599,15337,0,0.009,68916813,63167,0,0.01698888888888889,8338,0,0,0
2023-05-16 04:53:48.010000+00:00,User3,1172091,15065,0,0.011,67597011,61865,0,0.016777777777777777,8053,0,0,0
2023-05-16 04:53:48.012000+00:00,User2,1188599,15337,0,0.01,68921976,63172,0,0.016888888888888887,8338,0,0,0
2023-05-16 04:53:48.011000+00:00,User2,1188599,15337,0,0.009,68923998,63174,0,0.016955555555555557,8339,0,0,0
2023-05-16 04:53:48.034000+00:00,User2,1188668,15338,0,0.009,68928042,63178,0,0.017011111111111112,8340,0,0,0
2023-05-16 04:53:48.039000+00:00,User1,1181905,15153,0,0.01,62463991,57338,0,0.0175,7636,0,0,0
2023-05-16 04:53:48.079000+00:00,User2,1188824,15340,0,0.009,68941013,63190,0,0.0169,8341,0,0,0
2023-05-16 04:53:48.124000+00:00,User2,1189078,15343,0,0.009,68954618,63203,0,0.01728888888888889,8343,0,0,0
2023-05-16 04:53:48.127000+00:00,User2,1189078,15343,0,0.009,68954618,63203,0,0.018244444444444445,8343,0,0,0
2023-05-16 04:53:50.542000+00:00,User1,1191131,15278,0,0.01,63092658,57911,0,0.017744444444444445,7710,0,0,0
2023-05-16 04:53:50.553000+00:00,User1,1191282,15280,0,0.011,63092658,57911,0,0.0177,7711,0,0,0
2023-05-16 04:53:50.557000+00:00,User1,1191282,15280,0,0.012,63095814,57914,0,0.01718888888888889,7711,0,0,0
2023-05-16 04:53:50.588000+00:00,User1,1191374,15281,0,0.011,63103260,57921,0,0.01817777777777778,7712,0,0,0
2023-05-16 04:53:50.591000+00:00,User1,1191462,15282,0,0.011,63104338,57922,0,0.017444444444444443,7712,0,0,0
2023-05-16 04:53:50.598000+00:00,User1,1191462,15282,0,0.011,63104338,57922,0,0.018566666666666665,7712,0,0,0
2023-05-16 04:53:50.611000+00:00,User1,1191462,15282,0,0.012,63107573,57925,0,0.017777777777777778,7713,0,0,0
2023-05-16 04:53:50.616000+00:00,User1,1191462,15282,0,0.011,63110830,57928,0,0.017766666666666667,7713,0,0,0
2023-05-16 04:53:50.615000+00:00,User1,1191462,15282,0,0.011,63107573,57925,0,0.017933333333333332,7713,0,0,0
2023-05-16 04:53:50.616000+00:00,User1,1191462,15282,0,0.011,63108666,57926,2,0.017544444444444446,7661,10,0,1
2023-05-16 04:53:50.657000+00:00,User1,1191703,15285,0,0.01,63115174,57932,0,0.019177777777777776,7713,0,0,0
2023-05-16 04:53:50.737000+00:00,User3,1182204,15201,0,0.012,68282429,62486,0,0.01681111111111111,8135,0,0,0
2023-05-16 04:53:50.746000+00:00,User3,1182204,15201,0,0.011,68283524,62487,0,0.0167,8135,0,0,0
2023-05-16 04:53:50.753000+00:00,User3,1182204,15201,0,0.012,68285714,62489,0,0.016644444444444444,8135,0,0,0
2023-05-16 04:53:50.754000+00:00,User3,1182288,15202,0,0.011,68288999,62492,0,0.016266666666666665,8135,0,0,0
2023-05-16 04:53:50.759000+00:00,User3,1182204,15201,0,0.011,68285714,62489,0,0.016155555555555555,8135,0,0,0
2023-05-16 04:53:50.760000+00:00,User3,1182288,15202,0,0.012,68288999,62492,0,0.0168,8135,0,0,0
2023-05-16 04:53:50.773000+00:00,User3,1182288,15202,0,0.012,68294535,62497,0,0.01757777777777778,8136,0,0,0
2023-05-16 04:53:50.769000+00:00,User3,1182288,15202,0,0.011,68296841,62499,0,0.017266666666666666,8136,0,0,0
2023-05-16 04:53:50.779000+00:00,User3,1182452,15204,0,0.011,68301457,62503,0,0.017933333333333332,8136,0,0,0
2023-05-16 04:53:50.801000+00:00,User3,1182452,15204,0,0.012,68301457,62503,0,0.01817777777777778,8136,0,0,0
2023-05-16 04:53:50.858000+00:00,User3,1182663,15207,0,0.01,68314399,62515,0,0.01671111111111111,8138,0,0,0
2023-05-16 04:53:50.943000+00:00,User2,1200165,15485,0,0.009,69689909,63876,0,0.016788888888888888,8427,0,0,0
2023-05-16 04:53:50.965000+00:00,User2,1200165,15485,0,0.009,69692996,63879,0,0.01671111111111111,8428,0,0,0
2023-05-16 04:53:50.976000+00:00,User2,1200253,15486,0,0.008,69694119,63880,0,0.016933333333333335,8428,0,0,0
2023-05-16 04:53:50.973000+00:00,User2,1200253,15486,0,0.008,69694119,63880,0,0.015955555555555556,8428,0,0,0
2023-05-16 04:53:50.976000+00:00,User2,1200253,15486,0,0.008,69694119,63880,0,0.01697777777777778,8428,0,0,0
2023-05-16 04:53:50.982000+00:00,User2,1200253,15486,0,0.009,69699734,63885,0,0.01647777777777778,8429,0,0,0
2023-05-16 04:53:51.013000+00:00,User2,1200346,15487,0,0.008,69705289,63890,0,0.01742222222222222,8429,0,0,0
2023-05-16 04:53:51.011000+00:00,User3,1183342,15215,0,0.009,68348832,62547,0,0.016166666666666666,8143,0,0,0
2023-05-16 04:53:51.011000+00:00,User2,1200346,15487,0,0.009,69705289,63890,0,0.016888888888888887,8429,0,0,0
2023-05-16 04:53:51.038000+00:00,User2,1200423,15488,0,0.008,69710804,63895,0,0.017033333333333334,8430,0,0,0
2023-05-16 04:53:51.038000+00:00,User1,1193194,15303,0,0.011,63212807,58023,0,0.016744444444444444,7725,0,0,0
2023-05-16 04:53:51.087000+00:00,User2,1200637,15491,0,0.008,69718905,63902,0,0.016733333333333333,8431,0,0,0
2023-05-16 04:53:51.124000+00:00,User2,1200778,15493,0,0.009,69735046,63916,0,0.017377777777777777,8433,0,0,0
2023-05-16 04:53:51.130000+00:00,User2,1200778,15493,0,0.009,69735046,63916,0,0.01741111111111111,8433,0,0,0
2023-05-16 04:53:53.543000+00:00,User1,1202796,15428,0,0.01,63847082,58601,0,0.017988888888888888,7801,0,0,0
2023-05-16 04:53:53.552000+00:00,User1,1202961,15430,0,0.01,63850350,58604,0,0.018433333333333333,7801,0,0,0
2023-05-16 04:53:53.558000+00:00,User1,1202961,15430,0,0.011,63852530,58606,0,0.017466666666666665,7801,0,0,0
2023-05-16 04:53:53.589000+00:00,User1,1203040,15431,0,0.01,63852530,58606,0,0.018244444444444445,7802,0,0,0
2023-05-16 04:53:53.591000+00:00,User1,1203122,15432,0,0.009,63852530,58606,0,0.018488888888888888,7802,0,0,0
2023-05-16 04:53:53.597000+00:00,User1,1203122,15432,0,0.009,63852530,58606,0,0.018,7802,0,0,0
2023-05-16 04:53:53.612000+00:00,User1,1203122,15432,0,0.01,63854650,58608,0,0.016755555555555555,7802,0,0,0
2023-05-16 04:53:53.612000+00:00,User1,1203122,15432,0,0.01,63856772,58610,0,0.017266666666666666,7803,0,0,0
2023-05-16 04:53:53.617000+00:00,User1,1203122,15432,0,0.009,63858822,58612,2,0.018255555555555556,7751,10,0,1
2023-05-16 04:53:53.618000+00:00,User1,1203187,15433,0,0.009,63862017,58615,0,0.018111111111111113,7803,0,0,0
2023-05-16 04:53:53.661000+00:00,User1,1203327,15435,0,0.01,63867175,58620,0,0.017266666666666666,7804,0,0,0
2023-05-16 04:53:53.739000+00:00,User3,1193909,15351,0,0.012,69033535,63175,0,0.016288888888888887,8225,0,0,0
2023-05-16 04:53:53.746000+00:00,User3,1193909,15351,0,0.013,69036707,63178,0,0.015833333333333335,8225,0,0,0
2023-05-16 04:53:53.753000+00:00,User3,1193975,15352,0,0.013,69037765,63179,0,0.01601111111111111,8225,0,0,0
2023-05-16 04:53:53.753000+00:00,User3,1193975,15352,0,0.013,69039881,63181,0,0.0154,8226,0,0,0
2023-05-16 04:53:53.762000+00:00,User3,1193975,15352,0,0.013,69037765,63179,0,0.01588888888888889,8225,0,0,0
2023-05-16 04:53:53.760000+00:00,User3,1193975,15352,0,0.013,69039881,63181,0,0.015944444444444445,8226,0,0,0
2023-05-16 04:53:53.771000+00:00,User3,1193975,15352,0,0.013,69042032,63183,0,0.016633333333333333,8226,0,0,0
2023-05-16 04:53:53.775000+00:00,User3,1193975,15352,0,0.012,69042032,63183,0,0.016966666666666668,8226,0,0,0
2023-05-16 04:53:53.779000+00:00,User3,1194107,15354,0,0.013,69048593,63189,0,0.01648888888888889,8226,0,0,0
2023-05-16 04:53:53.804000+00:00,User3,1194107,15354,0,0.013,69048593,63189,0,0.017433333333333332,8226,0,0,0
2023-05-16 04:53:53.856000+00:00,User3,1194336,15357,0,0.013,69063371,63203,0,0.017355555555555555,8228,0,0,0
2023-05-16 04:53:53.945000+00:00,User2,1211628,15634,0,0.01,70432228,64555,0,0.0155,8518,0,0,0
2023-05-16 04:53:53.969000+00:00,User2,1211781,15636,0,0.01,70434408,64557,0,0.015655555555555555,8518,0,0,0
2023-05-16 04:53:53.973000+00:00,User2,1211781,15636,0,0.01,70435486,64558,0,0.015733333333333332,8518,0,0,0
2023-05-16 04:53:53.974000+00:00,User2,1211781,15636,0,0.009,70434408,64557,0,0.016022222222222222,8518,0,0,0
2023-05-16 04:53:53.977000+00:00,User2,1211781,15636,0,0.009,70435486,64558,0,0.01588888888888889,8518,0,0,0
2023-05-16 04:53:53.984000+00:00,User2,1211781,15636,0,0.009,70437642,64560,0,0.015211111111111111,8519,0,0,0
2023-05-16 04:53:54.012000+00:00,User2,1211874,15637,0,0.01,70445241,64567,0,0.016166666666666666,8519,0,0,0
2023-05-16 04:53:54.011000+00:00,User3,1194838,15364,0,0.011,69101146,63237,0,0.017044444444444445,8233,0,0,0
2023-05-16 04:53:54.011000+00:00,User2,1211874,15637,0,0.01,70445241,64567,0,0.01588888888888889,8519,0,0,0
2023-05-16 04:53:54.037000+00:00,User2,1212047,15639,0,0.01,70450752,64572,0,0.015644444444444443,8520,0,0,0
2023-05-16 04:53:54.038000+00:00,User1,1204928,15455,0,0.01,63967024,58713,0,0.01841111111111111,7815,0,0,0
2023-05-16 04:53:54.078000+00:00,User2,1212128,15640,0,0.01,70459355,64580,0,0.01588888888888889,8521,0,0,0
2023-05-16 04:53:54.126000+00:00,User2,1212417,15644,0,0.009,70473383,64593,0,0.014544444444444445,8523,0,0,0
2023-05-16 04:53:54.126000+00:00,User2,1212417,15644,0,0.009,70474514,64594,0,0.015466666666666667,8523,0,0,0
2023-05-16 04:53:56.542000+00:00,User1,1214571,15579,0,0.012,64541554,59243,0,0.014155555555555555,7891,0,0,0
2023-05-16 04:53:56.556000+00:00,User1,1214648,15580,0,0.012,64543432,59245,0,0.014366666666666666,7891,0,0,0
2023-05-16 04:53:56.560000+00:00,User1,1214648,15580,0,0.013,64543432,59245,0,0.014144444444444444,7891,0,0,0
2023-05-16 04:53:56.589000+00:00,User1,1214721,15581,0,0.011,64546226,59248,0,0.013933333333333334,7892,0,0,0
2023-05-16 04:53:56.592000+00:00,User1,1214721,15581,0,0.01,64546226,59248,0,0.013755555555555556,7892,0,0,0
2023-05-16 04:53:56.599000+00:00,User1,1214721,15581,0,0.012,64546226,59248,0,0.0139,7892,0,0,0
2023-05-16 04:53:56.615000+00:00,User1,1214789,15582,0,0.012,64547183,59249,0,0.014622222222222222,7892,0,0,0
2023-05-16 04:53:56.613000+00:00,User1,1214789,15582,0,0.011,64549099,59251,0,0.0136,7893,0,0,0
2023-05-16 04:53:56.618000+00:00,User1,1214789,15582,0,0.012,64549099,59251,0,0.013722222222222222,7893,0,0,0
2023-05-16 04:53:56.619000+00:00,User1,1214789,15582,0,0.011,64546935,59249,2,0.013855555555555555,7841,10,0,1
2023-05-16 04:53:56.659000+00:00,User1,1214998,15585,0,0.01,64551955,59254,0,0.015155555555555556,7894,0,0,0
2023-05-16 04:53:56.739000+00:00,User3,1205587,15501,0,0.011,69746762,63833,0,0.013555555555555555,8315,0,0,0
2023-05-16 04:53:56.746000+00:00,User3,1205587,15501,0,0.011,69748628,63835,0,0.013288888888888888,8315,0,0,0
2023-05-16 04:53:56.753000+00:00,User3,1205656,15502,0,0.01,69748628,63835,0,0.013044444444444444,8315,0,0,0
2023-05-16 04:53:56.760000+00:00,User3,1205656,15502,0,0.012,69748628,63835,0,0.013766666666666667,8316,0,0,0
2023-05-16 04:53:56.755000+00:00,User3,1205656,15502,0,0.01,69748628,63835,0,0.013111111111111112,8316,0,0,0
2023-05-16 04:53:56.760000+00:00,User3,1205656,15502,0,0.01,69748628,63835,0,0.013366666666666667,8316,0,0,0
2023-05-16 04:53:56.776000+00:00,User3,1205656,15502,0,0.011,69749534,63836,0,0.012577777777777778,8316,0,0,0
2023-05-16 04:53:56.774000+00:00,User3,1205656,15502,0,0.01,69751348,63838,0,0.012088888888888889,8316,0,0,0
2023-05-16 04:53:56.779000+00:00,User3,1205656,15502,0,0.012,69751348,63838,0,0.012633333333333333,8316,0,0,0
2023-05-16 04:53:56.801000+00:00,User3,1205730,15503,0,0.011,69751348,63838,0,0.01428888888888889,8316,0,0,0
2023-05-16 04:53:56.860000+00:00,User3,1206091,15508,0,0.01,69757219,63844,0,0.011566666666666666,8319,0,0,0
2023-05-16 04:54:11.752000+00:00,User3,1263905,16248,0,0.011,73229693,67026,0,0.0163,8751,0,0,0
2023-05-16 04:54:11.762000+00:00,User3,1263905,16248,0,0.011,73229693,67026,0,0.016166666666666666,8751,0,0,0
2023-05-16 04:54:11.758000+00:00,User3,1263905,16248,0,0.011,73232888,67029,0,0.015955555555555556,8751,0,0,0
2023-05-16 04:54:11.773000+00:00,User3,1263996,16249,0,0.01,73235054,67031,0,0.015733333333333332,8752,0,0,0
2023-05-16 04:54:11.776000+00:00,User3,1263905,16248,0,0.011,73235054,67031,0,0.0164,8752,0,0,0
2023-05-16 04:54:11.780000+00:00,User3,1263996,16249,0,0.01,73240563,67036,0,0.016188888888888888,8752,0,0,0
2023-05-16 04:54:11.801000+00:00,User3,1263996,16249,0,0.01,73240563,67036,0,0.016155555555555555,8752,0,0,0
2023-05-16 04:54:11.862000+00:00,User3,1264316,16253,0,0.01,73258393,67052,0,0.0156,8754,0,0,0
2023-05-16 04:54:11.945000+00:00,User2,1281388,16535,0,0.013,74657126,68431,0,0.016733333333333333,9057,0,0,0
2023-05-16 04:54:11.969000+00:00,User2,1281388,16535,0,0.013,74661394,68435,0,0.016855555555555554,9057,0,0,0
2023-05-16 04:54:11.976000+00:00,User2,1281456,16536,0,0.013,74662555,68436,0,0.01661111111111111,9057,0,0,0
2023-05-16 04:54:11.976000+00:00,User2,1281456,16536,0,0.013,74662555,68436,0,0.017033333333333334,9057,0,0,0
2023-05-16 04:54:11.979000+00:00,User2,1281456,16536,0,0.013,74666038,68439,0,0.01658888888888889,9058,0,0,0
2023-05-16 04:54:11.985000+00:00,User2,1281456,16536,0,0.013,74667199,68440,0,0.0169,9058,0,0,0
2023-05-16 04:54:12.009000+00:00,User2,1281526,16537,0,0.013,74669489,68442,0,0.016444444444444446,9058,0,0,0
2023-05-16 04:54:12.019000+00:00,User2,1281526,16537,0,0.012,74669489,68442,0,0.01621111111111111,9058,0,0,0
2023-05-16 04:54:12.021000+00:00,User3,1264776,16259,2,0.009,73277320,67069,13,0.015766666666666665,8647,11,0,1
2023-05-16 04:54:12.041000+00:00,User2,1281591,16538,0,0.012,74674072,68446,0,0.01621111111111111,9059,0,0,0
2023-05-16 04:54:12.039000+00:00,User1,1272643,16325,0,0.009,67672247,62108,0,0.02493333333333333,8245,0,0,0
2023-05-16 04:54:12.084000+00:00,User2,1281794,16541,0,0.012,74682462,68454,0,0.015333333333333332,9060,0,0,0
2023-05-16 04:54:12.128000+00:00,User2,1281930,16543,0,0.011,74699311,68469,0,0.015966666666666667,9062,0,0,0
2023-05-16 04:54:12.128000+00:00,User2,1281930,16543,0,0.012,74699311,68469,0,0.015855555555555557,9062,0,0,0
2023-05-16 04:54:14.544000+00:00,User1,1282481,16451,0,0.008,67966503,62380,0,0.0141,8283,0,0,0
2023-05-16 04:54:14.557000+00:00,User1,1282481,16451,0,0.008,67966503,62380,0,0.013755555555555556,8283,0,0,0
2023-05-16 04:54:14.559000+00:00,User1,1282652,16453,0,0.009,67966503,62380,0,0.0138,8283,0,0,0
2023-05-16 04:54:14.591000+00:00,User1,1282652,16453,0,0.008,67969896,62383,0,0.0138,8283,0,0,0
2023-05-16 04:54:14.593000+00:00,User1,1282741,16454,0,0.009,67969896,62383,0,0.013655555555555556,8283,0,0,0
2023-05-16 04:54:14.600000+00:00,User1,1282741,16454,0,0.008,67969896,62383,0,0.013622222222222223,8283,0,0,0
2023-05-16 04:54:14.617000+00:00,User1,1282741,16454,0,0.008,67969896,62383,0,0.013877777777777777,8284,0,0,0
2023-05-16 04:54:14.612000+00:00,User1,1282828,16455,0,0.007,67969896,62383,0,0.013911111111111112,8284,0,0,0
2023-05-16 04:54:14.618000+00:00,User1,1282828,16455,0,0.008,67967732,62381,2,0.013533333333333333,8232,10,0,1
2023-05-16 04:54:14.621000+00:00,User1,1282828,16455,0,0.008,67969896,62383,0,0.013411111111111111,8284,0,0,0
2023-05-16 04:54:14.661000+00:00,User1,1282915,16456,0,0.01,67973602,62387,0,0.013933333333333334,8284,0,0,0
2023-05-16 04:54:14.744000+00:00,User3,1275692,16397,0,0.009,73793084,67555,0,0.007844444444444444,8841,0,0,0
2023-05-16 04:54:14.746000+00:00,User3,1275692,16397,0,0.009,73793084,67555,0,0.007866666666666666,8841,0,0,0
2023-05-16 04:54:14.757000+00:00,User3,1275780,16398,0,0.01,73793084,67555,0,0.008055555555555555,8841,0,0,0
2023-05-16 04:54:14.762000+00:00,User3,1275780,16398,0,0.009,73793084,67555,0,0.0087,8841,0,0,0
2023-05-16 04:54:14.760000+00:00,User3,1275780,16398,0,0.009,73793084,67555,0,0.0078,8841,0,0,0
2023-05-16 04:54:14.760000+00:00,User3,1275780,16398,0,0.008,73793084,67555,0,0.008355555555555555,8841,0,0,0
2023-05-16 04:54:14.771000+00:00,User3,1275961,16400,0,0.009,73796623,67559,0,0.008833333333333334,8842,0,0,0
2023-05-16 04:54:14.779000+00:00,User3,1275961,16400,0,0.008,73796623,67559,0,0.008133333333333333,8842,0,0,0
2023-05-16 04:54:14.786000+00:00,User3,1275961,16400,0,0.009,73796623,67559,0,0.008133333333333333,8841,0,0,0
2023-05-16 04:54:14.801000+00:00,User3,1275961,16400,0,0.01,73796623,67559,0,0.008255555555555556,8842,0,0,0
2023-05-16 04:54:14.861000+00:00,User3,1276214,16403,0,0.011,73803976,67567,0,0.008177777777777779,8844,0,0,0
2023-05-16 04:54:14.944000+00:00,User2,1292743,16684,0,0.012,75406690,69118,0,0.016188888888888888,9147,0,0,0
2023-05-16 04:54:14.968000+00:00,User2,1292998,16687,0,0.012,75407851,69119,0,0.016244444444444443,9147,0,0,0
2023-05-16 04:54:14.973000+00:00,User2,1292998,16687,0,0.012,75409003,69120,0,0.016166666666666666,9147,0,0,0
2023-05-16 04:54:14.976000+00:00,User2,1292998,16687,0,0.013,75410155,69121,0,0.0163,9147,0,0,0
2023-05-16 04:54:14.979000+00:00,User2,1292998,16687,0,0.012,75411308,69122,0,0.015966666666666667,9148,0,0,0
2023-05-16 04:54:14.985000+00:00,User2,1292998,16687,0,0.012,75414767,69125,0,0.015755555555555554,9148,0,0,0
2023-05-16 04:54:15.013000+00:00,User2,1292998,16687,0,0.012,75423064,69133,0,0.016555555555555556,9149,0,0,0
2023-05-16 04:54:15.024000+00:00,User2,1292998,16687,0,0.012,75423064,69133,0,0.0161,9148,0,0,0
2023-05-16 04:54:15.022000+00:00,User3,1276646,16408,2,0.01,73808977,67574,13,0.007677777777777778,8737,11,0,1
2023-05-16 04:54:15.041000+00:00,User2,1293162,16689,0,0.014,75424145,69134,0,0.016766666666666666,9149,0,0,0
2023-05-16 04:54:15.040000+00:00,User1,1284559,16475,0,0.009,67994502,62408,0,0.011722222222222222,8290,0,0,0
2023-05-16 04:54:15.084000+00:00,User2,1293320,16691,0,0.012,75433934,69143,0,0.016044444444444445,9151,0,0,0
2023-05-16 04:54:15.129000+00:00,User2,1293529,16694,0,0.012,75450674,69158,0,0.01658888888888889,9152,0,0,0
2023-05-16 04:54:15.131000+00:00,User2,1293529,16694,0,0.013,75450674,69158,0,0.01633333333333333,9152,0,0,0
2023-05-16 04:54:17.544000+00:00,User1,1294649,16601,0,0.009,68444635,62808,0,0.025611111111111112,8327,0,0,0
2023-05-16 04:54:17.555000+00:00,User1,1294649,16601,0,0.009,68444635,62808,0,0.0258,8327,0,0,0
2023-05-16 04:54:17.560000+00:00,User1,1294802,16603,0,0.01,68444635,62808,0,0.025866666666666666,8327,0,0,0
2023-05-16 04:54:17.590000+00:00,User1,1294802,16603,0,0.009,68449179,62812,0,0.025044444444444446,8328,0,0,0
2023-05-16 04:54:17.593000+00:00,User1,1294888,16604,0,0.01,68450315,62813,0,0.024733333333333333,8328,0,0,0
2023-05-16 04:54:17.602000+00:00,User1,1294888,16604,0,0.009,68450315,62813,0,0.02481111111111111,8328,0,0,0
2023-05-16 04:54:17.622000+00:00,User1,1294888,16604,0,0.009,68459408,62821,0,0.024466666666666668,8328,0,0,0
2023-05-16 04:54:17.615000+00:00,User1,1294888,16604,0,0.009,68459408,62821,0,0.025633333333333334,8328,0,0,0
2023-05-16 04:54:17.621000+00:00,User1,1294973,16605,0,0.009,68460545,62822,0,0.025044444444444446,8328,0,0,0
2023-05-16 04:54:17.621000+00:00,User1,1294973,16605,0,0.009,68458381,62820,2,0.024666666666666667,8276,10,0,1
2023-05-16 04:54:17.661000+00:00,User1,1295059,16606,0,0.009,68463770,62825,0,0.02601111111111111,8328,0,0,0
2023-05-16 04:54:17.744000+00:00,User3,1287520,16547,0,0.013,74432977,68150,0,0.017,8930,0,0,0
2023-05-16 04:54:17.747000+00:00,User3,1287520,16547,0,0.012,74435069,68152,0,0.016966666666666668,8930,0,0,0
2023-05-16 04:54:17.758000+00:00,User3,1287591,16548,0,0.011,74439257,68156,0,0.01711111111111111,8930,0,0,0
2023-05-16 04:54:17.756000+00:00,User3,1287591,16548,0,0.011,74440304,68157,0,0.016633333333333333,8930,0,0,0
2023-05-16 04:54:20.600000+00:00,User1,1306519,16754,0,0.008,69253567,63521,0,0.033744444444444445,8373,0,0,0
2023-05-16 04:54:20.619000+00:00,User1,1306519,16754,0,0.008,69255865,63523,0,0.03395555555555556,8373,0,0,0
2023-05-16 04:54:20.612000+00:00,User1,1306519,16754,0,0.008,69256971,63524,0,0.034022222222222225,8373,0,0,0
2023-05-16 04:54:20.619000+00:00,User1,1306519,16754,0,0.008,69254807,63522,2,0.03353333333333333,8321,10,0,1
2023-05-16 04:54:20.621000+00:00,User1,1306519,16754,0,0.008,69259183,63526,0,0.03408888888888889,8373,0,0,0
2023-05-16 04:54:20.664000+00:00,User1,1306767,16757,0,0.01,69266927,63533,0,0.03376666666666667,8373,0,0,0
2023-05-16 04:54:20.744000+00:00,User3,1299150,16697,0,0.013,75196277,68849,0,0.0164,9020,0,0,0
2023-05-16 04:54:42.042000+00:00,User1,1389446,17826,0,0.011,73637277,67424,0,0.029255555555555555,8693,0,0,0
2023-05-16 04:54:42.095000+00:00,User2,1398688,18042,0,0.009,81640519,74861,0,0.018166666666666668,9959,0,0,0
2023-05-16 04:54:42.136000+00:00,User2,1398842,18044,0,0.008,81653248,74872,0,0.017344444444444444,9961,0,0,0
2023-05-16 04:54:42.138000+00:00,User2,1398842,18044,0,0.008,81654390,74873,0,0.0176,9961,0,0,0
2023-05-16 04:54:44.545000+00:00,User1,1399138,17952,0,0.012,74170430,67898,0,0.028555555555555556,8731,0,0,0
2023-05-16 04:54:44.563000+00:00,User1,1399138,17952,0,0.012,74173763,67901,0,0.028766666666666666,8731,0,0,0
2023-05-16 04:54:44.567000+00:00,User1,1399138,17952,0,0.012,74173763,67901,0,0.028666666666666667,8731,0,0,0
2023-05-16 04:54:44.592000+00:00,User1,1399223,17953,0,0.013,74182653,67909,0,0.02831111111111111,8731,0,0,0
2023-05-16 04:54:44.597000+00:00,User1,1399287,17954,0,0.012,74182653,67909,0,0.028655555555555556,8732,0,0,0
2023-05-16 04:54:44.600000+00:00,User1,1399287,17954,0,0.013,74182653,67909,0,0.0286,8732,0,0,0
2023-05-16 04:54:44.617000+00:00,User1,1399287,17954,0,0.013,74182653,67909,0,0.0284,8732,0,0,0
2023-05-16 04:54:44.613000+00:00,User1,1399287,17954,0,0.012,74182653,67909,0,0.028055555555555556,8732,0,0,0
2023-05-16 04:54:44.620000+00:00,User1,1399287,17954,0,0.013,74180489,67907,2,0.028844444444444443,8680,10,0,1
2023-05-16 04:54:44.623000+00:00,User1,1399352,17955,0,0.012,74182653,67909,0,0.028533333333333334,8732,0,0,0
2023-05-16 04:54:44.666000+00:00,User1,1399492,17957,0,0.012,74184885,67911,0,0.028166666666666666,8733,0,0,0
2023-05-16 04:54:44.752000+00:00,User3,1392201,17898,0,0.013,80922559,74118,0,0.016866666666666665,9739,0,0,0
2023-05-16 04:54:44.747000+00:00,User3,1392201,17898,0,0.013,80922559,74118,0,0.016966666666666668,9739,0,0,0
2023-05-16 04:54:44.762000+00:00,User3,1392201,17898,0,0.013,80922559,74118,0,0.016744444444444444,9739,0,0,0
2023-05-16 04:54:44.759000+00:00,User3,1392201,17898,0,0.013,80922559,74118,0,0.015855555555555557,9739,0,0,0
2023-05-16 04:54:44.761000+00:00,User3,1392201,17898,0,0.013,80922559,74118,0,0.016777777777777777,9740,0,0,0
2023-05-16 04:54:44.767000+00:00,User3,1392266,17899,0,0.013,80922559,74118,0,0.016544444444444445,9740,0,0,0
2023-05-16 04:54:44.780000+00:00,User3,1392266,17899,0,0.013,80923691,74119,0,0.016144444444444444,9740,0,0,0
2023-05-16 04:54:44.776000+00:00,User3,1392266,17899,0,0.014,80922559,74118,0,0.016233333333333332,9740,0,0,0
2023-05-16 04:54:44.786000+00:00,User3,1392330,17900,0,0.012,80930489,74125,0,0.0161,9740,0,0,0
2023-05-16 04:54:44.812000+00:00,User3,1392330,17900,0,0.014,80930489,74125,0,0.01561111111111111,9741,0,0,0
2023-05-16 04:54:44.869000+00:00,User3,1392559,17903,0,0.012,80946107,74140,0,0.016177777777777777,9742,0,0,0
2023-05-16 04:54:44.946000+00:00,User2,1409688,18185,0,0.009,82344065,75504,0,0.016233333333333332,10045,0,0,0
2023-05-16 04:54:44.973000+00:00,User2,1409776,18186,0,0.01,82347362,75507,0,0.01601111111111111,10046,0,0,0
2023-05-16 04:54:44.980000+00:00,User2,1409776,18186,0,0.01,82350641,75510,0,0.017611111111111112,10046,0,0,0
2023-05-16 04:54:44.981000+00:00,User2,1409776,18186,0,0.009,82350641,75510,0,0.016522222222222223,10046,0,0,0
2023-05-16 04:54:44.985000+00:00,User2,1409776,18186,0,0.01,82353922,75513,0,0.016622222222222222,10046,0,0,0
2023-05-16 04:54:44.983000+00:00,User2,1409776,18186,0,0.009,82350641,75510,0,0.0153,10046,0,0,0
2023-05-16 04:54:45.012000+00:00,User2,1409868,18187,0,0.009,82362902,75521,0,0.0176,10047,0,0,0
2023-05-16 04:54:45.022000+00:00,User2,1409868,18187,0,0.01,82362902,75521,0,0.016522222222222223,10047,0,0,0
2023-05-16 04:54:45.031000+00:00,User3,1392975,17909,2,0.011,80975989,74167,13,0.016788888888888888,9635,11,0,1
2023-05-16 04:54:45.044000+00:00,User2,1410042,18189,0,0.009,82367299,75525,0,0.016755555555555555,10048,0,0,0
2023-05-16 04:54:45.043000+00:00,User1,1401079,17977,0,0.011,74269047,67986,0,0.028344444444444443,8738,0,0,0
2023-05-16 04:54:45.139000+00:00,User2,1410408,18194,0,0.009,82391088,75547,0,0.016633333333333333,10051,0,0,0
2023-05-16 04:54:45.146000+00:00,User2,1410408,18194,0,0.009,82393426,75549,0,0.01571111111111111,10051,0,0,0
2023-05-16 04:54:45.137000+00:00,User2,1410408,18194,0,0.01,82388821,75545,0,0.01792222222222222,10049,0,0,0
2023-05-16 04:54:47.545000+00:00,User1,1410714,18101,0,0.011,74775819,68438,0,0.02351111111111111,8776,0,0,0
2023-05-16 04:54:47.560000+00:00,User1,1410714,18101,0,0.01,74777687,68440,0,0.023733333333333332,8776,0,0,0
2023-05-16 04:54:47.563000+00:00,User1,1410780,18102,0,0.01,74777687,68440,0,0.0239,8776,0,0,0
2023-05-16 04:54:47.593000+00:00,User1,1410918,18104,0,0.011,74777687,68440,0,0.02361111111111111,8776,0,0,0
2023-05-16 04:54:47.600000+00:00,User1,1410918,18104,0,0.01,74777687,68440,0,0.02388888888888889,8777,0,0,0
2023-05-16 04:54:47.598000+00:00,User1,1410918,18104,0,0.01,74777687,68440,0,0.023666666666666666,8777,0,0,0
2023-05-16 04:54:47.617000+00:00,User1,1410918,18104,0,0.009,74777687,68440,0,0.024177777777777777,8777,0,0,0
2023-05-16 04:54:47.614000+00:00,User1,1410984,18105,0,0.01,74777687,68440,0,0.02341111111111111,8777,0,0,0
2023-05-16 04:54:47.621000+00:00,User1,1410984,18105,0,0.01,74775523,68438,2,0.023422222222222223,8725,10,0,1
2023-05-16 04:54:47.622000+00:00,User1,1410984,18105,0,0.01,74777687,68440,0,0.023788888888888887,8777,0,0,0
2023-05-16 04:54:47.666000+00:00,User1,1411048,18106,0,0.009,74781221,68444,0,0.023033333333333333,8778,0,0,0
2023-05-16 04:54:47.747000+00:00,User3,1403940,18049,0,0.013,81630099,74766,0,0.011755555555555556,9829,0,0,0
2023-05-16 04:54:47.753000+00:00,User3,1403940,18049,0,0.012,81630099,74766,0,0.012255555555555556,9829,0,0,0
2023-05-16 04:54:47.762000+00:00,User3,1403940,18049,0,0.013,81630099,74766,0,0.012155555555555555,9829,0,0,0
2023-05-16 04:54:47.759000+00:00,User3,1403940,18049,0,0.013,81630099,74766,0,0.012255555555555556,9829,0,0,0
2023-05-16 04:54:47.762000+00:00,User3,1403940,18049,0,0.012,81630099,74766,0,0.011977777777777778,9829,0,0,0
2023-05-16 04:54:47.768000+00:00,User3,1403940,18049,0,0.012,81630099,74766,0,0.0117,9830,0,0,0
2023-05-16 04:54:47.774000+00:00,User3,1403940,18049,0,0.012,81633062,74769,0,0.011566666666666666,9830,0,0,0
2023-05-16 04:54:47.784000+00:00,User3,1403940,18049,0,0.012,81633062,74769,0,0.011833333333333333,9830,0,0,0
2023-05-16 04:54:47.786000+00:00,User3,1404008,18050,0,0.013,81633062,74769,0,0.011966666666666667,9831,0,0,0
2023-05-16 04:54:47.810000+00:00,User3,1404073,18051,0,0.011,81633062,74769,0,0.012822222222222223,9830,0,0,0
2023-05-16 04:54:47.866000+00:00,User3,1404280,18054,0,0.011,81638858,74775,0,0.011277777777777777,9833,0,0,0
2023-05-16 04:54:47.946000+00:00,User2,1420911,18334,0,0.015,83096936,76194,0,0.01671111111111111,10135,0,0,0
2023-05-16 04:54:47.972000+00:00,User2,1421044,18336,0,0.016,83098081,76195,0,0.015655555555555555,10136,0,0,0
2023-05-16 04:54:47.980000+00:00,User2,1421044,18336,0,0.016,83100371,76197,0,0.016577777777777778,10136,0,0,0
2023-05-16 04:54:47.980000+00:00,User2,1421044,18336,0,0.016,83100371,76197,0,0.016188888888888888,10136,0,0,0
2023-05-16 04:54:47.978000+00:00,User2,1421044,18336,0,0.016,83100371,76197,0,0.016355555555555557,10136,0,0,0
2023-05-16 04:54:47.985000+00:00,User2,1421044,18336,0,0.016,83104955,76201,0,0.0166,10136,0,0,0
2023-05-16 04:54:48.014000+00:00,User2,1421177,18338,0,0.015,83107991,76204,0,0.01571111111111111,10137,0,0,0
2023-05-16 04:54:48.025000+00:00,User2,1421177,18338,0,0.016,83106979,76203,0,0.017633333333333334,10137,0,0,0
2023-05-16 04:54:48.027000+00:00,User3,1404578,18059,2,0.014,81639525,74777,13,0.00968888888888889,9725,11,0,1
2023-05-16 04:54:48.043000+00:00,User2,1421259,18339,0,0.014,83115352,76211,0,0.016144444444444444,10138,0,0,0
2023-05-16 04:54:48.042000+00:00,User1,1412692,18126,0,0.012,74799819,68462,0,0.01742222222222222,8783,0,0,0
2023-05-16 04:54:48.099000+00:00,User2,1421505,18342,0,0.013,83132326,76227,0,0.016777777777777777,10139,0,0,0
2023-05-16 04:54:48.138000+00:00,User2,1421671,18344,0,0.013,83142304,76236,0,0.01577777777777778,10141,0,0,0
2023-05-16 04:54:48.147000+00:00,User2,1421671,18344,0,0.013,83144476,76238,0,0.01598888888888889,10141,0,0,0
2023-05-16 04:54:50.545000+00:00,User1,1422896,18251,0,0.009,75101588,68739,0,0.022,8820,0,0,0
2023-05-16 04:54:50.561000+00:00,User1,1422896,18251,0,0.01,75101588,68739,0,0.022066666666666665,8820,0,0,0
2023-05-16 04:54:50.567000+00:00,User1,1423101,18253,0,0.013,75101588,68739,0,0.02238888888888889,8820,0,0,0
2023-05-16 04:54:50.591000+00:00,User1,1423101,18253,0,0.013,75108540,68745,0,0.02141111111111111,8821,0,0,0
2023-05-16 04:54:50.600000+00:00,User1,1423170,18254,0,0.013,75112017,68748,0,0.021033333333333334,8821,0,0,0
2023-05-16 04:54:50.601000+00:00,User1,1423170,18254,0,0.013,75112017,68748,0,0.021344444444444444,8821,0,0,0
2023-05-16 04:54:50.621000+00:00,User1,1423170,18254,0,0.012,75112017,68748,0,0.021166666666666667,8821,0,0,0
2023-05-16 04:54:50.614000+00:00,User1,1423170,18254,0,0.012,75112017,68748,0,0.021044444444444445,8821,0,0,0
2023-05-16 04:54:50.623000+00:00,User1,1423248,18255,0,0.012,75112017,68748,0,0.020866666666666665,8821,0,0,0
2023-05-16 04:54:50.624000+00:00,User1,1423170,18254,0,0.013,75109853,68746,2,0.019655555555555555,8769,10,0,1
2023-05-16 04:54:50.666000+00:00,User1,1423338,18256,0,0.013,75120630,68756,0,0.022577777777777776,8821,0,0,0
2023-05-16 04:54:50.747000+00:00,User3,1415968,18198,0,0.011,82103251,75223,0,0.015633333333333332,9918,0,0,0
2023-05-16 04:54:50.753000+00:00,User3,1415968,18198,0,0.01,82105471,75225,0,0.0154,9918,0,0,0
2023-05-16 04:54:50.763000+00:00,User3,1415968,18198,0,0.01,82105471,75225,0,0.015688888888888888,9918,0,0,0
2023-05-16 04:54:50.758000+00:00,User3,1415968,18198,0,0.011,82106582,75226,0,0.015733333333333332,9918,0,0,0
2023-05-16 04:54:50.763000+00:00,User3,1415968,18198,0,0.011,82106582,75226,0,0.01601111111111111,9918,0,0,0
2023-05-16 04:54:50.777000+00:00,User3,1415968,18198,0,0.011,82107701,75227,0,0.01588888888888889,9919,0,0,0
2023-05-16 04:54:50.770000+00:00,User3,1415968,18198,0,0.011,82106582,75226,0,0.015566666666666666,9919,0,0,0
2023-05-16 04:54:50.783000+00:00,User3,1416036,18199,0,0.01,82108820,75228,0,0.0158,9919,0,0,0
2023-05-16 04:54:50.786000+00:00,User3,1416036,18199,0,0.01,82115534,75234,0,0.015522222222222222,9919,0,0,0
2023-05-16 04:54:50.813000+00:00,User3,1416036,18199,0,0.01,82118891,75237,0,0.015355555555555556,9919,0,0,0
2023-05-16 04:54:50.866000+00:00,User3,1416407,18204,0,0.012,82137344,75254,0,0.016633333333333333,9921,0,0,0
2023-05-16 04:54:50.947000+00:00,User2,1432551,18484,0,0.011,83853431,76887,0,0.016433333333333335,10225,0,0,0
2023-05-16 04:54:50.977000+00:00,User2,1432730,18486,0,0.011,83857874,76891,0,0.017066666666666667,10226,0,0,0
2023-05-16 04:54:50.980000+00:00,User2,1432730,18486,0,0.012,83861270,76894,0,0.016288888888888887,10226,0,0,0
2023-05-16 04:54:50.981000+00:00,User2,1432730,18486,0,0.011,83861270,76894,0,0.016155555555555555,10226,0,0,0
2023-05-16 04:54:50.985000+00:00,User2,1432730,18486,0,0.01,83862402,76895,0,0.016466666666666668,10226,0,0,0
2023-05-16 04:54:50.982000+00:00,User2,1432730,18486,0,0.01,83861270,76894,0,0.016188888888888888,10226,0,0,0
2023-05-16 04:54:51.013000+00:00,User2,1432931,18489,0,0.01,83870097,76902,0,0.015833333333333335,10227,0,0,0
2023-05-16 04:54:51.023000+00:00,User2,1432931,18489,0,0.011,83870097,76902,0,0.015533333333333333,10227,0,0,0
2023-05-16 04:54:51.027000+00:00,User3,1416769,18209,2,0.012,82165132,75279,13,0.017377777777777777,9814,11,0,1
2023-05-16 04:54:51.044000+00:00,User2,1432931,18489,0,0.011,83876947,76908,0,0.01682222222222222,10228,0,0,0
2023-05-16 04:54:51.046000+00:00,User1,1424849,18275,0,0.011,75186523,68815,0,0.02171111111111111,8828,0,0,0
2023-05-16 04:54:51.101000+00:00,User2,1433185,18492,0,0.013,83889202,76919,0,0.016366666666666668,10229,0,0,0
2023-05-16 04:54:51.139000+00:00,User2,1433265,18493,0,0.013,83898229,76927,0,0.015455555555555556,10231,0,0,0
2023-05-16 04:54:51.147000+00:00,User2,1433344,18494,0,0.012,83902293,76931,0,0.016,10231,0,0,0
2023-05-16 04:54:53.546000+00:00,User1,1434614,18401,0,0.011,75822709,69376,0,0.0336,8865,0,0,0
2023-05-16 04:54:53.561000+00:00,User1,1434795,18403,0,0.01,75822709,69376,0,0.03371111111111111,8865,0,0,0
2023-05-16 04:54:53.565000+00:00,User1,1434795,18403,0,0.011,75822709,69376,0,0.03372222222222222,8866,0,0,0
2023-05-16 04:54:53.592000+00:00,User1,1434795,18403,0,0.01,75831933,69384,0,0.033855555555555555,8866,0,0,0
2023-05-16 04:54:53.602000+00:00,User1,1434795,18403,0,0.012,75835392,69387,0,0.03371111111111111,8866,0,0,0
2023-05-16 04:54:53.600000+00:00,User1,1434795,18403,0,0.011,75838853,69390,0,0.03277777777777778,8866,0,0,0
2023-05-16 04:54:53.614000+00:00,User1,1434960,18405,0,0.012,75846931,69397,0,0.03353333333333333,8866,0,0,0
2023-05-16 04:54:53.622000+00:00,User1,1434960,18405,0,0.013,75850393,69400,0,0.033544444444444446,8866,0,0,0
2023-05-16 04:54:53.622000+00:00,User1,1434960,18405,0,0.013,75849383,69399,2,0.03306666666666667,8814,10,0,1
2023-05-16 04:54:53.629000+00:00,User1,1434960,18405,0,0.013,75845777,69396,0,0.03342222222222222,8866,0,0,0
2023-05-16 04:54:53.673000+00:00,User1,1435230,18408,0,0.012,75865225,69413,0,0.03428888888888889,8866,0,0,0
2023-05-16 04:54:53.748000+00:00,User3,1427639,18348,0,0.012,82891403,75945,0,0.015411111111111112,10008,0,0,0
2023-05-16 04:54:53.753000+00:00,User3,1427639,18348,0,0.012,82891403,75945,0,0.015677777777777777,10008,0,0,0
2023-05-16 04:54:53.763000+00:00,User3,1427639,18348,0,0.012,82893709,75947,0,0.01587777777777778,10008,0,0,0
2023-05-16 04:54:53.758000+00:00,User3,1427639,18348,0,0.011,82893709,75947,0,0.015755555555555554,10008,0,0,0
2023-05-16 04:54:53.764000+00:00,User3,1427639,18348,0,0.011,82893709,75947,0,0.015544444444444444,10009,0,0,0
2023-05-16 04:54:53.768000+00:00,User3,1427639,18348,0,0.012,82893709,75947,0,0.015533333333333333,10009,0,0,0
2023-05-16 04:54:53.782000+00:00,User3,1427716,18349,0,0.012,82897144,75950,0,0.014822222222222223,10009,0,0,0
2023-05-16 04:54:53.774000+00:00,User3,1427716,18349,0,0.012,82894854,75948,0,0.015844444444444446,10009,0,0,0
2023-05-16 04:54:53.788000+00:00,User3,1427716,18349,0,0.012,82900580,75953,0,0.014866666666666667,10009,0,0,0
2023-05-16 04:54:53.816000+00:00,User3,1427866,18351,0,0.013,82903964,75956,0,0.015866666666666668,10010,0,0,0
2023-05-16 04:54:53.867000+00:00,User3,1428029,18353,0,0.011,82920748,75971,0,0.0157,10012,0,0,0
2023-05-16 04:54:53.946000+00:00,User2,1444451,18635,0,0.01,84392535,77399,0,0.008333333333333333,10315,0,0,0
2023-05-16 04:54:53.976000+00:00,User2,1444536,18636,0,0.01,84395562,77402,0,0.007244444444444445,10316,0,0,0
2023-05-16 04:55:11.978000+00:00,User2,1514657,19536,0,0.011,88516859,81193,0,0.010722222222222222,10853,0,0,0
2023-05-16 04:55:11.982000+00:00,User2,1514657,19536,0,0.011,88519197,81195,0,0.010888888888888889,10853,0,0,0
2023-05-16 04:55:11.987000+00:00,User2,1514657,19536,0,0.01,88522704,81198,0,0.011111111111111112,10853,0,0,0
2023-05-16 04:55:11.985000+00:00,User2,1514657,19536,0,0.011,88518028,81194,0,0.01041111111111111,10853,0,0,0
2023-05-16 04:55:12.014000+00:00,User2,1514819,19538,0,0.011,88530660,81205,0,0.01101111111111111,10854,0,0,0
2023-05-16 04:55:12.027000+00:00,User2,1514819,19538,0,0.011,88530660,81205,0,0.011355555555555556,10854,0,0,0
2023-05-16 04:55:12.029000+00:00,User3,1498022,19255,2,0.01,87093230,79805,13,0.016522222222222223,10421,11,0,1
2023-05-16 04:55:12.045000+00:00,User2,1514981,19540,0,0.012,88536320,81210,0,0.011788888888888889,10855,0,0,0
2023-05-16 04:55:12.054000+00:00,User1,1505719,19319,0,0.013,79407118,72568,0,0.033166666666666664,9123,0,0,0
2023-05-16 04:55:12.110000+00:00,User2,1515224,19543,0,0.011,88551990,81224,0,0.011933333333333334,10856,0,0,0
2023-05-16 04:55:12.138000+00:00,User2,1515305,19544,0,0.01,88560859,81232,0,0.0127,10858,0,0,0
2023-05-16 04:55:12.153000+00:00,User2,1515386,19545,0,0.01,88566028,81237,0,0.012177777777777777,10858,0,0,0
2023-05-16 04:55:14.552000+00:00,User1,1515155,19443,0,0.015,79933242,73036,0,0.027833333333333335,9160,0,0,0
2023-05-16 04:55:14.565000+00:00,User1,1515222,19444,0,0.014,79941195,73043,0,0.02798888888888889,9160,0,0,0
2023-05-16 04:55:14.566000+00:00,User1,1515222,19444,0,0.014,79945488,73047,0,0.028077777777777778,9160,0,0,0
2023-05-16 04:55:14.601000+00:00,User1,1515285,19445,0,0.013,79951932,73053,0,0.028144444444444444,9161,0,0,0
2023-05-16 04:55:14.605000+00:00,User1,1515285,19445,0,0.013,79951932,73053,0,0.028155555555555555,9161,0,0,0
2023-05-16 04:55:14.603000+00:00,User1,1515285,19445,0,0.014,79951932,73053,0,0.027855555555555557,9161,0,0,0
2023-05-16 04:55:14.618000+00:00,User1,1515351,19446,0,0.014,79960566,73061,0,0.031077777777777777,9162,0,0,0
2023-05-16 04:55:14.627000+00:00,User1,1515351,19446,0,0.014,79960566,73061,0,0.031455555555555556,9162,0,0,0
2023-05-16 04:55:14.624000+00:00,User1,1515423,19447,0,0.014,79962726,73063,0,0.030811111111111112,9162,0,0,0
2023-05-16 04:55:14.627000+00:00,User1,1515423,19447,0,0.014,79960562,73061,2,0.031266666666666665,9110,10,0,1
2023-05-16 04:55:14.673000+00:00,User1,1515559,19449,0,0.014,79963806,73064,0,0.03051111111111111,9162,0,0,0
2023-05-16 04:55:14.755000+00:00,User3,1508462,19393,0,0.008,87795114,80449,0,0.015266666666666666,10615,0,0,0
2023-05-16 04:55:14.760000+00:00,User3,1508462,19393,0,0.009,87795114,80449,0,0.015488888888888889,10615,0,0,0
2023-05-16 04:55:14.765000+00:00,User3,1508462,19393,0,0.01,87795114,80449,0,0.015866666666666668,10615,0,0,0
2023-05-16 04:55:14.758000+00:00,User3,1508462,19393,0,0.008,87793988,80448,0,0.015455555555555556,10614,0,0,0
2023-05-16 04:55:14.765000+00:00,User3,1508462,19393,0,0.009,87797366,80451,0,0.015688888888888888,10615,0,0,0
2023-05-16 04:55:14.769000+00:00,User3,1508590,19395,0,0.009,87801874,80455,0,0.015455555555555556,10615,0,0,0
2023-05-16 04:55:14.777000+00:00,User3,1508590,19395,0,0.009,87804141,80457,0,0.015511111111111111,10615,0,0,0
2023-05-16 04:55:14.789000+00:00,User3,1508590,19395,0,0.009,87810945,80463,0,0.01561111111111111,10616,0,0,0
2023-05-16 04:55:14.794000+00:00,User3,1508590,19395,0,0.01,87810945,80463,0,0.016633333333333333,10615,0,0,0
2023-05-16 04:55:14.810000+00:00,User3,1508663,19396,0,0.01,87810945,80463,0,0.01638888888888889,10616,0,0,0
2023-05-16 04:55:14.868000+00:00,User3,1508810,19398,0,0.008,87822528,80474,0,0.0172,10618,0,0,0
2023-05-16 04:55:14.949000+00:00,User2,1526170,19684,0,0.01,89310765,81918,0,0.017344444444444444,10942,0,0,0
2023-05-16 04:55:14.976000+00:00,User2,1526330,19686,0,0.01,89314059,81921,0,0.017044444444444445,10943,0,0,0
2023-05-16 04:55:14.981000+00:00,User2,1526330,19686,0,0.01,89314059,81921,0,0.017144444444444445,10943,0,0,0
2023-05-16 04:55:14.982000+00:00,User2,1526330,19686,0,0.011,89314059,81921,0,0.01742222222222222,10943,0,0,0
2023-05-16 04:55:14.981000+00:00,User2,1526408,19687,0,0.011,89315157,81922,0,0.016966666666666668,10943,0,0,0
2023-05-16 04:55:14.988000+00:00,User2,1526408,19687,0,0.01,89317355,81924,0,0.017666666666666667,10943,0,0,0
2023-05-16 04:55:15.014000+00:00,User2,1526478,19688,0,0.01,89323045,81929,0,0.01728888888888889,10944,0,0,0
2023-05-16 04:55:15.024000+00:00,User2,1526478,19688,0,0.01,89326537,81932,0,0.0173,10944,0,0,0
2023-05-16 04:55:15.030000+00:00,User3,1509244,19405,2,0.008,87846367,80496,13,0.014611111111111111,10511,11,0,1
2023-05-16 04:55:15.046000+00:00,User2,1526615,19690,0,0.011,89328764,81934,0,0.017066666666666667,10945,0,0,0
2023-05-16 04:55:15.054000+00:00,User1,1516851,19468,0,0.012,80040121,73133,0,0.02921111111111111,9168,0,0,0
2023-05-16 04:55:15.108000+00:00,User2,1526773,19692,0,0.01,89348306,81952,0,0.01771111111111111,10947,0,0,0
2023-05-16 04:55:15.139000+00:00,User2,1526980,19695,0,0.01,89352620,81956,0,0.0172,10948,0,0,0
2023-05-16 04:55:15.153000+00:00,User2,1526980,19695,0,0.01,89357760,81961,0,0.017166666666666667,10948,0,0,0
2023-05-16 04:55:17.552000+00:00,User1,1526559,19593,0,0.013,80581041,73613,0,0.028766666666666666,9205,0,0,0
2023-05-16 04:55:17.567000+00:00,User1,1526745,19595,0,0.012,80592649,73623,0,0.029255555555555555,9206,0,0,0
2023-05-16 04:55:17.567000+00:00,User1,1526745,19595,0,0.012,80593810,73624,0,0.029244444444444444,9206,0,0,0
2023-05-16 04:55:17.598000+00:00,User1,1526745,19595,0,0.012,80606496,73635,0,0.030233333333333334,9206,0,0,0
2023-05-16 04:55:17.605000+00:00,User1,1526745,19595,0,0.012,80609952,73638,0,0.029611111111111112,9206,0,0,0
2023-05-16 04:55:17.605000+00:00,User1,1526745,19595,0,0.012,80609952,73638,0,0.0295,9206,0,0,0
2023-05-16 04:55:17.617000+00:00,User1,1526918,19597,0,0.014,80609952,73638,0,0.029555555555555557,9206,0,0,0
2023-05-16 04:55:17.627000+00:00,User1,1526918,19597,0,0.013,80609952,73638,0,0.030211111111111112,9206,0,0,0
2023-05-16 04:55:17.626000+00:00,User1,1526918,19597,0,0.014,80609952,73638,0,0.02907777777777778,9206,0,0,0
2023-05-16 04:55:17.627000+00:00,User1,1526918,19597,0,0.014,80607788,73636,2,0.029722222222222223,9154,10,0,1
2023-05-16 04:55:17.673000+00:00,User1,1527085,19599,0,0.013,80609952,73638,0,0.02951111111111111,9207,0,0,0
2023-05-16 04:55:17.760000+00:00,User3,1519854,19543,0,0.009,88544999,81140,0,0.01672222222222222,10704,0,0,0
2023-05-16 04:55:17.767000+00:00,User3,1519854,19543,0,0.008,88544999,81140,0,0.016422222222222223,10704,0,0,0
2023-05-16 04:55:17.762000+00:00,User3,1519854,19543,0,0.009,88544999,81140,0,0.01731111111111111,10704,0,0,0
2023-05-16 04:55:17.760000+00:00,User3,1519854,19543,0,0.009,88544999,81140,0,0.017244444444444444,10704,0,0,0
2023-05-16 04:55:17.765000+00:00,User3,1519854,19543,0,0.01,88544999,81140,0,0.017566666666666668,10705,0,0,0
2023-05-16 04:55:17.771000+00:00,User3,1519990,19545,0,0.01,88544999,81140,0,0.01671111111111111,10705,0,0,0
2023-05-16 04:55:17.778000+00:00,User3,1519990,19545,0,0.01,88546140,81141,0,0.015422222222222223,10705,0,0,0
2023-05-16 04:55:17.790000+00:00,User3,1519990,19545,0,0.009,88548422,81143,0,0.015955555555555556,10705,0,0,0
2023-05-16 04:55:17.795000+00:00,User3,1520058,19546,0,0.01,88552990,81147,0,0.015333333333333332,10705,0,0,0
2023-05-16 04:55:17.815000+00:00,User3,1520058,19546,0,0.01,88554117,81148,0,0.016855555555555554,10706,0,0,0
2023-05-16 04:55:17.868000+00:00,User3,1520384,19550,0,0.009,88568701,81161,0,0.01632222222222222,10708,0,0,0
2023-05-16 04:55:17.950000+00:00,User2,1537723,19834,0,0.009,90045200,82589,0,0.017455555555555554,11032,0,0,0
2023-05-16 04:55:17.977000+00:00,User2,1537953,19837,0,0.009,90045200,82589,0,0.017222222222222222,11033,0,0,0
2023-05-16 04:55:17.981000+00:00,User2,1537953,19837,0,0.01,90046254,82590,0,0.01611111111111111,11033,0,0,0
2023-05-16 04:55:17.982000+00:00,User2,1537953,19837,0,0.009,90046254,82590,0,0.016055555555555556,11033,0,0,0
2023-05-16 04:55:17.982000+00:00,User2,1537953,19837,0,0.009,90048362,82592,0,0.015266666666666666,11033,0,0,0
2023-05-16 04:55:17.986000+00:00,User2,1537953,19837,0,0.009,90048362,82592,0,0.016155555555555555,11033,0,0,0
2023-05-16 04:55:18.015000+00:00,User2,1538028,19838,0,0.009,90062689,82605,0,0.0171,11034,0,0,0
2023-05-16 04:55:18.027000+00:00,User2,1538028,19838,0,0.009,90063847,82606,0,0.017144444444444445,11034,0,0,0
2023-05-16 04:55:18.029000+00:00,User3,1520801,19555,2,0.009,88596536,81187,13,0.016622222222222222,10601,11,0,1
2023-05-16 04:55:18.045000+00:00,User2,1538103,19839,0,0.008,90068299,82610,0,0.017266666666666666,11035,0,0,0
2023-05-16 04:55:18.055000+00:00,User1,1528592,19618,0,0.014,80689819,73709,0,0.02838888888888889,9213,0,0,0
2023-05-16 04:55:18.113000+00:00,User2,1538352,19842,0,0.01,90081486,82622,0,0.01671111111111111,11037,0,0,0
2023-05-16 04:55:18.141000+00:00,User2,1538525,19844,0,0.009,90089809,82630,0,0.016533333333333334,11038,0,0,0
2023-05-16 04:55:18.153000+00:00,User2,1538525,19844,0,0.009,90095519,82635,0,0.016655555555555555,11038,0,0,0
2023-05-16 04:55:20.553000+00:00,User1,1538278,19743,0,0.012,81247483,74204,0,0.0287,9251,0,0,0
2023-05-16 04:55:20.567000+00:00,User1,1538361,19744,0,0.012,81254221,74210,0,0.027344444444444446,9251,0,0,0
2023-05-16 04:55:20.566000+00:00,User1,1538361,19744,0,0.011,81250852,74207,0,0.027544444444444444,9251,0,0,0
2023-05-16 04:55:20.603000+00:00,User1,1538439,19745,0,0.011,81273841,74228,0,0.028566666666666667,9251,0,0,0
2023-05-16 04:55:20.602000+00:00,User1,1538439,19745,0,0.012,81270697,74225,0,0.028255555555555555,9251,0,0,0
2023-05-16 04:55:20.607000+00:00,User1,1538439,19745,0,0.012,81270697,74225,0,0.028077777777777778,9251,0,0,0
2023-05-16 04:55:20.625000+00:00,User1,1538573,19747,0,0.012,81274889,74229,0,0.027666666666666666,9251,0,0,0
2023-05-16 04:55:20.618000+00:00,User1,1538573,19747,0,0.012,81274889,74229,0,0.027555555555555555,9251,0,0,0
2023-05-16 04:55:20.627000+00:00,User1,1538573,19747,0,0.012,81274889,74229,0,0.028266666666666666,9251,0,0,0
2023-05-16 04:55:20.626000+00:00,User1,1538573,19747,0,0.012,81272725,74227,2,0.02787777777777778,9199,10,0,1
2023-05-16 04:55:20.675000+00:00,User1,1538813,19750,0,0.011,81274889,74229,0,0.027966666666666667,9252,0,0,0
2023-05-16 04:55:20.759000+00:00,User3,1531487,19693,0,0.01,89282598,81814,0,0.020955555555555557,10793,0,0,0
2023-05-16 04:55:38.756000+00:00,User3,1600993,20595,0,0.012,93469759,85666,0,0.012777777777777779,11332,0,0,0
2023-05-16 04:55:38.767000+00:00,User3,1600993,20595,0,0.011,93469759,85666,0,0.012755555555555555,11332,0,0,0
2023-05-16 04:55:38.767000+00:00,User3,1600993,20595,0,0.012,93469759,85666,0,0.012588888888888889,11332,0,0,0
2023-05-16 04:55:38.768000+00:00,User3,1600993,20595,0,0.011,93469759,85666,0,0.01301111111111111,11332,0,0,0
2023-05-16 04:55:38.771000+00:00,User3,1600993,20595,0,0.011,93470755,85667,0,0.012588888888888889,11332,0,0,0
2023-05-16 04:55:38.781000+00:00,User3,1600993,20595,0,0.012,93472749,85669,0,0.012088888888888889,11332,0,0,0
2023-05-16 04:55:38.794000+00:00,User3,1600993,20595,0,0.012,93472749,85669,0,0.012833333333333334,11332,0,0,0
2023-05-16 04:55:38.799000+00:00,User3,1600993,20595,0,0.011,93472749,85669,0,0.012611111111111111,11333,0,0,0
2023-05-16 04:55:38.819000+00:00,User3,1600993,20595,0,0.012,93473738,85670,0,0.012333333333333333,11333,0,0,0
2023-05-16 04:55:38.868000+00:00,User3,1601329,20600,0,0.012,93478783,85675,0,0.012211111111111112,11335,0,0,0
2023-05-16 04:55:38.952000+00:00,User2,1618903,20885,0,0.012,95022589,87167,0,0.018233333333333334,11661,0,0,0
2023-05-16 04:55:38.977000+00:00,User2,1619038,20887,0,0.012,95030625,87174,0,0.017877777777777777,11662,0,0,0
2023-05-16 04:55:38.981000+00:00,User2,1619038,20887,0,0.013,95030625,87174,0,0.018322222222222222,11662,0,0,0
2023-05-16 04:55:47.628000+00:00,User1,1643306,21098,0,0.01,86549677,78946,2,0.026644444444444443,9603,10,0,1
2023-05-16 04:55:47.674000+00:00,User1,1643492,21100,0,0.011,86571182,78965,0,0.02667777777777778,9655,0,0,0
2023-05-16 04:55:47.759000+00:00,User3,1636009,21044,0,0.014,95476428,87510,0,0.01578888888888889,11600,0,0,0
2023-05-16 04:55:47.758000+00:00,User3,1636009,21044,0,0.014,95476428,87510,0,0.015366666666666667,11600,0,0,0
2023-05-16 04:55:47.768000+00:00,User3,1636009,21044,0,0.014,95474228,87508,0,0.015455555555555556,11600,0,0,0
2023-05-16 04:55:47.775000+00:00,User3,1636009,21044,0,0.014,95476428,87510,0,0.016077777777777778,11600,0,0,0
2023-05-16 04:55:47.770000+00:00,User3,1636009,21044,0,0.014,95476428,87510,0,0.015855555555555557,11600,0,0,0
2023-05-16 04:55:47.770000+00:00,User3,1636009,21044,0,0.014,95477578,87511,0,0.016366666666666668,11601,0,0,0
2023-05-16 04:55:47.779000+00:00,User3,1636098,21045,0,0.013,95483331,87516,0,0.015822222222222224,11601,0,0,0
2023-05-16 04:55:47.795000+00:00,User3,1636098,21045,0,0.014,95484482,87517,0,0.016244444444444443,11601,0,0,0
2023-05-16 04:55:47.801000+00:00,User3,1636245,21047,0,0.014,95484482,87517,0,0.01728888888888889,11602,0,0,0
2023-05-16 04:55:47.815000+00:00,User3,1636245,21047,0,0.014,95484482,87517,0,0.017055555555555556,11602,0,0,0
2023-05-16 04:55:47.869000+00:00,User3,1636369,21049,0,0.013,95500441,87531,0,0.01732222222222222,11603,0,0,0
2023-05-16 04:55:47.954000+00:00,User2,1654354,21335,0,0.013,96988502,88986,0,0.01778888888888889,11930,0,0,0
2023-05-16 04:55:47.978000+00:00,User2,1654441,21336,0,0.014,96991820,88989,0,0.017022222222222223,11931,0,0,0
2023-05-16 04:55:47.982000+00:00,User2,1654441,21336,0,0.014,96991820,88989,0,0.01578888888888889,11931,0,0,0
2023-05-16 04:55:47.983000+00:00,User2,1654441,21336,0,0.014,96991820,88989,0,0.01637777777777778,11931,0,0,0
2023-05-16 04:55:47.988000+00:00,User2,1654523,21337,0,0.013,96992927,88990,0,0.015911111111111112,11932,0,0,0
2023-05-16 04:55:47.986000+00:00,User2,1654441,21336,0,0.014,96991820,88989,0,0.016566666666666667,11931,0,0,0
2023-05-16 04:55:48.025000+00:00,User2,1654606,21338,0,0.012,97006233,89002,0,0.017822222222222222,11932,0,0,0
2023-05-16 04:55:48.024000+00:00,User2,1654606,21338,0,0.014,97006233,89002,0,0.017644444444444445,11932,0,0,0
2023-05-16 04:55:48.040000+00:00,User3,1636878,21056,2,0.013,95529991,87558,13,0.01632222222222222,11497,11,0,1
2023-05-16 04:55:48.050000+00:00,User2,1654774,21340,0,0.013,97009596,89005,0,0.017122222222222223,11933,0,0,0
2023-05-16 04:55:48.055000+00:00,User1,1644875,21118,0,0.011,86649641,79035,0,0.027744444444444443,9661,0,0,0
2023-05-16 04:55:48.117000+00:00,User2,1654922,21342,0,0.012,97026475,89020,0,0.016288888888888887,11935,0,0,0
2023-05-16 04:55:48.140000+00:00,User2,1655117,21345,0,0.012,97036472,89029,0,0.01707777777777778,11936,0,0,0
2023-05-16 04:55:48.153000+00:00,User2,1655117,21345,0,0.012,97040851,89033,0,0.016844444444444443,11936,0,0,0
2023-05-16 04:55:50.553000+00:00,User1,1654290,21244,0,0.011,87231260,79553,0,0.02951111111111111,9699,0,0,0
2023-05-16 04:55:50.573000+00:00,User1,1654290,21244,0,0.012,87231260,79553,0,0.0293,9699,0,0,0
2023-05-16 04:55:50.574000+00:00,User1,1654290,21244,0,0.012,87231260,79553,0,0.0293,9699,0,0,0
2023-05-16 04:55:50.609000+00:00,User1,1654494,21247,0,0.012,87237776,79559,0,0.028933333333333332,9700,0,0,0
2023-05-16 04:55:50.608000+00:00,User1,1654494,21247,0,0.012,87237776,79559,0,0.029144444444444445,9700,0,0,0
2023-05-16 04:55:50.616000+00:00,User1,1654494,21247,0,0.012,87241035,79562,0,0.028666666666666667,9700,0,0,0
2023-05-16 04:55:50.619000+00:00,User1,1654494,21247,0,0.011,87244296,79565,0,0.028455555555555557,9700,0,0,0
2023-05-16 04:55:50.630000+00:00,User1,1654494,21247,0,0.012,87244296,79565,0,0.029244444444444444,9700,0,0,0
2023-05-16 04:55:50.627000+00:00,User1,1654494,21247,0,0.012,87244296,79565,0,0.028533333333333334,9700,0,0,0
2023-05-16 04:55:50.629000+00:00,User1,1654494,21247,0,0.011,87242132,79563,2,0.02896666666666667,9648,10,0,1
2023-05-16 04:55:50.675000+00:00,User1,1654625,21249,0,0.011,87249886,79570,0,0.028455555555555557,9701,0,0,0
2023-05-16 04:55:50.759000+00:00,User3,1647238,21194,0,0.012,96225656,88196,0,0.0158,11690,0,0,0
2023-05-16 04:55:50.758000+00:00,User3,1647238,21194,0,0.012,96225656,88196,0,0.0156,11690,0,0,0
2023-05-16 04:55:50.763000+00:00,User3,1647238,21194,0,0.012,96225656,88196,0,0.015355555555555556,11690,0,0,0
2023-05-16 04:55:50.769000+00:00,User3,1647238,21194,0,0.012,96225656,88196,0,0.016244444444444443,11691,0,0,0
2023-05-16 04:55:50.775000+00:00,User3,1647238,21194,0,0.013,96225656,88196,0,0.015655555555555555,11690,0,0,0
2023-05-16 04:55:50.770000+00:00,User3,1647238,21194,0,0.012,96225656,88196,0,0.01572222222222222,11691,0,0,0
2023-05-16 04:55:50.780000+00:00,User3,1647405,21196,0,0.012,96228971,88199,0,0.0153,11691,0,0,0
2023-05-16 04:55:50.796000+00:00,User3,1647405,21196,0,0.012,96235605,88205,0,0.016133333333333333,11691,0,0,0
2023-05-16 04:55:50.804000+00:00,User3,1647405,21196,0,0.012,96238918,88208,0,0.01648888888888889,11692,0,0,0
2023-05-16 04:55:50.820000+00:00,User3,1647405,21196,0,0.012,96240019,88209,0,0.01682222222222222,11692,0,0,0
2023-05-16 04:55:50.869000+00:00,User3,1647625,21199,0,0.013,96249633,88218,0,0.016133333333333333,11694,0,0,0
2023-05-16 04:55:50.952000+00:00,User2,1665984,21485,0,0.011,97745238,89676,0,0.016877777777777776,12020,0,0,0
2023-05-16 04:55:50.978000+00:00,User2,1666155,21487,0,0.011,97748667,89679,0,0.016355555555555557,12021,0,0,0
2023-05-16 04:55:50.982000+00:00,User2,1666155,21487,0,0.013,97748667,89679,0,0.016133333333333333,12021,0,0,0
2023-05-16 04:55:50.982000+00:00,User2,1666155,21487,0,0.012,97748667,89679,0,0.015655555555555555,12021,0,0,0
2023-05-16 04:55:50.984000+00:00,User2,1666155,21487,0,0.012,97752096,89682,0,0.016233333333333332,12021,0,0,0
2023-05-16 04:55:50.990000+00:00,User2,1666155,21487,0,0.012,97752096,89682,0,0.016466666666666668,12021,0,0,0
2023-05-16 04:55:51.018000+00:00,User2,1666304,21489,0,0.014,97761008,89690,0,0.016433333333333335,12022,0,0,0
2023-05-16 04:55:51.029000+00:00,User2,1666232,21488,0,0.013,97759911,89689,0,0.01632222222222222,12022,0,0,0
2023-05-16 04:55:51.041000+00:00,User3,1648117,21206,2,0.013,96283757,88247,13,0.01622222222222222,11587,11,0,1
2023-05-16 04:55:51.050000+00:00,User2,1666304,21489,0,0.013,97765537,89694,0,0.01707777777777778,12023,0,0,0
2023-05-16 04:55:51.056000+00:00,User1,1656166,21268,0,0.009,87328982,79641,0,0.028511111111111112,9706,0,0,0
2023-05-16 04:55:51.118000+00:00,User2,1666541,21492,0,0.012,97780427,89707,0,0.01681111111111111,12025,0,0,0
2023-05-16 04:55:51.140000+00:00,User2,1666666,21494,0,0.012,97792544,89718,0,0.0168,12026,0,0,0
2023-05-16 04:55:51.155000+00:00,User2,1666726,21495,0,0.011,97796670,89722,0,0.016644444444444444,12027,0,0,0
2023-05-16 04:55:53.555000+00:00,User1,1665848,21393,0,0.011,87875328,80127,0,0.027155555555555554,9743,0,0,0
2023-05-16 04:55:53.572000+00:00,User1,1665924,21394,0,0.01,87875328,80127,0,0.026933333333333333,9744,0,0,0
2023-05-16 04:55:53.574000+00:00,User1,1666072,21396,0,0.011,87875328,80127,0,0.0271,9744,0,0,0
2023-05-16 04:55:53.608000+00:00,User1,1666072,21396,0,0.011,87875328,80127,0,0.02728888888888889,9745,0,0,0
2023-05-16 04:55:53.605000+00:00,User1,1666072,21396,0,0.011,87875328,80127,0,0.027355555555555557,9745,0,0,0
2023-05-16 04:55:53.615000+00:00,User1,1666158,21397,0,0.011,87875328,80127,0,0.027144444444444443,9745,0,0,0
2023-05-16 04:55:53.621000+00:00,User1,1666158,21397,0,0.011,87878808,80130,0,0.027666666666666666,9745,0,0,0
2023-05-16 04:55:53.630000+00:00,User1,1666158,21397,0,0.011,87878808,80130,0,0.027244444444444446,9745,0,0,0
2023-05-16 04:55:53.628000+00:00,User1,1666158,21397,0,0.011,87878808,80130,0,0.027422222222222223,9745,0,0,0
2023-05-16 04:55:53.628000+00:00,User1,1666246,21398,0,0.011,87880124,80131,2,0.027633333333333333,9693,10,0,1
2023-05-16 04:55:53.675000+00:00,User1,1666331,21399,0,0.01,87893896,80143,0,0.027022222222222222,9745,0,0,0
2023-05-16 04:55:53.758000+00:00,User3,1658818,21344,0,0.01,96978457,88884,0,0.016633333333333333,11780,0,0,0
2023-05-16 04:55:53.762000+00:00,User3,1658818,21344,0,0.011,96978457,88884,0,0.016077777777777778,11780,0,0,0
2023-05-16 04:55:53.765000+00:00,User3,1658818,21344,0,0.012,96978457,88884,0,0.016533333333333334,11780,0,0,0
2023-05-16 04:55:53.768000+00:00,User3,1658818,21344,0,0.011,96980579,88886,0,0.01633333333333333,11780,0,0,0
2023-05-16 04:55:53.775000+00:00,User3,1658818,21344,0,0.011,96980579,88886,0,0.016355555555555557,11780,0,0,0
2023-05-16 04:55:53.770000+00:00,User3,1658818,21344,0,0.011,96981669,88887,0,0.01637777777777778,11781,0,0,0
2023-05-16 04:55:53.779000+00:00,User3,1658904,21345,0,0.011,96983849,88889,0,0.016133333333333333,11781,0,0,0
2023-05-16 04:55:53.796000+00:00,User3,1658904,21345,0,0.01,96989303,88894,0,0.016733333333333333,11781,0,0,0
2023-05-16 04:55:53.802000+00:00,User3,1658904,21345,0,0.01,96989303,88894,0,0.016766666666666666,11782,0,0,0
2023-05-16 04:55:53.820000+00:00,User3,1658996,21346,0,0.011,96990380,88895,0,0.015855555555555557,11782,0,0,0
2023-05-16 04:55:53.869000+00:00,User3,1659224,21349,0,0.011,97006536,88910,0,0.017055555555555556,11783,0,0,0
2023-05-16 04:55:53.952000+00:00,User2,1677363,21635,0,0.009,98502148,90366,0,0.016777777777777777,12110,0,0,0
2023-05-16 04:55:53.978000+00:00,User2,1677430,21636,0,0.009,98505466,90369,0,0.016544444444444445,12111,0,0,0
2023-05-16 04:55:53.982000+00:00,User2,1677430,21636,0,0.009,98508786,90372,0,0.01637777777777778,12111,0,0,0
2023-05-16 04:55:53.982000+00:00,User2,1677430,21636,0,0.01,98508786,90372,0,0.016666666666666666,12111,0,0,0
2023-05-16 04:55:53.986000+00:00,User2,1677430,21636,0,0.009,98508786,90372,0,0.016055555555555556,12111,0,0,0
2023-05-16 04:55:53.996000+00:00,User2,1677563,21638,0,0.009,98508786,90372,0,0.016888888888888887,12111,0,0,0
2023-05-16 04:55:54.019000+00:00,User2,1677626,21639,0,0.01,98515926,90379,0,0.0165,12113,0,0,0
2023-05-16 04:55:54.028000+00:00,User2,1677626,21639,0,0.01,98515926,90379,0,0.017388888888888888,12112,0,0,0
2023-05-16 04:55:54.041000+00:00,User3,1659761,21356,2,0.01,97036693,88937,13,0.016833333333333332,11677,11,0,1
2023-05-16 04:55:54.049000+00:00,User2,1677699,21640,0,0.01,98520024,90383,0,0.016533333333333334,12113,0,0,0
2023-05-16 04:55:54.056000+00:00,User1,1667825,21418,0,0.012,87982168,80221,0,0.02882222222222222,9751,0,0,0
2023-05-16 04:55:54.118000+00:00,User2,1677909,21643,0,0.009,98534574,90396,0,0.016844444444444443,12115,0,0,0
2023-05-16 04:55:54.140000+00:00,User2,1678043,21645,0,0.009,98542532,90403,0,0.016188888888888888,12116,0,0,0
2023-05-16 04:55:54.156000+00:00,User2,1678043,21645,0,0.009,98546982,90407,0,0.016144444444444444,12117,0,0,0
2023-05-16 04:55:56.555000+00:00,User1,1677640,21543,0,0.012,88300629,80513,0,0.013488888888888889,9788,0,0,0
2023-05-16 04:55:56.573000+00:00,User1,1677809,21545,0,0.01,88300629,80513,0,0.013855555555555555,9789,0,0,0
2023-05-16 04:55:56.574000+00:00,User1,1677893,21546,0,0.011,88300629,80513,0,0.01368888888888889,9789,0,0,0
2023-05-16 04:55:56.609000+00:00,User1,1677893,21546,0,0.011,88301536,80514,0,0.01368888888888889,9790,0,0,0
2023-05-16 04:55:56.609000+00:00,User1,1677893,21546,0,0.012,88301536,80514,0,0.013377777777777778,9790,0,0,0
2023-05-16 04:55:56.616000+00:00,User1,1677979,21547,0,0.011,88304258,80517,0,0.013533333333333333,9790,0,0,0
2023-05-16 04:55:56.621000+00:00,User1,1677979,21547,0,0.011,88304258,80517,0,0.0136,9790,0,0,0
2023-05-16 04:55:56.631000+00:00,User1,1677979,21547,0,0.012,88304258,80517,0,0.013533333333333333,9790,0,0,0
2023-05-16 04:55:56.627000+00:00,User1,1677979,21547,0,0.011,88304258,80517,0,0.013588888888888888,9790,0,0,0
2023-05-16 04:55:56.629000+00:00,User1,1677979,21547,0,0.011,88302094,80515,2,0.013966666666666667,9738,10,0,1
2023-05-16 04:55:56.680000+00:00,User1,1678233,21550,0,0.011,88307287,80520,0,0.013177777777777778,9790,0,0,0
2023-05-16 04:55:56.761000+00:00,User3,1670506,21495,0,0.01,97541507,89412,0,0.008555555555555556,11870,0,0,0
2023-05-16 04:55:56.764000+00:00,User3,1670506,21495,0,0.011,97541507,89412,0,0.008755555555555556,11870,0,0,0
2023-05-16 04:55:56.761000+00:00,User3,1670506,21495,0,0.01,97541507,89412,0,0.009055555555555556,11870,0,0,0
2023-05-16 04:55:56.774000+00:00,User3,1670506,21495,0,0.011,97543367,89414,0,0.008766666666666667,11871,0,0,0
2023-05-16 04:55:56.769000+00:00,User3,1670506,21495,0,0.01,97543367,89414,0,0.008722222222222221,11871,0,0,0
2023-05-16 04:55:56.770000+00:00,User3,1670506,21495,0,0.01,97544297,89415,0,0.0084,11871,0,0,0
2023-05-16 04:55:56.780000+00:00,User3,1670506,21495,0,0.01,97545228,89416,0,0.0085,11871,0,0,0
2023-05-16 04:55:56.795000+00:00,User3,1670506,21495,0,0.01,97545228,89416,0,0.009033333333333334,11871,0,0,0
2023-05-16 04:55:56.803000+00:00,User3,1670589,21496,0,0.012,97547062,89418,0,0.007666666666666666,11872,0,0,0
2023-05-16 04:55:56.820000+00:00,User3,1670672,21497,0,0.011,97548896,89420,0,0.008777777777777778,11872,0,0,0
2023-05-16 04:55:56.870000+00:00,User3,1670838,21499,0,0.012,97552622,89424,0,0.008466666666666667,11873,0,0,0
2023-05-16 04:55:56.953000+00:00,User2,1688800,21785,0,0.01,99250767,91055,0,0.017122222222222223,12201,0,0,0
2023-05-16 04:55:56.983000+00:00,User2,1688887,21786,0,0.01,99251798,91056,0,0.01611111111111111,12201,0,0,0
2023-05-16 04:55:56.984000+00:00,User2,1689055,21788,0,0.01,99252829,91057,0,0.01671111111111111,12202,0,0,0
2023-05-16 04:55:56.979000+00:00,User2,1688887,21786,0,0.01,99250767,91055,0,0.01707777777777778,12201,0,0,0
2023-05-16 04:55:56.984000+00:00,User2,1688887,21786,0,0.01,99250767,91055,0,0.017277777777777777,12201,0,0,0
2023-05-16 04:55:56.989000+00:00,User2,1689055,21788,0,0.011,99253861,91058,0,0.01672222222222222,12202,0,0,0
2023-05-16 04:55:57.019000+00:00,User2,1689140,21789,0,0.01,99266218,91070,0,0.017666666666666667,12202,0,0,0
2023-05-16 04:55:57.030000+00:00,User2,1689140,21789,0,0.011,99266218,91070,0,0.016888888888888887,12202,0,0,0
2023-05-16 04:55:57.040000+00:00,User3,1671570,21507,2,0.012,97558542,89431,13,0.0087,11766,11,0,1
2023-05-16 04:55:57.049000+00:00,User2,1689215,21790,0,0.01,99273680,91077,0,0.01728888888888889,12203,0,0,0
2023-05-16 04:55:57.055000+00:00,User1,1679822,21568,0,0.013,88327619,80541,0,0.010566666666666667,9796,0,0,0
2023-05-16 04:55:57.117000+00:00,User2,1689440,21793,0,0.009,99291252,91093,0,0.017444444444444443,12205,0,0,0
2023-05-16 04:55:57.141000+00:00,User2,1689574,21795,0,0.012,99296580,91098,0,0.016966666666666668,12206,0,0,0
2023-05-16 04:55:57.156000+00:00,User2,1689574,21795,0,0.011,99300620,91102,0,0.017344444444444444,12206,0,0,0
2023-05-16 04:55:59.554000+00:00,User1,1689473,21693,0,0.012,88779229,80945,0,0.0238,9832,0,0,0
2023-05-16 04:55:59.575000+00:00,User1,1689539,21694,0,0.011,88779229,80945,0,0.023911111111111112,9833,0,0,0
2023-05-16 04:55:59.578000+00:00,User1,1689539,21694,0,0.011,88779229,80945,0,0.02361111111111111,9833,0,0,0
2023-05-16 04:55:59.609000+00:00,User1,1689705,21696,0,0.012,88779229,80945,0,0.02458888888888889,9834,0,0,0
2023-05-16 04:55:59.608000+00:00,User1,1689784,21697,0,0.012,88779229,80945,0,0.02438888888888889,9834,0,0,0
2023-05-16 04:55:59.616000+00:00,User1,1689784,21697,0,0.011,88779229,80945,0,0.0242,9834,0,0,0
2023-05-16 04:55:59.621000+00:00,User1,1689784,21697,0,0.011,88780361,80946,0,0.02421111111111111,9834,0,0,0
2023-05-16 04:55:59.631000+00:00,User1,1689784,21697,0,0.011,88782625,80948,0,0.024444444444444446,9834,0,0,0
2023-05-16 04:55:59.628000+00:00,User1,1689784,21697,0,0.012,88782625,80948,0,0.023444444444444445,9834,0,0,0
2023-05-16 04:55:59.630000+00:00,User1,1689784,21697,0,0.011,88783857,80949,2,0.02408888888888889,9782,10,0,1
2023-05-16 04:55:59.676000+00:00,User1,1690034,21700,0,0.011,88792816,80957,0,0.024122222222222222,9834,0,0,0
2023-05-16 04:55:59.761000+00:00,User3,1682390,21644,0,0.01,98189892,90017,0,0.017633333333333334,11959,0,0,0
2023-05-16 04:55:59.764000+00:00,User3,1682390,21644,0,0.01,98189892,90017,0,0.01768888888888889,11959,0,0,0
2023-05-16 04:55:59.764000+00:00,User3,1682390,21644,0,0.01,98189892,90017,0,0.017744444444444445,11959,0,0,0
2023-05-16 04:55:59.777000+00:00,User3,1682390,21644,0,0.009,98189892,90017,0,0.017155555555555556,11959,0,0,0
2023-05-16 04:55:59.771000+00:00,User3,1682390,21644,0,0.009,98189892,90017,0,0.017477777777777776,11960,0,0,0
2023-05-16 04:55:59.769000+00:00,User3,1682390,21644,0,0.01,98189892,90017,0,0.017011111111111112,11960,0,0,0
2023-05-16 04:55:59.779000+00:00,User3,1682471,21645,0,0.009,98194141,90021,0,0.016677777777777777,11960,0,0,0
2023-05-16 04:55:59.795000+00:00,User3,1682537,21646,0,0.009,98197330,90024,0,0.016577777777777778,11960,0,0,0
2023-05-16 04:55:59.803000+00:00,User3,1682537,21646,0,0.01,98199602,90026,0,0.01742222222222222,11961,0,0,0
2023-05-16 04:55:59.820000+00:00,User3,1682603,21647,0,0.009,98200738,90027,0,0.017033333333333334,11961,0,0,0
2023-05-16 04:55:59.869000+00:00,User3,1682745,21649,0,0.008,98216965,90042,0,0.01912222222222222,11963,0,0,0
2023-05-16 04:55:59.953000+00:00,User2,1700527,21935,0,0.011,100002473,91744,0,0.017344444444444444,12290,0,0,0
2023-05-16 04:55:59.979000+00:00,User2,1700697,21937,0,0.009,100004727,91746,0,0.0165,12291,0,0,0
2023-05-16 04:55:59.983000+00:00,User2,1700697,21937,0,0.009,100004727,91746,0,0.01648888888888889,12291,0,0,0
2023-05-16 04:55:59.985000+00:00,User2,1700697,21937,0,0.01,100004727,91746,0,0.016933333333333335,12291,0,0,0
2023-05-16 04:55:59.989000+00:00,User2,1700697,21937,0,0.009,100009239,91750,0,0.01647777777777778,12291,0,0,0
2023-05-16 04:55:59.991000+00:00,User2,1700697,21937,0,0.01,100009239,91750,0,0.01711111111111111,12291,0,0,0
2023-05-16 04:56:00.027000+00:00,User2,1700782,21938,0,0.011,100017907,91758,0,0.01742222222222222,12292,0,0,0
2023-05-16 04:56:00.031000+00:00,User2,1700782,21938,0,0.01,100017907,91758,0,0.016677777777777777,12292,0,0,0
2023-05-16 04:56:00.040000+00:00,User3,1683339,21656,2,0.009,98241746,90065,13,0.017222222222222222,11856,11,0,1
2023-05-16 04:56:00.054000+00:00,User2,1700936,21940,0,0.01,100024795,91764,0,0.015588888888888888,12292,0,0,0
2023-05-16 04:56:00.059000+00:00,User1,1691422,21718,0,0.013,88869967,81026,0,0.02497777777777778,9840,0,0,0
2023-05-16 04:56:00.121000+00:00,User2,1701094,21942,0,0.01,100035004,91773,0,0.016133333333333333,12295,0,0,0
2023-05-16 04:56:00.141000+00:00,User2,1701330,21945,0,0.009,100043857,91781,0,0.0164,12296,0,0,0
2023-05-16 04:56:00.155000+00:00,User2,1701330,21945,0,0.01,100051232,91788,0,0.01608888888888889,12296,0,0,0
2023-05-16 04:56:02.576000+00:00,User1,1700124,21832,0,0.018,89458681,81544,0,0.0434,9872,0,0,0
2023-05-16 04:56:02.566000+00:00,User1,1700124,21832,0,0.018,89458681,81544,0,0.04437777777777778,9872,0,0,0
2023-05-16 04:56:02.609000+00:00,User1,1700124,21832,0,0.018,89475005,81558,0,0.043755555555555554,9872,0,0,0
2023-05-16 04:56:02.615000+00:00,User1,1700124,21832,0,0.018,89475005,81558,0,0.04391111111111111,9872,0,0,0
2023-05-16 04:56:02.610000+00:00,User1,1700124,21832,0,0.019,89475005,81558,0,0.04385555555555556,9872,0,0,0
2023-05-16 04:56:02.603000+00:00,User1,1700124,21832,0,0.02,89459847,81545,0,0.044311111111111114,9872,0,0,0
2023-05-16 04:56:02.628000+00:00,User1,1700124,21832,0,0.018,89476171,81559,0,0.04376666666666667,9872,0,0,0
2023-05-16 04:56:02.631000+00:00,User1,1700124,21832,0,0.018,89476171,81559,0,0.042944444444444445,9872,0,0,0
2023-05-16 04:56:02.629000+00:00,User1,1700124,21832,0,0.018,89474007,81557,2,0.043644444444444444,9820,10,0,1
2023-05-16 04:56:02.678000+00:00,User1,1700308,21834,0,0.023,89478503,81561,0,0.041322222222222225,9873,0,0,0
2023-05-16 04:56:02.631000+00:00,User1,1700124,21832,0,0.021,89476171,81559,0,0.04292222222222222,9872,0,0,0
2023-05-16 04:56:02.764000+00:00,User3,1692977,21782,0,0.022,98707673,90489,0,0.03944444444444444,12019,0,0,0
2023-05-16 04:56:02.761000+00:00,User3,1692977,21782,0,0.023,98707673,90489,0,0.04005555555555555,12019,0,0,0
2023-05-16 04:56:02.770000+00:00,User3,1692977,21782,0,0.022,98707673,90489,0,0.039655555555555555,12019,0,0,0
2023-05-16 04:56:02.777000+00:00,User3,1692977,21782,0,0.022,98707673,90489,0,0.03931111111111111,12019,0,0,0
2023-05-16 04:56:02.772000+00:00,User3,1692977,21782,0,0.022,98707673,90489,0,0.0386,12019,0,0,0
2023-05-16 04:56:02.780000+00:00,User3,1692977,21782,0,0.022,98707673,90489,0,0.03941111111111111,12019,0,0,0
2023-05-16 04:56:02.796000+00:00,User3,1692977,21782,0,0.022,98707673,90489,0,0.03983333333333333,12019,0,0,0
2023-05-16 04:56:02.802000+00:00,User3,1693062,21783,0,0.023,98707673,90489,0,0.0399,12019,0,0,0
2023-05-16 04:56:02.823000+00:00,User3,1693157,21784,0,0.022,98707673,90489,0,0.041544444444444446,12019,0,0,0
2023-05-16 04:56:02.786000+00:00,User3,1692806,21780,0,0.023,98707673,90489,0,0.03875555555555556,12018,0,0,0
2023-05-16 04:56:02.869000+00:00,User3,1693464,21788,0,0.019,98707673,90489,0,0.03966666666666667,12019,0,0,0
2023-05-16 04:56:02.953000+00:00,User2,1712534,22085,0,0.009,100434063,92162,0,0.011455555555555556,12379,0,0,0
2023-05-16 04:56:02.984000+00:00,User2,1712615,22086,0,0.009,100441397,92169,0,0.01161111111111111,12380,0,0,0
2023-05-16 04:56:02.984000+00:00,User2,1712615,22086,0,0.012,100441397,92169,0,0.013433333333333334,12374,0,0,0
2023-05-16 04:56:02.984000+00:00,User2,1712615,22086,0,0.008,100441397,92169,0,0.011377777777777778,12380,0,0,0
2023-05-16 04:56:02.989000+00:00,User2,1712615,22086,0,0.008,100441397,92169,0,0.011144444444444445,12380,0,0,0
2023-05-16 04:56:02.991000+00:00,User2,1712615,22086,0,0.01,100441397,92169,0,0.014033333333333333,12380,0,0,0
2023-05-16 04:56:03.022000+00:00,User2,1712858,22089,0,0.011,100442486,92170,0,0.01338888888888889,12381,0,0,0
2023-05-16 04:56:03.043000+00:00,User3,1694031,21795,2,0.02,98705377,90486,13,0.057044444444444446,11908,11,0,1
2023-05-16 04:56:03.058000+00:00,User2,1712939,22090,0,0.01,100456890,92183,0,0.012044444444444444,12382,0,0,0
2023-05-16 04:56:03.058000+00:00,User1,1702678,21865,0,0.016,89559211,81631,0,0.06304444444444444,9875,0,0,0
2023-05-16 04:56:03.040000+00:00,User2,1712858,22089,0,0.011,100441397,92169,0,0.011955555555555556,12380,0,0,0
2023-05-16 04:56:03.121000+00:00,User2,1713263,22094,0,0.011,100470305,92195,0,0.011933333333333334,12384,0,0,0
2023-05-16 04:56:03.142000+00:00,User2,1713263,22094,0,0.011,100482552,92206,0,0.019088888888888888,12385,0,0,0
2023-05-16 04:56:03.165000+00:00,User2,1713344,22095,0,0.01,100485978,92209,0,0.012588888888888889,12385,0,0,0
2023-05-16 04:56:05.562000+00:00,User1,1712242,21991,0,0.011,90093901,82108,0,0.039711111111111114,9914,0,0,0
2023-05-16 04:56:05.577000+00:00,User1,1712242,21991,0,0.01,90106484,82119,0,0.039433333333333334,9914,0,0,0
2023-05-16 04:56:05.589000+00:00,User1,1712305,21992,0,0.01,90111060,82123,0,0.03885555555555555,9914,0,0,0
2023-05-16 04:56:05.610000+00:00,User1,1712377,21993,0,0.01,90111060,82123,0,0.03894444444444444,9914,0,0,0
2023-05-16 04:56:05.610000+00:00,User1,1712377,21993,0,0.01,90112144,82124,0,0.03942222222222222,9914,0,0,0
2023-05-16 04:56:05.616000+00:00,User1,1712377,21993,0,0.01,90112144,82124,0,0.03968888888888889,9914,0,0,0
2023-05-16 04:56:05.629000+00:00,User1,1712377,21993,0,0.009,90117564,82129,0,0.0394,9914,0,0,0
2023-05-16 04:56:05.628000+00:00,User1,1712377,21993,0,0.01,90120819,82132,0,0.03883333333333333,9914,0,0,0
2023-05-16 04:56:05.633000+00:00,User1,1712377,21993,0,0.01,90117564,82129,0,0.03911111111111111,9914,0,0,0
2023-05-16 04:56:05.631000+00:00,User1,1712377,21993,0,0.009,90118655,82130,2,0.0396,9863,10,0,1
2023-05-16 04:56:05.676000+00:00,User1,1712584,21996,0,0.011,90125219,82136,0,0.03788888888888889,9915,0,0,0
2023-05-16 04:56:05.763000+00:00,User3,1704568,21934,0,0.012,99648124,91337,0,0.02132222222222222,12099,0,0,0
2023-05-16 04:56:05.762000+00:00,User3,1704568,21934,0,0.012,99648124,91337,0,0.020722222222222222,12099,0,0,0
2023-05-16 04:56:05.767000+00:00,User3,1704568,21934,0,0.012,99649248,91338,0,0.019844444444444446,12099,0,0,0
2023-05-16 04:56:05.777000+00:00,User3,1704568,21934,0,0.012,99651496,91340,0,0.020633333333333333,12099,0,0,0
2023-05-16 04:56:05.772000+00:00,User3,1704568,21934,0,0.012,99651496,91340,0,0.02158888888888889,12099,0,0,0
2023-05-16 04:56:05.771000+00:00,User3,1704568,21934,0,0.011,99654869,91343,0,0.021355555555555555,12099,0,0,0
2023-05-16 04:56:05.780000+00:00,User3,1704568,21934,0,0.012,99657095,91345,0,0.022144444444444446,12099,0,0,0
2023-05-16 04:56:05.796000+00:00,User3,1704702,21936,0,0.012,99665903,91353,0,0.02218888888888889,12100,0,0,0
2023-05-16 04:56:05.803000+00:00,User3,1704702,21936,0,0.012,99672565,91359,0,0.022166666666666668,12100,0,0,0
2023-05-16 04:56:05.822000+00:00,User3,1704702,21936,0,0.012,99676033,91362,0,0.02311111111111111,12100,0,0,0
2023-05-16 04:56:05.869000+00:00,User3,1704917,21939,0,0.013,99688205,91373,0,0.0222,12102,0,0,0
2023-05-16 04:56:05.954000+00:00,User2,1724208,22235,0,0.011,101229339,92886,0,0.017777777777777778,12469,0,0,0
2023-05-16 04:56:05.983000+00:00,User2,1724289,22236,0,0.01,101237208,92893,0,0.016677777777777777,12470,0,0,0
2023-05-16 04:56:05.981000+00:00,User2,1724289,22236,0,0.011,101232711,92889,0,0.017266666666666666,12470,0,0,0
2023-05-16 04:56:05.986000+00:00,User2,1724289,22236,0,0.01,101232711,92889,0,0.01622222222222222,12470,0,0,0
2023-05-16 04:56:05.989000+00:00,User2,1724436,22238,0,0.012,101238333,92894,0,0.016555555555555556,12470,0,0,0
2023-05-16 04:56:05.987000+00:00,User2,1724436,22238,0,0.011,101238333,92894,0,0.01681111111111111,12470,0,0,0
2023-05-16 04:56:06.020000+00:00,User2,1724436,22238,0,0.012,101245208,92900,0,0.016855555555555554,12471,0,0,0
2023-05-16 04:56:06.039000+00:00,User2,1724503,22239,0,0.011,101245208,92900,0,0.01808888888888889,12471,0,0,0
2023-05-16 04:56:06.042000+00:00,User3,1705360,21946,2,0.012,99725262,91406,13,0.020666666666666667,11995,11,0,1
2023-05-16 04:56:06.055000+00:00,User2,1724574,22240,0,0.011,101248560,92903,0,0.016188888888888888,12472,0,0,0
2023-05-16 04:56:06.060000+00:00,User1,1713849,22015,0,0.01,90213375,82215,0,0.03581111111111111,9921,0,0,0
2023-05-16 04:56:06.121000+00:00,User2,1724810,22243,0,0.01,101267920,92921,0,0.0165,12474,0,0,0
2023-05-16 04:56:06.141000+00:00,User2,1724941,22245,0,0.01,101273389,92926,0,0.016066666666666667,12475,0,0,0
2023-05-16 04:56:06.165000+00:00,User2,1724941,22245,0,0.01,101277881,92930,0,0.01638888888888889,12475,0,0,0
2023-05-16 04:56:08.560000+00:00,User1,1723641,22141,0,0.012,90797425,82733,0,0.029655555555555557,9959,0,0,0
2023-05-16 04:56:08.577000+00:00,User1,1723641,22141,0,0.013,90797425,82733,0,0.030366666666666667,9959,0,0,0
2023-05-16 04:56:08.586000+00:00,User1,1723641,22141,0,0.013,90797425,82733,0,0.030222222222222223,9959,0,0,0
2023-05-16 04:56:08.609000+00:00,User1,1723815,22143,0,0.014,90798556,82734,0,0.029122222222222223,9960,0,0,0
2023-05-16 04:56:08.610000+00:00,User1,1723815,22143,0,0.015,90798556,82734,0,0.029866666666666666,9960,0,0,0
2023-05-16 04:56:08.618000+00:00,User1,1723815,22143,0,0.015,90798556,82734,0,0.029333333333333333,9960,0,0,0
2023-05-16 04:56:08.628000+00:00,User1,1723899,22144,0,0.014,90807607,82742,0,0.029177777777777778,9960,0,0,0
2023-05-16 04:56:08.634000+00:00,User1,1723899,22144,0,0.013,90806475,82741,0,0.029377777777777777,9960,0,0,0
2023-05-16 04:56:08.628000+00:00,User1,1723899,22144,0,0.014,90807607,82742,0,0.029644444444444445,9960,0,0,0
2023-05-16 04:56:08.633000+00:00,User1,1723899,22144,0,0.014,90805443,82740,2,0.029011111111111113,9908,10,0,1
2023-05-16 04:56:08.677000+00:00,User1,1724074,22146,0,0.014,90825339,82758,0,0.028788888888888888,9960,0,0,0
2023-05-16 04:56:08.766000+00:00,User3,1715935,22084,0,0.01,100348594,91982,0,0.013355555555555556,12188,0,0,0
2023-05-16 04:56:08.765000+00:00,User3,1715935,22084,0,0.011,100348594,91982,0,0.012566666666666667,12188,0,0,0
2023-05-16 04:56:08.771000+00:00,User3,1715935,22084,0,0.01,100349712,91983,0,0.014277777777777778,12188,0,0,0
2023-05-16 04:56:08.777000+00:00,User3,1715935,22084,0,0.011,100349712,91983,0,0.013033333333333333,12188,0,0,0
2023-05-16 04:56:08.771000+00:00,User3,1715999,22085,0,0.01,100351949,91985,0,0.013255555555555555,12189,0,0,0
2023-05-16 04:56:08.776000+00:00,User3,1715935,22084,0,0.011,100349712,91983,0,0.012933333333333333,12188,0,0,0
2023-05-16 04:56:08.781000+00:00,User3,1715999,22085,0,0.01,100355306,91988,0,0.013955555555555556,12189,0,0,0
2023-05-16 04:56:08.796000+00:00,User3,1715999,22085,0,0.011,100355306,91988,0,0.0139,12189,0,0,0
2023-05-16 04:56:08.802000+00:00,User3,1716064,22086,0,0.009,100358549,91991,0,0.012522222222222223,12190,0,0,0
2023-05-16 04:56:08.822000+00:00,User3,1716064,22086,0,0.01,100361792,91994,0,0.012455555555555555,12190,0,0,0
2023-05-16 04:56:08.869000+00:00,User3,1716202,22088,0,0.01,100368146,92000,0,0.013711111111111111,12192,0,0,0
2023-05-16 04:56:08.954000+00:00,User2,1735790,22385,0,0.009,101961617,93558,0,0.016244444444444443,12559,0,0,0
2023-05-16 04:56:08.984000+00:00,User2,1735942,22387,0,0.009,101965001,93561,0,0.015977777777777778,12560,0,0,0
2023-05-16 04:56:08.984000+00:00,User2,1735942,22387,0,0.01,101965001,93561,0,0.016055555555555556,12560,0,0,0
2023-05-16 04:56:08.986000+00:00,User2,1735942,22387,0,0.009,101968385,93564,0,0.01578888888888889,12560,0,0,0
2023-05-16 04:56:08.989000+00:00,User2,1735942,22387,0,0.009,101965001,93561,0,0.015377777777777778,12560,0,0,0
2023-05-16 04:56:08.990000+00:00,User2,1735942,22387,0,0.011,101962745,93559,0,0.01631111111111111,12560,0,0,0
2023-05-16 04:56:09.019000+00:00,User2,1736087,22389,0,0.009,101979810,93574,0,0.016133333333333333,12561,0,0,0
2023-05-16 04:56:09.038000+00:00,User2,1736087,22389,0,0.009,101980938,93575,0,0.01681111111111111,12562,0,0,0
2023-05-16 04:56:09.042000+00:00,User3,1716887,22096,2,0.011,100388302,92018,13,0.0133,12085,11,0,1
2023-05-16 04:56:09.050000+00:00,User2,1736087,22389,0,0.01,101988835,93582,0,0.0173,12562,0,0,0
2023-05-16 04:56:09.058000+00:00,User1,1725654,22166,0,0.013,90894243,82820,0,0.027666666666666666,9966,0,0,0
2023-05-16 04:56:09.121000+00:00,User2,1736417,22393,0,0.01,101997635,93590,0,0.015766666666666665,12564,0,0,0
2023-05-16 04:56:09.141000+00:00,User2,1736502,22394,0,0.01,102007999,93599,0,0.015022222222222222,12565,0,0,0
2023-05-16 04:56:09.162000+00:00,User2,1736590,22395,0,0.009,102012494,93603,0,0.01588888888888889,12565,0,0,0
2023-05-16 04:56:11.561000+00:00,User1,1735327,22290,0,0.011,91461006,83321,0,0.028666666666666667,10004,0,0,0
2023-05-16 04:56:11.577000+00:00,User1,1735407,22291,0,0.012,91466511,83326,0,0.029344444444444444,10004,0,0,0
2023-05-16 04:56:11.587000+00:00,User1,1735552,22293,0,0.011,91466511,83326,0,0.029255555555555555,10004,0,0,0
2023-05-16 04:56:11.611000+00:00,User1,1735552,22293,0,0.011,91473291,83332,0,0.028155555555555555,10004,0,0,0
2023-05-16 04:56:11.616000+00:00,User1,1735552,22293,0,0.012,91476681,83335,0,0.02921111111111111,10004,0,0,0
2023-05-16 04:56:11.611000+00:00,User1,1735552,22293,0,0.012,91476681,83335,0,0.028422222222222224,10004,0,0,0
2023-05-16 04:56:11.635000+00:00,User1,1735620,22294,0,0.011,91481203,83339,0,0.028722222222222222,10005,0,0,0
2023-05-16 04:56:11.630000+00:00,User1,1735620,22294,0,0.011,91481203,83339,0,0.028288888888888888,10004,0,0,0
2023-05-16 04:56:11.628000+00:00,User1,1735620,22294,0,0.012,91481203,83339,0,0.03027777777777778,10004,0,0,0
2023-05-16 04:56:11.632000+00:00,User1,1735620,22294,0,0.01,91479039,83337,2,0.02921111111111111,9953,10,0,1
2023-05-16 04:56:11.677000+00:00,User1,1735699,22295,0,0.01,91481203,83339,0,0.02822222222222222,10005,0,0,0
2023-05-16 04:56:11.762000+00:00,User3,1727517,22233,0,0.01,101023550,92598,0,0.015277777777777777,12278,0,0,0
2023-05-16 04:56:11.771000+00:00,User3,1727609,22234,0,0.011,101023550,92598,0,0.016455555555555557,12279,0,0,0
2023-05-16 04:56:11.773000+00:00,User3,1727517,22233,0,0.009,101023550,92598,0,0.015533333333333333,12279,0,0,0
2023-05-16 04:56:11.781000+00:00,User3,1727609,22234,0,0.01,101023550,92598,0,0.01381111111111111,12279,0,0,0
2023-05-16 04:56:11.764000+00:00,User3,1727517,22233,0,0.009,101023550,92598,0,0.0153,12278,0,0,0
2023-05-16 04:56:11.776000+00:00,User3,1727609,22234,0,0.009,101023550,92598,0,0.015211111111111111,12279,0,0,0
2023-05-16 04:56:11.781000+00:00,User3,1727609,22234,0,0.01,101026766,92601,0,0.01428888888888889,12279,0,0,0
2023-05-16 04:56:11.797000+00:00,User3,1727784,22236,0,0.009,101031054,92605,0,0.014466666666666666,12279,0,0,0
2023-05-16 04:56:11.802000+00:00,User3,1727784,22236,0,0.009,101032189,92606,0,0.01588888888888889,12280,0,0,0
2023-05-16 04:56:11.827000+00:00,User3,1727784,22236,0,0.01,101034459,92608,0,0.015366666666666667,12280,0,0,0
2023-05-16 04:56:11.869000+00:00,User3,1728019,22239,0,0.009,101045948,92618,0,0.014688888888888888,12281,0,0,0
2023-05-16 04:56:11.955000+00:00,User2,1746964,22535,0,0.01,102717545,94249,0,0.017044444444444445,12650,0,0,0
2023-05-16 04:56:11.985000+00:00,User2,1747052,22536,0,0.01,102724934,94256,0,0.01622222222222222,12650,0,0,0
2023-05-16 04:56:11.984000+00:00,User2,1747052,22536,0,0.01,102724934,94256,0,0.015833333333333335,12650,0,0,0
2023-05-16 04:56:11.983000+00:00,User2,1747052,22536,0,0.01,102724934,94256,0,0.016344444444444446,12650,0,0,0
2023-05-16 04:56:11.986000+00:00,User2,1747052,22536,0,0.012,102725990,94257,0,0.016555555555555556,12650,0,0,0
2023-05-16 04:56:11.990000+00:00,User2,1747052,22536,0,0.01,102725990,94257,0,0.016544444444444445,12650,0,0,0
2023-05-16 04:56:12.019000+00:00,User2,1747298,22539,0,0.01,102730463,94261,0,0.016666666666666666,12651,0,0,0
2023-05-16 04:56:12.038000+00:00,User2,1747298,22539,0,0.011,102734944,94265,0,0.017266666666666666,12652,0,0,0
2023-05-16 04:56:12.042000+00:00,User3,1728529,22246,2,0.009,101072297,92642,13,0.015688888888888888,12175,11,0,1
2023-05-16 04:56:12.049000+00:00,User2,1747379,22540,0,0.009,102741691,94271,0,0.017144444444444445,12652,0,0,0
2023-05-16 04:56:12.062000+00:00,User1,1737300,22315,0,0.009,91568185,83416,0,0.029111111111111112,10011,0,0,0
2023-05-16 04:56:12.122000+00:00,User2,1747685,22544,0,0.01,102753281,94282,0,0.01681111111111111,12654,0,0,0
2023-05-16 04:56:12.141000+00:00,User2,1747776,22545,0,0.009,102762015,94290,0,0.016622222222222222,12655,0,0,0
2023-05-16 04:56:12.164000+00:00,User2,1747776,22545,0,0.009,102767234,94295,0,0.016844444444444443,12655,0,0,0
2023-05-16 04:56:14.561000+00:00,User1,1747207,22440,0,0.009,91766326,83600,0,0.0148,10047,0,0,0
2023-05-16 04:56:14.577000+00:00,User1,1747369,22442,0,0.009,91766326,83600,0,0.014955555555555555,10048,0,0,0
2023-05-16 04:56:14.586000+00:00,User1,1747369,22442,0,0.01,91766326,83600,0,0.015355555555555556,10048,0,0,0
2023-05-16 04:56:14.610000+00:00,User1,1747450,22443,0,0.009,91766326,83600,0,0.015188888888888889,10048,0,0,0
2023-05-16 04:56:14.616000+00:00,User1,1747450,22443,0,0.009,91766326,83600,0,0.015033333333333333,10048,0,0,0
2023-05-16 04:56:14.613000+00:00,User1,1747450,22443,0,0.009,91766326,83600,0,0.015333333333333332,10048,0,0,0
2023-05-16 04:56:14.627000+00:00,User1,1747531,22444,0,0.009,91769563,83603,0,0.01448888888888889,10048,0,0,0
2023-05-16 04:56:14.635000+00:00,User1,1747531,22444,0,0.009,91769563,83603,0,0.013933333333333334,10048,0,0,0
2023-05-16 04:56:14.630000+00:00,User1,1747531,22444,0,0.009,91769563,83603,0,0.0143,10048,0,0,0
2023-05-16 04:56:14.630000+00:00,User1,1747531,22444,0,0.009,91767399,83601,2,0.014544444444444445,9996,10,0,1
2023-05-16 04:56:14.677000+00:00,User1,1747622,22445,0,0.009,91774958,83608,0,0.014033333333333333,10049,0,0,0
2023-05-16 04:56:14.763000+00:00,User3,1739608,22384,0,0.01,101459374,93017,0,0.00938888888888889,12367,0,0,0
2023-05-16 04:56:14.761000+00:00,User3,1739608,22384,0,0.009,101459374,93017,0,0.009677777777777778,12367,0,0,0
2023-05-16 04:56:14.771000+00:00,User3,1739608,22384,0,0.01,101459374,93017,0,0.008866666666666667,12368,0,0,0
2023-05-16 04:56:14.770000+00:00,User3,1739608,22384,0,0.01,101459374,93017,0,0.008855555555555556,12367,0,0,0
2023-05-16 04:56:14.781000+00:00,User3,1739608,22384,0,0.01,101459374,93017,0,0.008577777777777778,12367,0,0,0
2023-05-16 04:56:14.772000+00:00,User3,1739689,22385,0,0.009,101460521,93018,0,0.009866666666666666,12368,0,0,0
2023-05-16 04:56:14.783000+00:00,User3,1739689,22385,0,0.009,101465112,93022,0,0.0107,12368,0,0,0
2023-05-16 04:56:14.797000+00:00,User3,1739770,22386,0,0.009,101465112,93022,0,0.009555555555555555,12368,0,0,0
2023-05-16 04:56:14.805000+00:00,User3,1739770,22386,0,0.009,101466172,93023,0,0.0105,12369,0,0,0
2023-05-16 04:56:14.821000+00:00,User3,1739770,22386,0,0.009,101469353,93026,0,0.009777777777777778,12369,0,0,0
2023-05-16 04:56:14.869000+00:00,User3,1740013,22389,0,0.009,101477446,93034,0,0.009244444444444444,12370,0,0,0
2023-05-16 04:56:14.955000+00:00,User2,1758635,22686,0,0.008,103470198,94944,0,0.015555555555555555,12739,0,0,0
2023-05-16 04:56:14.981000+00:00,User2,1758635,22686,0,0.007,103480206,94953,0,0.0167,12740,0,0,0
2023-05-16 04:56:14.986000+00:00,User2,1758635,22686,0,0.009,103480206,94953,0,0.01637777777777778,12740,0,0,0
2023-05-16 04:56:14.984000+00:00,User2,1758635,22686,0,0.009,103480206,94953,0,0.016066666666666667,12740,0,0,0
2023-05-16 04:56:14.993000+00:00,User2,1758635,22686,0,0.009,103480206,94953,0,0.01638888888888889,12740,0,0,0
2023-05-16 04:56:14.990000+00:00,User2,1758635,22686,0,0.009,103480206,94953,0,0.01608888888888889,12740,0,0,0
2023-05-16 04:56:15.020000+00:00,User2,1758856,22689,0,0.009,103488240,94960,0,0.0169,12741,0,0,0
2023-05-16 04:56:15.039000+00:00,User2,1758856,22689,0,0.01,103488240,94960,0,0.016533333333333334,12742,0,0,0
2023-05-16 04:56:15.047000+00:00,User3,1740500,22395,2,0.009,101506410,93060,13,0.010477777777777779,12264,11,0,1
2023-05-16 04:56:15.053000+00:00,User2,1758932,22690,0,0.009,103489269,94961,0,0.015177777777777778,12742,0,0,0
2023-05-16 04:56:15.063000+00:00,User1,1749252,22465,0,0.008,91847985,83673,0,0.016644444444444444,10055,0,0,0
2023-05-16 04:56:15.126000+00:00,User2,1759302,22694,0,0.01,103510034,94981,0,0.0169,12744,0,0,0
2023-05-16 04:56:15.144000+00:00,User2,1759395,22695,0,0.01,103515310,94986,0,0.017144444444444445,12745,0,0,0
2023-05-16 04:56:15.165000+00:00,User2,1759484,22696,0,0.008,103520275,94991,0,0.016366666666666668,12746,0,0,0
2023-05-16 04:56:17.564000+00:00,User1,1758891,22591,0,0.011,92400543,84164,0,0.03101111111111111,10092,0,0,0
2023-05-16 04:56:17.578000+00:00,User1,1758963,22592,0,0.011,92407281,84170,0,0.031177777777777776,10093,0,0,0
2023-05-16 04:56:17.588000+00:00,User1,1758963,22592,0,0.01,92414021,84176,0,0.0314,10093,0,0,0
2023-05-16 04:56:17.612000+00:00,User1,1759034,22593,0,0.01,92425369,84186,0,0.03163333333333333,10093,0,0,0
2023-05-16 04:56:17.612000+00:00,User1,1759034,22593,0,0.011,92428852,84189,0,0.03141111111111111,10093,0,0,0
2023-05-16 04:56:17.617000+00:00,User1,1759034,22593,0,0.009,92428852,84189,0,0.03142222222222222,10093,0,0,0
2023-05-16 04:56:17.628000+00:00,User1,1759107,22594,0,0.01,92436979,84196,0,0.03144444444444444,10094,0,0,0
2023-05-16 04:56:17.629000+00:00,User1,1759107,22594,0,0.01,92436979,84196,0,0.03178888888888889,10094,0,0,0
2023-05-16 04:56:17.637000+00:00,User1,1759107,22594,0,0.01,92436979,84196,0,0.032266666666666666,10094,0,0,0
2023-05-16 04:56:17.632000+00:00,User1,1759107,22594,0,0.01,92434815,84194,2,0.031733333333333336,10041,10,0,1
2023-05-16 04:56:17.680000+00:00,User1,1759263,22596,0,0.011,92441623,84200,0,0.03175555555555556,10094,0,0,0
2023-05-16 04:56:17.762000+00:00,User3,1751317,22534,0,0.008,102251163,93741,0,0.01718888888888889,12458,0,0,0
2023-05-16 04:56:17.765000+00:00,User3,1751317,22534,0,0.009,102251163,93741,0,0.016766666666666666,12458,0,0,0
2023-05-16 04:56:17.770000+00:00,User3,1751317,22534,0,0.01,102251163,93741,0,0.017477777777777776,12458,0,0,0
2023-05-16 04:56:17.771000+00:00,User3,1751317,22534,0,0.009,102252318,93742,0,0.016777777777777777,12458,0,0,0
2023-05-16 04:56:17.772000+00:00,User3,1751317,22534,0,0.008,102252318,93742,0,0.016955555555555557,12458,0,0,0
2023-05-16 04:56:17.780000+00:00,User3,1751317,22534,0,0.01,102252318,93742,0,0.017611111111111112,12458,0,0,0
2023-05-16 04:56:17.787000+00:00,User3,1751404,22535,0,0.009,102256939,93746,0,0.017466666666666665,12458,0,0,0
2023-05-16 04:56:17.803000+00:00,User3,1751486,22536,0,0.008,102256939,93746,0,0.01708888888888889,12458,0,0,0
2023-05-16 04:56:17.804000+00:00,User3,1751486,22536,0,0.009,102257965,93747,0,0.01668888888888889,12459,0,0,0
2023-05-16 04:56:17.821000+00:00,User3,1751486,22536,0,0.009,102263100,93752,0,0.016522222222222223,12459,0,0,0
2023-05-16 04:56:17.871000+00:00,User3,1751692,22539,0,0.009,102272431,93761,0,0.01611111111111111,12461,0,0,0
2023-05-16 04:56:17.957000+00:00,User2,1770215,22835,0,0.009,104151276,95572,0,0.011433333333333334,12830,0,0,0
2023-05-16 04:56:17.985000+00:00,User2,1770348,22837,0,0.009,104154304,95575,0,0.01211111111111111,12830,0,0,0
2023-05-16 04:56:17.984000+00:00,User2,1770348,22837,0,0.009,104154304,95575,0,0.010566666666666667,12830,0,0,0
2023-05-16 04:56:17.986000+00:00,User2,1770348,22837,0,0.009,104154304,95575,0,0.011444444444444445,12830,0,0,0
2023-05-16 04:56:17.988000+00:00,User2,1770348,22837,0,0.009,104154304,95575,0,0.011733333333333333,12830,0,0,0
2023-05-16 04:56:17.993000+00:00,User2,1770348,22837,0,0.009,104156346,95577,0,0.0113,12830,0,0,0
2023-05-16 04:56:18.022000+00:00,User2,1770481,22839,0,0.008,104157367,95578,0,0.011166666666666667,12831,0,0,0
2023-05-16 04:56:18.039000+00:00,User2,1770481,22839,0,0.008,104160439,95581,0,0.010922222222222222,12832,0,0,0
2023-05-16 04:56:18.047000+00:00,User3,1752264,22547,2,0.011,102304954,93790,13,0.015677777777777777,12354,11,0,1
2023-05-16 04:56:18.051000+00:00,User2,1770481,22839,0,0.009,104160439,95581,0,0.0107,12832,0,0,0
2023-05-16 04:56:18.060000+00:00,User1,1760796,22616,0,0.009,92554383,84299,0,0.03386666666666667,10100,0,0,0
2023-05-16 04:56:18.126000+00:00,User2,1770804,22843,0,0.008,104166706,95587,0,0.010088888888888889,12834,0,0,0
2023-05-16 04:56:18.144000+00:00,User2,1770891,22844,0,0.008,104169901,95590,0,0.010144444444444444,12835,0,0,0
2023-05-16 04:56:18.164000+00:00,User2,1770983,22845,0,0.009,104171004,95591,0,0.0094,12835,0,0,0
2023-05-16 04:56:20.561000+00:00,User1,1770395,22741,0,0.012,93148570,84822,0,0.028722222222222222,10137,0,0,0
2023-05-16 04:56:20.579000+00:00,User1,1770472,22742,0,0.012,93157685,84830,0,0.026644444444444443,10138,0,0,0
2023-05-16 04:56:20.588000+00:00,User1,1770472,22742,0,0.012,93157685,84830,0,0.028122222222222222,10138,0,0,0
2023-05-16 04:56:20.612000+00:00,User1,1770550,22743,0,0.012,93158833,84831,0,0.028244444444444444,10138,0,0,0
2023-05-16 04:56:20.613000+00:00,User1,1770550,22743,0,0.011,93158833,84831,0,0.027133333333333332,10138,0,0,0
2023-05-16 04:56:20.806000+00:00,User3,1763014,22686,0,0.01,102990684,94420,0,0.015355555555555556,12549,0,0,0
2023-05-16 04:56:20.826000+00:00,User3,1763014,22686,0,0.01,102996960,94426,0,0.015255555555555555,12549,0,0,0
2023-05-16 04:56:20.869000+00:00,User3,1763234,22689,0,0.01,103008677,94437,0,0.015033333333333333,12551,0,0,0
2023-05-16 04:56:20.958000+00:00,User2,1782453,22986,0,0.01,104670957,96062,0,0.017,12918,0,0,0
2023-05-16 04:56:20.985000+00:00,User2,1782520,22987,0,0.01,104678336,96069,0,0.016566666666666667,12919,0,0,0
2023-05-16 04:56:20.985000+00:00,User2,1782520,22987,0,0.011,104678336,96069,0,0.017866666666666666,12919,0,0,0
2023-05-16 04:56:23.984000+00:00,User2,1794249,23137,0,0.01,105458562,96783,0,0.017744444444444445,13010,0,0,0
2023-05-16 04:56:23.994000+00:00,User2,1794249,23137,0,0.01,105458562,96783,0,0.017966666666666666,13010,0,0,0
2023-05-16 04:56:23.994000+00:00,User2,1794249,23137,0,0.009,105458562,96783,0,0.01831111111111111,13010,0,0,0
2023-05-16 04:56:24.019000+00:00,User2,1794326,23138,0,0.009,105467461,96791,0,0.017655555555555556,13010,0,0,0
2023-05-16 04:56:24.045000+00:00,User2,1794326,23138,0,0.009,105467461,96791,0,0.016755555555555555,13010,0,0,0
2023-05-16 04:56:24.045000+00:00,User3,1774933,22846,2,0.012,103791906,95150,13,0.015866666666666668,12534,11,0,1
2023-05-16 04:56:24.051000+00:00,User2,1794410,23139,0,0.01,105468623,96792,0,0.015833333333333335,13011,0,0,0
2023-05-16 04:56:24.059000+00:00,User1,1783477,22916,0,0.013,93931878,85517,0,0.029666666666666668,10190,0,0,0
2023-05-16 04:56:24.122000+00:00,User2,1794681,23143,0,0.009,105490426,96811,0,0.017333333333333333,13013,0,0,0
2023-05-16 04:56:24.155000+00:00,User2,1794852,23145,0,0.008,105495073,96815,0,0.01697777777777778,13014,0,0,0
2023-05-16 04:56:24.166000+00:00,User2,1794936,23146,0,0.009,105499737,96819,0,0.016577777777777778,13015,0,0,0
2023-05-16 04:56:26.563000+00:00,User1,1792833,23038,0,0.013,94443079,85972,0,0.030266666666666667,10227,0,0,0
2023-05-16 04:56:26.578000+00:00,User1,1793059,23041,0,0.013,94443079,85972,0,0.03078888888888889,10227,0,0,0
2023-05-16 04:56:26.588000+00:00,User1,1793059,23041,0,0.013,94444248,85973,0,0.03358888888888889,10227,0,0,0
2023-05-16 04:56:26.611000+00:00,User1,1793059,23041,0,0.013,94453601,85981,0,0.035255555555555554,10227,0,0,0
2023-05-16 04:56:26.617000+00:00,User1,1793142,23042,0,0.013,94457111,85984,0,0.03388888888888889,10227,0,0,0
2023-05-16 04:56:26.613000+00:00,User1,1793142,23042,0,0.013,94457111,85984,0,0.03445555555555556,10227,0,0,0
2023-05-16 04:56:26.631000+00:00,User1,1793203,23043,0,0.012,94462743,85989,2,0.03584444444444444,10176,10,0,1
2023-05-16 04:56:26.632000+00:00,User1,1793203,23043,0,0.012,94464907,85991,0,0.03604444444444444,10228,0,0,0
2023-05-16 04:56:26.640000+00:00,User1,1793203,23043,0,0.012,94464907,85991,0,0.0364,10228,0,0,0
2023-05-16 04:56:26.633000+00:00,User1,1793203,23043,0,0.012,94464907,85991,0,0.0352,10228,0,0,0
2023-05-16 04:56:26.679000+00:00,User1,1793273,23044,0,0.014,94489656,86013,0,0.03797777777777778,10229,0,0,0
2023-05-16 04:56:26.767000+00:00,User3,1785575,22983,0,0.013,104489333,95787,0,0.015566666666666666,12727,0,0,0
2023-05-16 04:56:26.764000+00:00,User3,1785575,22983,0,0.013,104489333,95787,0,0.015411111111111112,12728,0,0,0
2023-05-16 04:56:26.771000+00:00,User3,1785706,22985,0,0.012,104490462,95788,0,0.015733333333333332,12728,0,0,0
2023-05-16 04:56:35.773000+00:00,User3,1821191,23435,0,0.012,106464923,97616,0,0.014777777777777779,12997,0,0,0
2023-05-16 04:56:35.778000+00:00,User3,1821191,23435,0,0.011,106464923,97616,0,0.015622222222222221,12997,0,0,0
2023-05-16 04:56:35.780000+00:00,User3,1821191,23435,0,0.012,106464923,97616,0,0.015555555555555555,12997,0,0,0
2023-05-16 04:56:35.786000+00:00,User3,1821191,23435,0,0.012,106472761,97623,0,0.015833333333333335,12997,0,0,0
2023-05-16 04:56:35.804000+00:00,User3,1821191,23435,0,0.013,106472761,97623,0,0.014988888888888888,12998,0,0,0
2023-05-16 04:56:35.803000+00:00,User3,1821191,23435,0,0.012,106473849,97624,0,0.015233333333333333,12998,0,0,0
2023-05-16 04:56:35.822000+00:00,User3,1821345,23437,0,0.013,106480381,97630,0,0.014644444444444444,12998,0,0,0
2023-05-16 04:56:35.870000+00:00,User3,1821512,23439,0,0.013,106490761,97639,0,0.015911111111111112,13000,0,0,0
2023-05-16 04:56:35.958000+00:00,User2,1840389,23735,0,0.011,108232009,99330,0,0.008255555555555556,13368,0,0,0
2023-05-16 04:56:35.984000+00:00,User2,1840558,23737,0,0.012,108235891,99334,0,0.007477777777777778,13369,0,0,0
2023-05-16 04:56:35.988000+00:00,User2,1840558,23737,0,0.013,108235891,99334,0,0.007855555555555555,13369,0,0,0
2023-05-16 04:56:35.989000+00:00,User2,1840558,23737,0,0.012,108235891,99334,0,0.007544444444444445,13369,0,0,0
2023-05-16 04:56:35.990000+00:00,User2,1840558,23737,0,0.012,108235891,99334,0,0.007733333333333333,13369,0,0,0
2023-05-16 04:56:35.993000+00:00,User2,1840558,23737,0,0.013,108235891,99334,0,0.0075,13369,0,0,0
2023-05-16 04:56:36.023000+00:00,User2,1840727,23739,0,0.011,108239768,99338,0,0.008844444444444445,13370,0,0,0
2023-05-16 04:56:36.042000+00:00,User2,1840727,23739,0,0.012,108241696,99340,0,0.009055555555555556,13371,0,0,0
2023-05-16 04:56:36.051000+00:00,User2,1840727,23739,0,0.011,108243625,99342,0,0.009255555555555555,13371,0,0,0
2023-05-16 04:56:36.051000+00:00,User3,1822086,23446,2,0.013,106521991,97667,13,0.016355555555555557,12893,11,0,1
2023-05-16 04:56:36.062000+00:00,User1,1830174,23514,0,0.009,96282379,87609,0,0.03421111111111111,10369,0,0,0
2023-05-16 04:56:36.134000+00:00,User2,1841065,23743,0,0.011,108251351,99350,0,0.009111111111111111,13373,0,0,0
2023-05-16 04:56:36.149000+00:00,User2,1841279,23745,0,0.011,108255238,99354,0,0.008466666666666667,13374,0,0,0
2023-05-16 04:56:36.164000+00:00,User2,1841279,23745,0,0.011,108255238,99354,0,0.008366666666666666,13374,0,0,0
2023-05-16 04:56:38.565000+00:00,User1,1839930,23639,0,0.01,96809676,88077,0,0.0272,10407,0,0,0
2023-05-16 04:56:38.578000+00:00,User1,1839998,23640,0,0.01,96816450,88083,0,0.028444444444444446,10407,0,0,0
2023-05-16 04:56:38.588000+00:00,User1,1839998,23640,0,0.01,96819891,88086,0,0.02801111111111111,10407,0,0,0
2023-05-16 04:56:38.612000+00:00,User1,1840064,23641,0,0.009,96826773,88092,0,0.028677777777777778,10407,0,0,0
2023-05-16 04:56:38.616000+00:00,User1,1840208,23643,0,0.01,96826773,88092,0,0.0282,10407,0,0,0
2023-05-16 04:56:38.613000+00:00,User1,1840208,23643,0,0.01,96826773,88092,0,0.02798888888888889,10407,0,0,0
2023-05-16 04:56:38.630000+00:00,User1,1840208,23643,0,0.009,96831441,88096,0,0.027322222222222223,10408,0,0,0
2023-05-16 04:56:38.632000+00:00,User1,1840208,23643,0,0.01,96831441,88096,0,0.027777777777777776,10408,0,0,0
2023-05-16 04:56:38.632000+00:00,User1,1840208,23643,0,0.01,96829277,88094,2,0.027944444444444445,10356,10,0,1
2023-05-16 04:56:38.638000+00:00,User1,1840208,23643,0,0.009,96831441,88096,0,0.027411111111111112,10408,0,0,0
2023-05-16 04:56:38.680000+00:00,User1,1840391,23645,0,0.01,96851109,88113,0,0.027777777777777776,10409,0,0,0
2023-05-16 04:56:38.762000+00:00,User3,1832600,23584,0,0.012,107210709,98297,0,0.015655555555555555,13087,0,0,0
2023-05-16 04:56:38.768000+00:00,User3,1832600,23584,0,0.011,107210709,98297,0,0.01571111111111111,13087,0,0,0
2023-05-16 04:56:38.772000+00:00,User3,1832600,23584,0,0.012,107211769,98298,0,0.016,13087,0,0,0
2023-05-16 04:56:38.780000+00:00,User3,1832600,23584,0,0.012,107211769,98298,0,0.016666666666666666,13087,0,0,0
2023-05-16 04:56:38.773000+00:00,User3,1832600,23584,0,0.012,107211769,98298,0,0.01601111111111111,13087,0,0,0
2023-05-16 04:56:38.772000+00:00,User3,1832600,23584,0,0.013,107211769,98298,0,0.015822222222222224,13087,0,0,0
2023-05-16 04:56:38.786000+00:00,User3,1832693,23585,0,0.011,107219191,98305,0,0.01622222222222222,13087,0,0,0
2023-05-16 04:56:38.803000+00:00,User3,1832693,23585,0,0.012,107219191,98305,0,0.015933333333333334,13088,0,0,0
2023-05-16 04:56:38.803000+00:00,User3,1832693,23585,0,0.013,107219191,98305,0,0.0156,13088,0,0,0
2023-05-16 04:56:38.828000+00:00,User3,1832835,23587,0,0.011,107222692,98308,0,0.0161,13088,0,0,0
2023-05-16 04:56:38.870000+00:00,User3,1832969,23589,0,0.011,107235576,98320,0,0.015588888888888888,13090,0,0,0
2023-05-16 04:56:38.958000+00:00,User2,1852420,23886,0,0.013,108900480,99946,0,0.017377777777777777,13458,0,0,0
2023-05-16 04:56:38.985000+00:00,User2,1852420,23886,0,0.013,108908258,99953,0,0.016622222222222222,13458,0,0,0
2023-05-16 04:56:38.985000+00:00,User2,1852499,23887,0,0.013,108910482,99955,0,0.01691111111111111,13458,0,0,0
2023-05-16 04:56:38.990000+00:00,User2,1852499,23887,0,0.013,108910482,99955,0,0.016855555555555554,13458,0,0,0
2023-05-16 04:56:38.990000+00:00,User2,1852499,23887,0,0.013,108912706,99957,0,0.01691111111111111,13459,0,0,0
2023-05-16 04:56:38.995000+00:00,User2,1852499,23887,0,0.013,108912706,99957,0,0.016833333333333332,13458,0,0,0
2023-05-16 04:56:39.022000+00:00,User2,1852581,23888,0,0.012,108918259,99962,0,0.0178,13460,0,0,0
2023-05-16 04:56:39.044000+00:00,User2,1852581,23888,0,0.012,108918259,99962,0,0.017733333333333334,13460,0,0,0
2023-05-16 04:56:39.051000+00:00,User2,1852670,23889,0,0.012,108921640,99965,0,0.016633333333333333,13460,0,0,0
2023-05-16 04:56:39.050000+00:00,User3,1833517,23596,2,0.01,107264872,98347,13,0.016033333333333333,12983,11,0,1
2023-05-16 04:56:39.062000+00:00,User1,1841884,23664,0,0.01,96998272,88244,0,0.026544444444444443,10421,0,0,0
2023-05-16 04:56:39.128000+00:00,User2,1853032,23894,0,0.012,108946911,99988,0,0.017266666666666666,13462,0,0,0
2023-05-16 04:56:39.151000+00:00,User2,1853032,23894,0,0.012,108952343,99993,0,0.016855555555555554,13463,0,0,0
2023-05-16 04:56:39.166000+00:00,User2,1853173,23896,0,0.013,108952343,99993,0,0.016966666666666668,13464,0,0,0
2023-05-16 04:56:41.564000+00:00,User1,1851166,23788,0,0.012,97722595,88902,0,0.016033333333333333,10495,0,0,0
2023-05-16 04:56:41.579000+00:00,User1,1851318,23790,0,0.013,97726040,88905,0,0.016133333333333333,10496,0,0,0
2023-05-16 04:56:41.589000+00:00,User1,1851318,23790,0,0.013,97728338,88907,0,0.015911111111111112,10496,0,0,0
2023-05-16 04:56:41.612000+00:00,User1,1851395,23791,0,0.013,97729371,88908,0,0.0156,10497,0,0,0
2023-05-16 04:56:41.614000+00:00,User1,1851538,23793,0,0.012,97730404,88909,0,0.0157,10497,0,0,0
2023-05-16 04:56:41.617000+00:00,User1,1851472,23792,0,0.012,97730404,88909,0,0.015422222222222223,10497,0,0,0
2023-05-16 04:56:41.630000+00:00,User1,1851538,23793,0,0.012,97734537,88913,0,0.015444444444444445,10497,0,0,0
2023-05-16 04:56:41.985000+00:00,User2,1864199,24038,0,0.011,109659993,100640,0,0.015977777777777778,13548,0,0,0
2023-05-16 04:56:41.989000+00:00,User2,1864199,24038,0,0.012,109659993,100640,0,0.015266666666666666,13548,0,0,0
2023-05-16 04:56:41.995000+00:00,User2,1864199,24038,0,0.012,109664605,100644,0,0.015077777777777778,13548,0,0,0
2023-05-16 04:56:42.020000+00:00,User2,1864199,24038,0,0.012,109673482,100652,0,0.01633333333333333,13549,0,0,0
2023-05-16 04:56:42.043000+00:00,User2,1864363,24040,0,0.013,109674630,100653,0,0.016188888888888888,13550,0,0,0
2023-05-16 04:56:42.049000+00:00,User3,1844768,23746,2,0.009,108012622,99031,13,0.015177777777777778,13073,11,0,1
2023-05-16 04:56:42.052000+00:00,User2,1864363,24040,0,0.012,109681518,100659,0,0.016033333333333333,13550,0,0,0
2023-05-16 04:56:42.063000+00:00,User1,1853207,23814,0,0.011,97815993,88989,0,0.013622222222222223,10510,0,0,0
2023-05-16 04:56:42.130000+00:00,User2,1864574,24043,0,0.014,109698645,100675,0,0.016288888888888887,13552,0,0,0
2023-05-16 04:56:42.152000+00:00,User2,1864699,24045,0,0.012,109702125,100678,0,0.014722222222222222,13553,0,0,0
2023-05-16 04:56:42.164000+00:00,User2,1864699,24045,0,0.013,109707927,100683,0,0.015355555555555556,13553,0,0,0
2023-05-16 04:56:44.564000+00:00,User1,1862988,23939,0,0.012,98293305,89438,0,0.01301111111111111,10585,0,0,0
2023-05-16 04:56:44.578000+00:00,User1,1863061,23940,0,0.011,98293305,89438,0,0.012944444444444444,10586,0,0,0
2023-05-16 04:56:44.590000+00:00,User1,1863061,23940,0,0.011,98294462,89439,0,0.012466666666666666,10586,0,0,0
2023-05-16 04:56:44.611000+00:00,User1,1863214,23942,0,0.011,98303707,89447,0,0.013966666666666667,10587,0,0,0
2023-05-16 04:56:44.614000+00:00,User1,1863214,23942,0,0.011,98305985,89449,0,0.0139,10587,0,0,0
2023-05-16 04:56:44.621000+00:00,User1,1863214,23942,0,0.012,98305985,89449,0,0.0137,10587,0,0,0
2023-05-16 04:56:44.629000+00:00,User1,1863214,23942,0,0.011,98310543,89453,0,0.014055555555555556,10588,0,0,0
2023-05-16 04:56:44.633000+00:00,User1,1863214,23942,0,0.011,98310543,89453,0,0.013455555555555556,10588,0,0,0
2023-05-16 04:56:44.638000+00:00,User1,1863214,23942,0,0.011,98310543,89453,0,0.013933333333333334,10587,0,0,0
2023-05-16 04:56:44.633000+00:00,User1,1863214,23942,0,0.011,98308379,89451,2,0.0139,10535,10,0,1
2023-05-16 04:56:44.680000+00:00,User1,1863454,23945,0,0.012,98320813,89462,0,0.014011111111111111,10588,0,0,0
2023-05-16 04:56:44.763000+00:00,User3,1855468,23884,0,0.01,108717284,99674,0,0.016255555555555554,13267,0,0,0
2023-05-16 04:56:44.767000+00:00,User3,1855468,23884,0,0.01,108717284,99674,0,0.015577777777777777,13267,0,0,0
2023-05-16 04:56:44.779000+00:00,User3,1855468,23884,0,0.009,108718401,99675,0,0.015944444444444445,13267,0,0,0
2023-05-16 04:56:44.772000+00:00,User3,1855468,23884,0,0.01,108718401,99675,0,0.016166666666666666,13267,0,0,0
2023-05-16 04:56:44.775000+00:00,User3,1855468,23884,0,0.009,108718401,99675,0,0.015677777777777777,13267,0,0,0
2023-05-16 04:56:44.772000+00:00,User3,1855468,23884,0,0.009,108718401,99675,0,0.01598888888888889,13267,0,0,0
2023-05-16 04:56:44.787000+00:00,User3,1855553,23885,0,0.009,108723987,99680,0,0.016055555555555556,13268,0,0,0
2023-05-16 04:56:44.804000+00:00,User3,1855553,23885,0,0.008,108723987,99680,0,0.016,13268,0,0,0
2023-05-16 04:56:44.804000+00:00,User3,1855553,23885,0,0.008,108723987,99680,0,0.015755555555555554,13268,0,0,0
2023-05-16 04:56:44.827000+00:00,User3,1855719,23887,0,0.01,108725133,99681,0,0.0157,13268,0,0,0
2023-05-16 04:56:44.870000+00:00,User3,1855869,23889,0,0.009,108741624,99696,0,0.015233333333333333,13270,0,0,0
2023-05-16 04:56:44.958000+00:00,User2,1875428,24186,0,0.008,110410366,101322,0,0.018222222222222223,13638,0,0,0
2023-05-16 04:56:44.984000+00:00,User2,1875495,24187,0,0.009,110417269,101328,0,0.0183,13638,0,0,0
2023-05-16 04:56:44.984000+00:00,User2,1875495,24187,0,0.007,110417269,101328,0,0.017644444444444445,13639,0,0,0
2023-05-16 04:56:44.988000+00:00,User2,1875495,24187,0,0.008,110417269,101328,0,0.0185,13638,0,0,0
2023-05-16 04:56:44.991000+00:00,User2,1875495,24187,0,0.008,110417269,101328,0,0.018422222222222222,13638,0,0,0
2023-05-16 04:56:44.994000+00:00,User2,1875495,24187,0,0.008,110417269,101328,0,0.017977777777777777,13639,0,0,0
2023-05-16 04:56:45.021000+00:00,User2,1875559,24188,0,0.008,110424088,101334,0,0.01771111111111111,13639,0,0,0
2023-05-16 04:56:45.043000+00:00,User2,1875696,24190,0,0.008,110424088,101334,0,0.018,13640,0,0,0
2023-05-16 04:56:45.046000+00:00,User3,1856412,23896,2,0.009,108779367,99730,13,0.01571111111111111,13163,11,0,1
2023-05-16 04:56:45.055000+00:00,User2,1875696,24190,0,0.008,110430352,101340,0,0.0168,13640,0,0,0
2023-05-16 04:56:45.063000+00:00,User1,1864963,23964,0,0.009,98415347,89548,0,0.015255555555555555,10600,0,0,0
2023-05-16 04:56:45.129000+00:00,User2,1875905,24193,0,0.009,110448525,101357,0,0.017933333333333332,13642,0,0,0
2023-05-16 04:56:45.153000+00:00,User2,1876037,24195,0,0.01,110454774,101363,0,0.017866666666666666,13643,0,0,0
2023-05-16 04:56:45.165000+00:00,User2,1876108,24196,0,0.01,110454774,101363,0,0.017666666666666667,13644,0,0,0
2023-05-16 04:56:47.564000+00:00,User1,1874849,24089,0,0.009,98835138,89947,0,0.009055555555555556,10675,0,0,0
2023-05-16 04:56:47.583000+00:00,User1,1874935,24090,0,0.009,98835138,89947,0,0.008833333333333334,10676,0,0,0
2023-05-16 04:56:47.588000+00:00,User1,1874935,24090,0,0.009,98839077,89951,0,0.008255555555555556,10676,0,0,0
2023-05-16 04:56:47.612000+00:00,User1,1875020,24091,0,0.009,98840054,89952,0,0.009077777777777778,10677,0,0,0
2023-05-16 04:56:47.617000+00:00,User1,1875020,24091,0,0.01,98842008,89954,0,0.009188888888888889,10677,0,0,0
2023-05-16 04:56:47.615000+00:00,User1,1875020,24091,0,0.009,98842008,89954,0,0.008833333333333334,10677,0,0,0
2023-05-16 04:56:47.637000+00:00,User1,1875189,24093,0,0.009,98842985,89955,0,0.009,10677,0,0,0
2023-05-16 04:56:47.633000+00:00,User1,1875189,24093,0,0.01,98842985,89955,0,0.0089,10677,0,0,0
2023-05-16 04:56:47.631000+00:00,User1,1875189,24093,0,0.009,98842985,89955,0,0.008633333333333333,10677,0,0,0
2023-05-16 04:56:47.634000+00:00,User1,1875189,24093,0,0.009,98840821,89953,2,0.009122222222222223,10625,10,0,1
2023-05-16 04:56:47.680000+00:00,User1,1875356,24095,0,0.009,98847006,89959,0,0.009444444444444445,10678,0,0,0
2023-05-16 04:56:47.763000+00:00,User3,1867159,24033,0,0.009,109277769,100199,0,0.0078,13356,0,0,0
2023-05-16 04:56:47.768000+00:00,User3,1867159,24033,0,0.01,109277769,100199,0,0.007688888888888889,13356,0,0,0
2023-05-16 04:56:47.779000+00:00,User3,1867251,24034,0,0.01,109277769,100199,0,0.0076,13357,0,0,0
2023-05-16 04:56:47.772000+00:00,User3,1867251,24034,0,0.01,109278716,100200,0,0.008277777777777778,13357,0,0,0
2023-05-16 04:56:47.774000+00:00,User3,1867251,24034,0,0.01,109277769,100199,0,0.0074333333333333335,13357,0,0,0
2023-05-16 04:56:47.779000+00:00,User3,1867251,24034,0,0.01,109277769,100199,0,0.007855555555555555,13357,0,0,0
2023-05-16 04:56:47.786000+00:00,User3,1867419,24036,0,0.01,109281559,100203,0,0.008388888888888888,13357,0,0,0
2023-05-16 04:56:47.805000+00:00,User3,1867419,24036,0,0.009,109282481,100204,0,0.008522222222222223,13357,0,0,0
2023-05-16 04:56:47.804000+00:00,User3,1867419,24036,0,0.009,109284327,100206,0,0.0082,13358,0,0,0
2023-05-16 04:56:47.824000+00:00,User3,1867510,24037,0,0.01,109285250,100207,0,0.0077555555555555555,13358,0,0,0
2023-05-16 04:56:47.872000+00:00,User3,1867681,24039,0,0.01,109290017,100212,0,0.008222222222222223,13360,0,0,0
2023-05-16 04:56:47.957000+00:00,User2,1886797,24335,0,0.009,111159058,102004,0,0.016,13728,0,0,0
2023-05-16 04:56:47.985000+00:00,User2,1886969,24337,0,0.008,111166051,102010,0,0.015766666666666665,13728,0,0,0
2023-05-16 04:56:47.985000+00:00,User2,1886969,24337,0,0.008,111167217,102011,0,0.0158,13728,0,0,0
2023-05-16 04:56:47.988000+00:00,User2,1886969,24337,0,0.009,111167217,102011,0,0.015444444444444445,13728,0,0,0
2023-05-16 04:56:47.989000+00:00,User2,1886969,24337,0,0.008,111167217,102011,0,0.015588888888888888,13728,0,0,0
2023-05-16 04:56:47.996000+00:00,User2,1886969,24337,0,0.008,111167217,102011,0,0.016177777777777777,13728,0,0,0
2023-05-16 04:56:48.021000+00:00,User2,1887138,24339,0,0.008,111174232,102017,0,0.015955555555555556,13729,0,0,0
2023-05-16 04:56:48.042000+00:00,User2,1887138,24339,0,0.008,111175300,102018,0,0.015833333333333335,13730,0,0,0
2023-05-16 04:56:48.050000+00:00,User3,1868353,24046,2,0.01,109298256,100222,13,0.00878888888888889,13253,11,0,1
2023-05-16 04:56:53.776000+00:00,User3,1890927,24335,0,0.01,110688367,101501,0,0.014222222222222223,13536,0,0,0
2023-05-16 04:56:53.775000+00:00,User3,1890927,24335,0,0.009,110688367,101501,0,0.014744444444444444,13536,0,0,0
2023-05-16 04:56:53.788000+00:00,User3,1890927,24335,0,0.009,110694041,101506,0,0.014844444444444445,13536,0,0,0
2023-05-16 04:56:53.804000+00:00,User3,1890997,24336,0,0.009,110694041,101506,0,0.014955555555555555,13537,0,0,0
2023-05-16 04:56:53.811000+00:00,User3,1890997,24336,0,0.009,110695060,101507,0,0.014944444444444444,13537,0,0,0
2023-05-16 04:56:53.824000+00:00,User3,1891074,24337,0,0.009,110699136,101511,0,0.015144444444444445,13537,0,0,0
2023-05-16 04:56:53.872000+00:00,User3,1891334,24340,0,0.009,110707796,101519,0,0.014144444444444444,13539,0,0,0
2023-05-16 04:56:53.959000+00:00,User2,1910582,24636,0,0.01,112347558,103115,0,0.011544444444444444,13906,0,0,0
2023-05-16 04:56:53.988000+00:00,User2,1910663,24637,0,0.009,112355106,103122,0,0.011155555555555556,13907,0,0,0
2023-05-16 04:56:53.986000+00:00,User2,1910663,24637,0,0.008,112355106,103122,0,0.011522222222222222,13907,0,0,0
2023-05-16 04:56:53.991000+00:00,User2,1910663,24637,0,0.009,112351870,103119,0,0.011055555555555556,13907,0,0,0
2023-05-16 04:56:56.768000+00:00,User3,1902230,24484,0,0.008,111442554,102188,0,0.014333333333333333,13626,0,0,0
2023-05-16 04:56:56.779000+00:00,User3,1902294,24485,0,0.008,111443664,102189,0,0.014511111111111112,13626,0,0,0
2023-05-16 04:56:56.772000+00:00,User3,1902230,24484,0,0.008,111442554,102188,0,0.01508888888888889,13626,0,0,0
2023-05-16 04:56:56.775000+00:00,User3,1902294,24485,0,0.009,111443664,102189,0,0.014455555555555555,13626,0,0,0
2023-05-16 04:56:56.774000+00:00,User3,1902294,24485,0,0.008,111444776,102190,0,0.014822222222222223,13626,0,0,0
2023-05-16 04:56:56.788000+00:00,User3,1902362,24486,0,0.008,111451451,102196,0,0.0157,13627,0,0,0
2023-05-16 04:56:56.805000+00:00,User3,1902362,24486,0,0.008,111454790,102199,0,0.015855555555555557,13627,0,0,0
2023-05-16 04:56:56.807000+00:00,User3,1902362,24486,0,0.008,111455777,102200,0,0.0164,13627,0,0,0
2023-05-16 04:56:56.830000+00:00,User3,1902362,24486,0,0.008,111459728,102204,0,0.016411111111111112,13627,0,0,0
2023-05-16 04:56:56.872000+00:00,User3,1902571,24489,0,0.008,111466269,102210,0,0.015044444444444444,13629,0,0,0
2023-05-16 04:56:56.960000+00:00,User2,1922283,24786,0,0.008,113141326,103837,0,0.017966666666666666,13997,0,0,0
2023-05-16 04:56:56.987000+00:00,User2,1922283,24786,0,0.008,113149151,103844,0,0.01791111111111111,13997,0,0,0
2023-05-16 04:56:56.988000+00:00,User2,1922360,24787,0,0.008,113150269,103845,0,0.017988888888888888,13998,0,0,0
2023-05-16 04:56:56.990000+00:00,User2,1922283,24786,0,0.008,113149151,103844,0,0.017988888888888888,13998,0,0,0
2023-05-16 04:56:56.995000+00:00,User2,1922360,24787,0,0.008,113150269,103845,0,0.01831111111111111,13998,0,0,0
2023-05-16 04:56:56.992000+00:00,User2,1922360,24787,0,0.008,113150269,103845,0,0.0194,13998,0,0,0
2023-05-16 04:56:57.025000+00:00,User2,1922499,24789,0,0.009,113157036,103851,0,0.0179,13998,0,0,0
2023-05-16 04:56:57.048000+00:00,User2,1922499,24789,0,0.009,113158164,103852,0,0.018111111111111113,13999,0,0,0
2023-05-16 04:56:57.047000+00:00,User3,1903022,24496,2,0.008,111493191,102234,13,0.015588888888888888,13522,11,0,1
2023-05-16 04:56:57.054000+00:00,User2,1922567,24790,0,0.008,113164936,103858,0,0.018133333333333335,13999,0,0,0
2023-05-16 04:56:57.065000+00:00,User1,1911675,24564,0,0.011,101129402,92048,0,0.017666666666666667,10960,0,0,0
2023-05-16 04:56:57.134000+00:00,User2,1922867,24794,0,0.01,113181868,103873,0,0.018555555555555554,14001,0,0,0
2023-05-16 04:56:57.152000+00:00,User2,1922934,24795,0,0.009,113185354,103876,0,0.017855555555555555,14002,0,0,0
2023-05-16 04:56:57.175000+00:00,User2,1923005,24796,0,0.009,113190006,103880,0,0.017877777777777777,14003,0,0,0
2023-05-16 04:56:59.568000+00:00,User1,1921347,24689,0,0.012,101751606,92621,0,0.01633333333333333,11035,0,0,0
2023-05-16 04:56:59.583000+00:00,User1,1921442,24690,0,0.012,101760260,92629,0,0.01806666666666667,11035,0,0,0
2023-05-16 04:56:59.592000+00:00,User1,1921536,24691,0,0.011,101762439,92631,0,0.0173,11035,0,0,0
2023-05-16 04:56:59.612000+00:00,User1,1921622,24692,0,0.01,101764755,92633,0,0.018444444444444444,11036,0,0,0
2023-05-16 04:56:59.618000+00:00,User1,1921622,24692,0,0.011,101764755,92633,0,0.018211111111111112,11036,0,0,0
2023-05-16 04:56:59.624000+00:00,User1,1921622,24692,0,0.011,101768231,92636,0,0.017644444444444445,11036,0,0,0
2023-05-16 04:56:59.630000+00:00,User1,1921622,24692,0,0.011,101770549,92638,0,0.01757777777777778,11037,0,0,0
2023-05-16 04:56:59.642000+00:00,User1,1921622,24692,0,0.012,101770549,92638,0,0.0175,11036,0,0,0
2023-05-16 04:56:59.636000+00:00,User1,1921622,24692,0,0.011,101770549,92638,0,0.017877777777777777,11037,0,0,0
2023-05-16 04:56:59.638000+00:00,User1,1921622,24692,0,0.011,101768385,92636,2,0.01758888888888889,10985,10,0,1
2023-05-16 04:56:59.683000+00:00,User1,1921878,24695,0,0.011,101779643,92646,0,0.017644444444444445,11038,0,0,0
2023-05-16 04:56:59.763000+00:00,User3,1913656,24634,0,0.011,112189864,102876,0,0.0144,13716,0,0,0
2023-05-16 04:56:59.769000+00:00,User3,1913656,24634,0,0.009,112189864,102876,0,0.014877777777777778,13716,0,0,0
2023-05-16 04:56:59.773000+00:00,User3,1913656,24634,0,0.01,112189864,102876,0,0.014177777777777777,13716,0,0,0
2023-05-16 04:56:59.779000+00:00,User3,1913656,24634,0,0.01,112189864,102876,0,0.014444444444444444,13716,0,0,0
2023-05-16 04:56:59.773000+00:00,User3,1913723,24635,0,0.01,112189864,102876,0,0.014977777777777777,13716,0,0,0
2023-05-16 04:56:59.782000+00:00,User3,1913723,24635,0,0.009,112189864,102876,0,0.015,13716,0,0,0
2023-05-16 04:56:59.791000+00:00,User3,1913723,24635,0,0.008,112196708,102882,0,0.014,13717,0,0,0
2023-05-16 04:56:59.808000+00:00,User3,1913723,24635,0,0.009,112197849,102883,0,0.014655555555555555,13717,0,0,0
2023-05-16 04:56:59.806000+00:00,User3,1913789,24636,0,0.01,112198961,102884,0,0.014811111111111112,13717,0,0,0
2023-05-16 04:56:59.824000+00:00,User3,1913789,24636,0,0.01,112202297,102887,0,0.015166666666666667,13717,0,0,0
2023-05-16 04:56:59.872000+00:00,User3,1914021,24639,0,0.009,112214401,102898,0,0.016022222222222222,13719,0,0,0
2023-05-16 04:56:59.959000+00:00,User2,1933766,24935,0,0.01,113878187,104509,0,0.0168,14087,0,0,0
2023-05-16 04:56:59.987000+00:00,User2,1933919,24937,0,0.009,113885992,104516,0,0.016255555555555554,14087,0,0,0
2023-05-16 04:56:59.988000+00:00,User2,1933919,24937,0,0.01,113885992,104516,0,0.016522222222222223,14087,0,0,0
2023-05-16 04:56:59.991000+00:00,User2,1933919,24937,0,0.01,113885992,104516,0,0.0168,14087,0,0,0
2023-05-16 04:56:59.995000+00:00,User2,1933919,24937,0,0.01,113885992,104516,0,0.01698888888888889,14088,0,0,0
2023-05-16 04:56:59.994000+00:00,User2,1933919,24937,0,0.01,113885992,104516,0,0.016544444444444445,14087,0,0,0
2023-05-16 04:57:00.027000+00:00,User2,1933993,24938,0,0.01,113885992,104516,0,0.01681111111111111,14089,0,0,0
2023-05-16 04:57:00.043000+00:00,User2,1934064,24939,0,0.01,113887031,104517,0,0.016622222222222222,14089,0,0,0
2023-05-16 04:57:00.057000+00:00,User2,1934064,24939,0,0.011,113893268,104523,0,0.016233333333333332,14089,0,0,0
2023-05-16 04:57:00.049000+00:00,User3,1914597,24646,2,0.01,112240472,102923,13,0.014811111111111112,13612,11,0,1
2023-05-16 04:57:00.073000+00:00,User1,1923358,24714,0,0.013,101877024,92734,0,0.018,11050,0,0,0
2023-05-16 04:57:00.156000+00:00,User2,1934572,24945,0,0.01,113926133,104553,0,0.018877777777777778,14092,0,0,0
2023-05-16 04:57:00.153000+00:00,User2,1934401,24943,0,0.01,113916203,104544,0,0.02021111111111111,14091,0,0,0
2023-05-16 04:57:00.173000+00:00,User2,1934749,24947,0,0.01,113927281,104554,0,0.0178,14093,0,0,0
2023-05-16 04:57:02.566000+00:00,User1,1932849,24836,0,0.018,102470526,93273,0,0.016777777777777777,11122,0,0,0
2023-05-16 04:57:02.582000+00:00,User1,1932849,24836,0,0.018,102470526,93273,0,0.016166666666666666,11122,0,0,0
2023-05-16 04:57:02.609000+00:00,User1,1932849,24836,0,0.019,102470526,93273,0,0.016055555555555556,11117,0,0,0
2023-05-16 04:57:02.614000+00:00,User1,1932849,24836,0,0.018,102470526,93273,0,0.017366666666666666,11122,0,0,0
2023-05-16 04:57:02.619000+00:00,User1,1932849,24836,0,0.018,102470526,93273,0,0.016122222222222222,11122,0,0,0
2023-05-16 04:57:02.616000+00:00,User1,1932849,24836,0,0.018,102470526,93273,0,0.0167,11122,0,0,0
2023-05-16 04:57:02.631000+00:00,User1,1932849,24836,0,0.018,102470526,93273,0,0.0166,11122,0,0,0
2023-05-16 04:57:02.638000+00:00,User1,1932849,24836,0,0.018,102468362,93271,2,0.01708888888888889,11070,10,0,1
2023-05-16 04:57:02.638000+00:00,User1,1932849,24836,0,0.018,102470526,93273,0,0.01671111111111111,11122,0,0,0
2023-05-16 04:57:02.649000+00:00,User1,1932849,24836,0,0.019,102470526,93273,0,0.019688888888888888,11122,0,0,0
2023-05-16 04:57:02.686000+00:00,User1,1932849,24836,0,0.017,102474966,93277,0,0.019533333333333333,11122,0,0,0
2023-05-16 04:57:02.769000+00:00,User3,1925016,24780,0,0.016,112813521,103443,0,0.03454444444444445,13785,0,0,0
2023-05-16 04:57:02.774000+00:00,User3,1925016,24780,0,0.016,112816824,103446,0,0.03496666666666667,13786,0,0,0
2023-05-16 04:57:02.780000+00:00,User3,1925016,24780,0,0.016,112816824,103446,0,0.03482222222222222,13786,0,0,0
2023-05-16 04:57:02.779000+00:00,User3,1925016,24780,0,0.016,112819026,103448,0,0.03415555555555556,13786,0,0,0
2023-05-16 04:57:02.790000+00:00,User3,1925107,24781,0,0.015,112828050,103456,0,0.0337,13786,0,0,0
2023-05-16 04:57:02.781000+00:00,User3,1925016,24780,0,0.016,112819026,103448,0,0.03457777777777778,13786,0,0,0
2023-05-16 04:57:02.805000+00:00,User3,1925186,24782,0,0.015,112829182,103457,0,0.033911111111111114,13787,0,0,0
2023-05-16 04:57:02.806000+00:00,User3,1925186,24782,0,0.015,112830240,103458,0,0.03261111111111111,13787,0,0,0
2023-05-16 04:57:02.773000+00:00,User3,1925016,24780,0,0.019,112809117,103439,0,0.03588888888888889,13775,0,0,0
2023-05-16 04:57:02.872000+00:00,User3,1925430,24785,0,0.013,112847728,103474,0,0.03305555555555555,13789,0,0,0
2023-05-16 04:57:02.859000+00:00,User3,1925273,24783,0,0.018,112836588,103464,0,0.033555555555555554,13783,0,0,0
2023-05-16 04:57:02.960000+00:00,User2,1945023,25086,0,0.008,114631022,105196,0,0.0172,14177,0,0,0
2023-05-16 04:57:02.987000+00:00,User2,1945023,25086,0,0.009,114639320,105204,0,0.016655555555555555,14177,0,0,0
2023-05-16 04:57:02.989000+00:00,User2,1945023,25086,0,0.009,114639320,105204,0,0.01767777777777778,14177,0,0,0
2023-05-16 04:57:02.988000+00:00,User2,1945023,25086,0,0.009,114639320,105204,0,0.01631111111111111,14177,0,0,0
2023-05-16 04:57:02.994000+00:00,User2,1945102,25087,0,0.011,114639320,105204,0,0.020411111111111113,14171,0,0,0
2023-05-16 04:57:03.001000+00:00,User2,1945102,25087,0,0.009,114639320,105204,0,0.0165,14178,0,0,0
2023-05-16 04:57:03.029000+00:00,User2,1945268,25089,0,0.009,114647041,105211,0,0.01638888888888889,14178,0,0,0
2023-05-16 04:57:03.055000+00:00,User2,1945348,25090,0,0.009,114654918,105218,0,0.016233333333333332,14179,0,0,0
2023-05-16 04:57:03.048000+00:00,User2,1945268,25089,0,0.011,114648166,105212,0,0.017466666666666665,14174,0,0,0
2023-05-16 04:57:03.081000+00:00,User1,1934312,24854,0,0.022,102498483,93299,0,0.026166666666666668,11125,0,0,0
2023-05-16 04:57:03.130000+00:00,User2,1945658,25094,0,0.01,114667643,105230,0,0.01767777777777778,14181,0,0,0
2023-05-16 04:57:03.119000+00:00,User3,1925890,24791,2,0.018,112867174,103491,13,0.03468888888888889,13672,11,0,1
2023-05-16 04:57:03.152000+00:00,User2,1945745,25095,0,0.011,114680590,105242,0,0.016066666666666667,14182,0,0,0
2023-05-16 04:57:03.179000+00:00,User2,1945835,25096,0,0.011,114681646,105243,0,0.02158888888888889,14169,0,0,0
2023-05-16 04:57:05.567000+00:00,User1,1944520,24985,0,0.015,102798044,93584,0,0.022922222222222222,11178,0,0,0
2023-05-16 04:57:05.583000+00:00,User1,1944682,24987,0,0.016,102811851,93596,0,0.022866666666666667,11178,0,0,0
2023-05-16 04:57:05.597000+00:00,User1,1944763,24988,0,0.017,102811851,93596,0,0.023044444444444444,11178,0,0,0
2023-05-16 04:57:05.619000+00:00,User1,1944763,24988,0,0.016,102812922,93597,0,0.02178888888888889,11179,0,0,0
2023-05-16 04:57:05.617000+00:00,User1,1944763,24988,0,0.016,102812922,93597,0,0.021344444444444444,11179,0,0,0
2023-05-16 04:57:05.616000+00:00,User1,1944763,24988,0,0.015,102812922,93597,0,0.021477777777777776,11179,0,0,0
2023-05-16 04:57:05.630000+00:00,User1,1944844,24989,0,0.015,102820423,93604,0,0.02262222222222222,11179,0,0,0
2023-05-16 04:57:05.643000+00:00,User1,1944933,24990,0,0.015,102821495,93605,0,0.02207777777777778,11179,0,0,0
2023-05-16 04:57:05.637000+00:00,User1,1944933,24990,0,0.014,102821495,93605,0,0.021722222222222223,11179,0,0,0
2023-05-16 04:57:05.639000+00:00,User1,1944933,24990,0,0.014,102819331,93603,2,0.0216,11127,10,0,1
2023-05-16 04:57:05.697000+00:00,User1,1945087,24992,0,0.013,102841742,93623,0,0.02362222222222222,11180,0,0,0
2023-05-16 04:57:05.770000+00:00,User3,1936957,24929,0,0.013,113289899,103901,0,0.009422222222222222,13873,0,0,0
2023-05-16 04:57:05.771000+00:00,User3,1936957,24929,0,0.012,113289899,103901,0,0.008933333333333333,13873,0,0,0
2023-05-16 04:57:05.775000+00:00,User3,1936957,24929,0,0.013,113289899,103901,0,0.009488888888888889,13873,0,0,0
2023-05-16 04:57:05.773000+00:00,User3,1936957,24929,0,0.012,113289899,103901,0,0.009544444444444444,13873,0,0,0
2023-05-16 04:57:05.780000+00:00,User3,1936957,24929,0,0.013,113289899,103901,0,0.009611111111111112,13873,0,0,0
2023-05-16 04:57:05.780000+00:00,User3,1936957,24929,0,0.012,113289899,103901,0,0.009177777777777778,13873,0,0,0
2023-05-16 04:57:05.790000+00:00,User3,1937119,24931,0,0.012,113296749,103907,0,0.009833333333333333,13873,0,0,0
2023-05-16 04:57:05.805000+00:00,User3,1937119,24931,0,0.012,113296749,103907,0,0.009522222222222222,13873,0,0,0
2023-05-16 04:57:05.806000+00:00,User3,1937119,24931,0,0.012,113299991,103910,0,0.010255555555555556,13874,0,0,0
2023-05-16 04:57:05.850000+00:00,User3,1937200,24932,0,0.012,113305396,103915,0,0.010533333333333334,13874,0,0,0
2023-05-16 04:57:05.876000+00:00,User3,1937362,24934,0,0.012,113310884,103920,0,0.010466666666666668,13876,0,0,0
2023-05-16 04:57:05.962000+00:00,User2,1956596,25236,0,0.01,115385034,105887,0,0.01721111111111111,14267,0,0,0
2023-05-16 04:57:05.988000+00:00,User2,1956596,25236,0,0.01,115392485,105894,0,0.017744444444444445,14268,0,0,0
2023-05-16 04:57:05.988000+00:00,User2,1956673,25237,0,0.01,115393550,105895,0,0.017655555555555556,14268,0,0,0
2023-05-16 04:57:05.989000+00:00,User2,1956673,25237,0,0.01,115393550,105895,0,0.017144444444444445,14267,0,0,0
2023-05-16 04:57:05.995000+00:00,User2,1956673,25237,0,0.01,115393550,105895,0,0.017144444444444445,14268,0,0,0
2023-05-16 04:57:05.997000+00:00,User2,1956673,25237,0,0.01,115393550,105895,0,0.017333333333333333,14268,0,0,0
2023-05-16 04:57:06.026000+00:00,User2,1956811,25239,0,0.01,115401292,105902,0,0.017622222222222223,14269,0,0,0
2023-05-16 04:57:06.055000+00:00,User2,1956886,25240,0,0.01,115409503,105910,0,0.0174,14269,0,0,0
2023-05-16 04:57:06.054000+00:00,User3,1938057,24942,2,0.012,113337097,103944,13,0.012044444444444444,13769,11,0,1
2023-05-16 04:57:06.053000+00:00,User2,1956811,25239,0,0.011,115401292,105902,0,0.01697777777777778,14269,0,0,0
2023-05-16 04:57:06.068000+00:00,User1,1946545,25010,0,0.012,102978691,93746,0,0.022322222222222222,11192,0,0,0
2023-05-16 04:57:06.136000+00:00,User2,1957258,25244,0,0.01,115426217,105925,0,0.01711111111111111,14272,0,0,0
2023-05-16 04:57:06.155000+00:00,User2,1957353,25245,0,0.009,115435260,105933,0,0.01732222222222222,14272,0,0,0
2023-05-16 04:57:06.180000+00:00,User2,1957441,25246,0,0.009,115438521,105936,0,0.016766666666666666,14273,0,0,0
2023-05-16 04:57:08.567000+00:00,User1,1956312,25136,0,0.01,103764009,94457,0,0.022722222222222224,11268,0,0,0
2023-05-16 04:57:08.583000+00:00,User1,1956448,25138,0,0.01,103770701,94463,0,0.023466666666666667,11268,0,0,0
2023-05-16 04:57:08.595000+00:00,User1,1956448,25138,0,0.01,103771817,94464,0,0.02338888888888889,11269,0,0,0
2023-05-16 04:57:08.614000+00:00,User1,1956526,25139,0,0.01,103777602,94469,0,0.0228,11269,0,0,0
2023-05-16 04:57:08.619000+00:00,User1,1956526,25139,0,0.01,103778759,94470,0,0.0223,11269,0,0,0
2023-05-16 04:57:08.619000+00:00,User1,1956526,25139,0,0.01,103778759,94470,0,0.023155555555555554,11269,0,0,0
2023-05-16 04:57:08.630000+00:00,User1,1956600,25140,0,0.01,103778759,94470,0,0.023,11270,0,0,0
2023-05-16 04:57:08.642000+00:00,User1,1956600,25140,0,0.01,103778759,94470,0,0.022444444444444444,11270,0,0,0
2023-05-16 04:57:08.638000+00:00,User1,1956600,25140,0,0.011,103778759,94470,0,0.022866666666666667,11270,0,0,0
2023-05-16 04:57:08.639000+00:00,User1,1956600,25140,0,0.01,103776595,94468,2,0.0235,11218,10,0,1
2023-05-16 04:57:08.685000+00:00,User1,1956677,25141,0,0.01,103787247,94478,0,0.0211,11271,0,0,0
2023-05-16 04:57:08.771000+00:00,User3,1948629,25079,0,0.011,114079795,104622,0,0.017666666666666667,13963,0,0,0
2023-05-16 04:57:08.773000+00:00,User3,1948629,25079,0,0.011,114080958,104623,0,0.016777777777777777,13963,0,0,0
2023-05-16 04:57:08.772000+00:00,User3,1948629,25079,0,0.01,114080958,104623,0,0.017255555555555555,13963,0,0,0
2023-05-16 04:57:08.781000+00:00,User3,1948629,25079,0,0.01,114080958,104623,0,0.01742222222222222,13963,0,0,0
2023-05-16 04:57:08.776000+00:00,User3,1948629,25079,0,0.011,114083284,104625,0,0.0174,13963,0,0,0
2023-05-16 04:57:08.778000+00:00,User3,1948629,25079,0,0.011,114083284,104625,0,0.017988888888888888,13963,0,0,0
2023-05-16 04:57:08.792000+00:00,User3,1948791,25081,0,0.013,114085611,104627,0,0.017955555555555554,13964,0,0,0
2023-05-16 04:57:08.805000+00:00,User3,1948791,25081,0,0.012,114085611,104627,0,0.017266666666666666,13964,0,0,0
2023-05-16 04:57:08.806000+00:00,User3,1948791,25081,0,0.012,114089705,104631,0,0.01732222222222222,13964,0,0,0
2023-05-16 04:57:08.838000+00:00,User3,1948934,25083,0,0.012,114092777,104634,0,0.017344444444444444,13965,0,0,0
2023-05-16 04:57:08.873000+00:00,User3,1949004,25084,0,0.011,114101143,104642,0,0.017377777777777777,13966,0,0,0
2023-05-16 04:57:08.960000+00:00,User2,1968254,25386,0,0.01,116066569,106517,0,0.012055555555555555,14357,0,0,0
2023-05-16 04:57:08.989000+00:00,User2,1968317,25387,0,0.01,116069483,106520,0,0.011544444444444444,14357,0,0,0
2023-05-16 04:57:08.988000+00:00,User2,1968317,25387,0,0.01,116069483,106520,0,0.011433333333333334,14358,0,0,0
2023-05-16 04:57:08.991000+00:00,User2,1968317,25387,0,0.01,116069483,106520,0,0.011966666666666667,14358,0,0,0
2023-05-16 04:57:08.996000+00:00,User2,1968317,25387,0,0.01,116069483,106520,0,0.011033333333333332,14358,0,0,0
2023-05-16 04:57:08.995000+00:00,User2,1968317,25387,0,0.011,116069483,106520,0,0.011488888888888889,14358,0,0,0
2023-05-16 04:57:09.028000+00:00,User2,1968385,25388,0,0.01,116073719,106524,0,0.0105,14358,0,0,0
2023-05-16 04:57:09.051000+00:00,User2,1968450,25389,0,0.009,116075740,106526,0,0.010211111111111112,14359,0,0,0
2023-05-16 04:57:09.051000+00:00,User3,1949497,25091,2,0.011,114135708,104673,13,0.016744444444444444,13859,11,0,1
2023-05-16 04:57:09.054000+00:00,User2,1968600,25391,0,0.01,116075740,106526,0,0.010344444444444444,14359,0,0,0
2023-05-16 04:57:09.067000+00:00,User1,1958216,25161,0,0.01,103869866,94554,0,0.0175,11282,0,0,0
2023-05-16 04:57:09.134000+00:00,User2,1968777,25393,0,0.01,116082636,106533,0,0.01071111111111111,14362,0,0,0
2023-05-16 04:57:09.152000+00:00,User2,1969045,25396,0,0.011,116085637,106536,0,0.009955555555555556,14362,0,0,0
2023-05-16 04:57:09.179000+00:00,User2,1969045,25396,0,0.01,116089795,106540,0,0.010833333333333334,14363,0,0,0
2023-05-16 04:57:11.567000+00:00,User1,1967880,25286,0,0.011,104379161,95025,0,0.017144444444444445,11356,0,0,0
2023-05-16 04:57:11.583000+00:00,User1,1967948,25287,0,0.011,104380220,95026,0,0.01637777777777778,11357,0,0,0
2023-05-16 04:57:11.598000+00:00,User1,1967948,25287,0,0.01,104385515,95031,0,0.015588888888888888,11358,0,0,0
2023-05-16 04:57:11.614000+00:00,User1,1968026,25288,0,0.01,104386574,95032,0,0.0162,11358,0,0,0
2023-05-16 04:57:11.619000+00:00,User1,1968026,25288,0,0.009,104386574,95032,0,0.01608888888888889,11358,0,0,0
2023-05-16 04:57:11.617000+00:00,User1,1968172,25290,0,0.01,104387669,95033,0,0.0163,11358,0,0,0
2023-05-16 04:57:11.631000+00:00,User1,1968172,25290,0,0.01,104394242,95039,0,0.016266666666666665,11359,0,0,0
2023-05-16 04:57:11.642000+00:00,User1,1968172,25290,0,0.01,104394242,95039,0,0.01632222222222222,11359,0,0,0
2023-05-16 04:57:11.639000+00:00,User1,1968172,25290,0,0.01,104392078,95037,2,0.016288888888888887,11307,10,0,1
2023-05-16 04:57:11.638000+00:00,User1,1968172,25290,0,0.01,104394242,95039,0,0.017011111111111112,11359,0,0,0
2023-05-16 04:57:11.685000+00:00,User1,1968328,25292,0,0.009,104402911,95047,0,0.017133333333333334,11360,0,0,0
2023-05-16 04:57:11.773000+00:00,User3,1960172,25230,0,0.01,114808724,105289,0,0.014977777777777777,14053,0,0,0
2023-05-16 04:57:11.772000+00:00,User3,1960172,25230,0,0.01,114808724,105289,0,0.015055555555555556,14053,0,0,0
2023-05-16 04:57:11.773000+00:00,User3,1960172,25230,0,0.01,114808724,105289,0,0.01478888888888889,14053,0,0,0
2023-05-16 04:57:11.783000+00:00,User3,1960172,25230,0,0.01,114808724,105289,0,0.015933333333333334,14053,0,0,0
2023-05-16 04:57:11.779000+00:00,User3,1960172,25230,0,0.01,114811841,105292,0,0.015144444444444445,14053,0,0,0
2023-05-16 04:57:11.776000+00:00,User3,1960172,25230,0,0.01,114808724,105289,0,0.015233333333333333,14053,0,0,0
2023-05-16 04:57:11.791000+00:00,User3,1960241,25231,0,0.009,114815997,105296,0,0.015277777777777777,14053,0,0,0
2023-05-16 04:57:11.805000+00:00,User3,1960241,25231,0,0.01,114815997,105296,0,0.014755555555555555,14054,0,0,0
2023-05-16 04:57:11.808000+00:00,User3,1960241,25231,0,0.009,114819453,105299,0,0.01478888888888889,14054,0,0,0
2023-05-16 04:57:11.838000+00:00,User3,1960309,25232,0,0.011,114825214,105304,0,0.014477777777777777,14055,0,0,0
2023-05-16 04:57:11.875000+00:00,User3,1960451,25234,0,0.01,114834754,105313,0,0.014955555555555555,14056,0,0,0
2023-05-16 04:57:11.962000+00:00,User2,1980416,25536,0,0.011,116583149,107009,0,0.01648888888888889,14446,0,0,0
2023-05-16 04:57:11.988000+00:00,User2,1980486,25537,0,0.01,116590856,107016,0,0.015411111111111112,14446,0,0,0
2023-05-16 04:57:11.991000+00:00,User2,1980486,25537,0,0.01,116590856,107016,0,0.0155,14446,0,0,0
2023-05-16 04:57:11.989000+00:00,User2,1980486,25537,0,0.009,116590856,107016,0,0.0158,14446,0,0,0
2023-05-16 04:57:12.001000+00:00,User2,1980486,25537,0,0.009,116591957,107017,0,0.015855555555555557,14446,0,0,0
2023-05-16 04:57:11.997000+00:00,User2,1980486,25537,0,0.01,116591957,107017,0,0.01668888888888889,14447,0,0,0
2023-05-16 04:57:12.027000+00:00,User2,1980555,25538,0,0.01,116602749,107027,0,0.01682222222222222,14447,0,0,0
2023-05-16 04:57:12.049000+00:00,User2,1980714,25540,0,0.01,116609169,107033,0,0.016022222222222222,14448,0,0,0
2023-05-16 04:57:12.055000+00:00,User2,1980714,25540,0,0.01,116610240,107034,0,0.015955555555555556,14448,0,0,0
2023-05-16 04:57:12.055000+00:00,User3,1961049,25242,2,0.012,114865443,105340,13,0.0149,13949,11,0,1
2023-05-16 04:57:12.065000+00:00,User1,1969814,25311,0,0.01,104490549,95128,0,0.01718888888888889,11372,0,0,0
2023-05-16 04:57:12.133000+00:00,User2,1980962,25543,0,0.009,116629908,107052,0,0.017044444444444445,14450,0,0,0
2023-05-16 04:57:12.152000+00:00,User2,1981121,25545,0,0.009,116636298,107058,0,0.0162,14451,0,0,0
2023-05-16 04:57:12.180000+00:00,User2,1981194,25546,0,0.009,116639766,107061,0,0.015288888888888888,14452,0,0,0
2023-05-16 04:57:14.568000+00:00,User1,1979114,25437,0,0.01,105104917,95692,0,0.017722222222222223,11447,0,0,0
2023-05-16 04:57:14.583000+00:00,User1,1979114,25437,0,0.009,105108150,95695,0,0.017022222222222223,11447,0,0,0
2023-05-16 04:57:14.599000+00:00,User1,1979114,25437,0,0.01,105112462,95699,0,0.017011111111111112,11448,0,0,0
2023-05-16 04:57:14.615000+00:00,User1,1979206,25438,0,0.009,105115840,95702,0,0.01771111111111111,11448,0,0,0
2023-05-16 04:57:14.619000+00:00,User1,1979288,25439,0,0.009,105120348,95706,0,0.016644444444444444,11448,0,0,0
2023-05-16 04:57:14.619000+00:00,User1,1979367,25440,0,0.01,105120348,95706,0,0.01681111111111111,11448,0,0,0
2023-05-16 04:57:14.629000+00:00,User1,1979367,25440,0,0.01,105120348,95706,0,0.016733333333333333,11448,0,0,0
2023-05-16 04:57:14.639000+00:00,User1,1979367,25440,0,0.01,105118184,95704,2,0.016777777777777777,11397,10,0,1
2023-05-16 04:57:14.637000+00:00,User1,1979367,25440,0,0.01,105120348,95706,0,0.016766666666666666,11449,0,0,0
2023-05-16 04:57:14.661000+00:00,User1,1979367,25440,0,0.012,105120348,95706,0,0.018544444444444443,11445,0,0,0
2023-05-16 04:57:14.686000+00:00,User1,1979529,25442,0,0.009,105128720,95714,0,0.015433333333333334,11450,0,0,0
2023-05-16 04:57:14.774000+00:00,User3,1971208,25380,0,0.009,115562796,105975,0,0.015844444444444446,14143,0,0,0
2023-05-16 04:57:14.772000+00:00,User3,1971208,25380,0,0.009,115562796,105975,0,0.015833333333333335,14143,0,0,0
2023-05-16 04:57:14.776000+00:00,User3,1971208,25380,0,0.009,115562796,105975,0,0.016022222222222222,14143,0,0,0
2023-05-16 04:57:14.777000+00:00,User3,1971208,25380,0,0.009,115563956,105976,0,0.016922222222222224,14143,0,0,0
2023-05-16 04:57:14.784000+00:00,User3,1971208,25380,0,0.01,115562796,105975,0,0.016433333333333335,14141,0,0,0
2023-05-16 04:57:14.777000+00:00,User3,1971208,25380,0,0.009,115563956,105976,0,0.01601111111111111,14143,0,0,0
2023-05-16 04:57:14.796000+00:00,User3,1971284,25381,0,0.008,115567438,105979,0,0.01622222222222222,14143,0,0,0
2023-05-16 04:57:14.804000+00:00,User3,1971284,25381,0,0.008,115570921,105982,0,0.016788888888888888,14144,0,0,0
2023-05-16 04:57:14.806000+00:00,User3,1971284,25381,0,0.008,115572009,105983,0,0.016233333333333332,14144,0,0,0
2023-05-16 04:57:14.840000+00:00,User3,1971354,25382,0,0.009,115579630,105990,0,0.016555555555555556,14144,0,0,0
2023-05-16 04:57:14.876000+00:00,User3,1971585,25385,0,0.009,115590289,106000,0,0.017611111111111112,14146,0,0,0
2023-05-16 04:57:14.960000+00:00,User2,1992109,25686,0,0.009,117366198,107724,0,0.018055555555555554,14536,0,0,0
2023-05-16 04:57:14.989000+00:00,User2,1992205,25687,0,0.01,117375267,107732,0,0.01828888888888889,14536,0,0,0
2023-05-16 04:57:14.993000+00:00,User2,1992205,25687,0,0.009,117374133,107731,0,0.017355555555555555,14536,0,0,0
2023-05-16 04:57:14.995000+00:00,User2,1992205,25687,0,0.009,117375267,107732,0,0.01781111111111111,14536,0,0,0
2023-05-16 04:57:15+00:00,User2,1992205,25687,0,0.009,117375267,107732,0,0.017766666666666667,14537,0,0,0
2023-05-16 04:57:14.997000+00:00,User2,1992205,25687,0,0.008,117375267,107732,0,0.017944444444444443,14537,0,0,0
2023-05-16 04:57:15.028000+00:00,User2,1992282,25688,0,0.009,117383981,107740,0,0.017744444444444445,14537,0,0,0
2023-05-16 04:57:15.050000+00:00,User2,1992435,25690,0,0.009,117387058,107743,0,0.017255555555555555,14538,0,0,0
2023-05-16 04:57:15.052000+00:00,User3,1972169,25392,2,0.009,115619263,106027,13,0.016,14039,11,0,1
2023-05-16 04:57:15.057000+00:00,User2,1992435,25690,0,0.009,117392188,107748,0,0.01731111111111111,14538,0,0,0
2023-05-16 04:57:15.069000+00:00,User1,1981079,25461,0,0.009,105225047,95801,0,0.015422222222222223,11462,0,0,0
2023-05-16 04:57:15.134000+00:00,User2,1992717,25694,0,0.011,117408236,107762,0,0.018244444444444445,14538,0,0,0
2023-05-16 04:57:15.152000+00:00,User2,1992809,25695,0,0.009,117416255,107769,0,0.01681111111111111,14541,0,0,0
2023-05-16 04:57:15.183000+00:00,User2,1992892,25696,0,0.009,117419422,107772,0,0.017366666666666666,14542,0,0,0
2023-05-16 04:57:17.568000+00:00,User1,1990683,25586,0,0.01,105855533,96379,0,0.01691111111111111,11537,0,0,0
2023-05-16 04:57:17.582000+00:00,User1,1990766,25587,0,0.01,105861203,96384,0,0.017444444444444443,11537,0,0,0
2023-05-16 04:57:17.601000+00:00,User1,1990766,25587,0,0.009,105868010,96390,0,0.017344444444444444,11538,0,0,0
2023-05-16 04:57:17.614000+00:00,User1,1990901,25589,0,0.01,105871386,96393,0,0.018211111111111112,11538,0,0,0
2023-05-16 04:57:17.622000+00:00,User1,1990901,25589,0,0.01,105873598,96395,0,0.0178,11538,0,0,0
2023-05-16 04:57:17.617000+00:00,User1,1990901,25589,0,0.01,105874704,96396,0,0.017344444444444444,11538,0,0,0
2023-05-16 04:57:17.630000+00:00,User1,1990968,25590,0,0.009,105875811,96397,0,0.017244444444444444,11539,0,0,0
2023-05-16 04:57:17.638000+00:00,User1,1990968,25590,0,0.009,105875811,96397,0,0.017055555555555556,11539,0,0,0
2023-05-16 04:57:17.638000+00:00,User1,1990968,25590,0,0.009,105873647,96395,2,0.016622222222222222,11487,10,0,1
2023-05-16 04:57:17.660000+00:00,User1,1991045,25591,0,0.008,105880180,96401,0,0.0175,11539,0,0,0
2023-05-16 04:57:17.687000+00:00,User1,1991118,25592,0,0.008,105886780,96407,0,0.017522222222222224,11540,0,0,0
2023-05-16 04:57:17.773000+00:00,User3,1982872,25530,0,0.009,116311620,106663,0,0.01711111111111111,14233,0,0,0
2023-05-16 04:57:17.772000+00:00,User3,1982872,25530,0,0.009,116311620,106663,0,0.016255555555555554,14233,0,0,0
2023-05-16 04:57:17.776000+00:00,User3,1982872,25530,0,0.01,116311620,106663,0,0.016055555555555556,14233,0,0,0
2023-05-16 04:57:17.784000+00:00,User3,1982872,25530,0,0.01,116312712,106664,0,0.01681111111111111,14233,0,0,0
2023-05-16 04:57:17.777000+00:00,User3,1982872,25530,0,0.01,116312712,106664,0,0.015055555555555556,14233,0,0,0
2023-05-16 04:57:17.780000+00:00,User3,1982872,25530,0,0.009,116312712,106664,0,0.015455555555555556,14233,0,0,0
2023-05-16 04:57:17.793000+00:00,User3,1982872,25530,0,0.009,116319264,106670,0,0.015344444444444445,14234,0,0,0
2023-05-16 04:57:17.804000+00:00,User3,1982940,25531,0,0.008,116319264,106670,0,0.015633333333333332,14234,0,0,0
2023-05-16 04:57:17.806000+00:00,User3,1982940,25531,0,0.01,116321562,106672,0,0.0151,14234,0,0,0
2023-05-16 04:57:17.839000+00:00,User3,1983093,25533,0,0.01,116327312,106677,0,0.015233333333333333,14235,0,0,0
2023-05-16 04:57:17.876000+00:00,User3,1983180,25534,0,0.009,116334802,106684,0,0.015111111111111112,14236,0,0,0
2023-05-16 04:57:17.961000+00:00,User2,2003621,25836,0,0.01,118109030,108403,0,0.016788888888888888,14626,0,0,0
2023-05-16 04:57:17.988000+00:00,User2,2003714,25837,0,0.009,118116590,108410,0,0.016922222222222224,14627,0,0,0
2023-05-16 04:57:17.991000+00:00,User2,2003714,25837,0,0.009,118116590,108410,0,0.017022222222222223,14627,0,0,0
2023-05-16 04:57:17.991000+00:00,User2,2003621,25836,0,0.009,118116590,108410,0,0.016511111111111112,14626,0,0,0
2023-05-16 04:57:18.004000+00:00,User2,2003714,25837,0,0.009,118116590,108410,0,0.016733333333333333,14627,0,0,0
2023-05-16 04:57:18.002000+00:00,User2,2003714,25837,0,0.009,118116590,108410,0,0.016644444444444444,14627,0,0,0
2023-05-16 04:57:18.029000+00:00,User2,2003886,25839,0,0.009,118124446,108417,0,0.0161,14628,0,0,0
2023-05-16 04:57:18.048000+00:00,User2,2003965,25840,0,0.008,118127641,108420,0,0.016133333333333333,14628,0,0,0
2023-05-16 04:57:18.052000+00:00,User3,1983768,25542,2,0.011,116368555,106714,13,0.01637777777777778,14129,11,0,1
2023-05-16 04:57:18.059000+00:00,User2,2003965,25840,0,0.009,118132970,108425,0,0.016633333333333333,14628,0,0,0
2023-05-16 04:57:18.066000+00:00,User1,1992660,25611,0,0.008,105982942,96495,0,0.017033333333333334,11552,0,0,0
2023-05-16 04:57:18.145000+00:00,User2,2004259,25844,0,0.009,118150227,108441,0,0.01668888888888889,14631,0,0,0
2023-05-16 04:57:18.153000+00:00,User2,2004326,25845,0,0.009,118158260,108448,0,0.015822222222222224,14631,0,0,0
2023-05-16 04:57:18.184000+00:00,User2,2004404,25846,0,0.008,118161714,108451,0,0.015933333333333334,14632,0,0,0
2023-05-16 04:57:20.568000+00:00,User1,2002376,25736,0,0.011,106550629,97018,0,0.012366666666666666,11627,0,0,0
2023-05-16 04:57:20.583000+00:00,User1,2002444,25737,0,0.012,106553419,97021,0,0.011244444444444444,11627,0,0,0
2023-05-16 04:57:20.597000+00:00,User1,2002444,25737,0,0.012,106553419,97021,0,0.011244444444444444,11628,0,0,0
2023-05-16 04:57:20.616000+00:00,User1,2002581,25739,0,0.011,106556374,97024,0,0.011566666666666666,11628,0,0,0
2023-05-16 04:57:20.619000+00:00,User1,2002581,25739,0,0.011,106556374,97024,0,0.011166666666666667,11628,0,0,0
2023-05-16 04:57:20.626000+00:00,User1,2002581,25739,0,0.012,106556374,97024,0,0.0113,11628,0,0,0
2023-05-16 04:57:20.630000+00:00,User1,2002651,25740,0,0.011,106556374,97024,0,0.010944444444444444,11629,0,0,0
2023-05-16 04:57:20.639000+00:00,User1,2002651,25740,0,0.011,106556374,97024,0,0.011433333333333334,11629,0,0,0
2023-05-16 04:57:20.641000+00:00,User1,2002651,25740,0,0.011,106554210,97022,2,0.011355555555555556,11577,10,0,1
2023-05-16 04:57:20.665000+00:00,User1,2002720,25741,0,0.011,106559349,97027,0,0.010566666666666667,11629,0,0,0
2023-05-16 04:57:20.686000+00:00,User1,2002788,25742,0,0.01,106560310,97028,0,0.010577777777777778,11630,0,0,0
2023-05-16 04:57:20.774000+00:00,User3,1994544,25679,0,0.009,117024878,107318,0,0.012211111111111112,14323,0,0,0
2023-05-16 04:57:20.784000+00:00,User3,1994544,25679,0,0.01,117024878,107318,0,0.012088888888888889,14323,0,0,0
2023-05-16 04:57:20.780000+00:00,User3,1994544,25679,0,0.009,117024878,107318,0,0.012511111111111112,14323,0,0,0
2023-05-16 04:57:20.780000+00:00,User3,1994544,25679,0,0.009,117024878,107318,0,0.012155555555555555,14323,0,0,0
2023-05-16 04:57:20.777000+00:00,User3,1994544,25679,0,0.009,117024878,107318,0,0.012055555555555555,14323,0,0,0
2023-05-16 04:57:20.776000+00:00,User3,1994544,25679,0,0.009,117024878,107318,0,0.012422222222222222,14323,0,0,0
2023-05-16 04:57:20.793000+00:00,User3,1994682,25681,0,0.01,117024878,107318,0,0.011722222222222222,14324,0,0,0
2023-05-16 04:57:20.806000+00:00,User3,1994682,25681,0,0.009,117024878,107318,0,0.012155555555555555,14324,0,0,0
2023-05-16 04:57:20.808000+00:00,User3,1994682,25681,0,0.01,117027678,107321,0,0.011411111111111111,14324,0,0,0
2023-05-16 04:57:20.840000+00:00,User3,1994751,25682,0,0.009,117027678,107321,0,0.011888888888888888,14325,0,0,0
2023-05-16 04:57:20.877000+00:00,User3,1994891,25684,0,0.009,117031534,107325,0,0.010777777777777778,14326,0,0,0
2023-05-16 04:57:20.964000+00:00,User2,2014820,25985,0,0.009,118860262,109092,0,0.016622222222222222,14716,0,0,0
2023-05-16 04:57:20.990000+00:00,User2,2014954,25987,0,0.009,118868270,109099,0,0.016855555555555554,14717,0,0,0
2023-05-16 04:57:20.988000+00:00,User2,2014954,25987,0,0.009,118868270,109099,0,0.01658888888888889,14717,0,0,0
2023-05-16 04:57:20.991000+00:00,User2,2014954,25987,0,0.01,118868270,109099,0,0.017344444444444444,14717,0,0,0
2023-05-16 04:57:21+00:00,User2,2014954,25987,0,0.01,118868270,109099,0,0.016622222222222222,14717,0,0,0
2023-05-16 04:57:20.998000+00:00,User2,2014954,25987,0,0.009,118868270,109099,0,0.016666666666666666,14717,0,0,0
2023-05-16 04:57:21.029000+00:00,User2,2015106,25989,0,0.01,118875356,109106,0,0.016511111111111112,14718,0,0,0
2023-05-16 04:57:21.049000+00:00,User2,2015106,25989,0,0.01,118878478,109109,0,0.0161,14718,0,0,0
2023-05-16 04:57:21.053000+00:00,User3,1995453,25692,2,0.01,117034173,107329,13,0.008844444444444445,14219,11,0,1
2023-05-16 04:57:21.060000+00:00,User2,2015188,25990,0,0.009,118882642,109113,0,0.016733333333333333,14718,0,0,0
2023-05-16 04:57:21.068000+00:00,User1,2004403,25761,0,0.012,106600274,97070,0,0.008844444444444445,11642,0,0,0
2023-05-16 04:57:21.136000+00:00,User2,2015514,25994,0,0.011,118904153,109132,0,0.016188888888888888,14721,0,0,0
2023-05-16 04:57:21.153000+00:00,User2,2015582,25995,0,0.01,118910878,109138,0,0.01637777777777778,14722,0,0,0
2023-05-16 04:57:21.182000+00:00,User2,2015725,25997,0,0.011,118915421,109142,0,0.01707777777777778,14722,0,0,0
2023-05-16 04:57:23.567000+00:00,User1,2014656,25886,0,0.012,107064833,97509,0,0.01637777777777778,11716,0,0,0
2023-05-16 04:57:23.584000+00:00,User1,2014818,25888,0,0.012,107064833,97509,0,0.016155555555555555,11716,0,0,0
2023-05-16 04:57:23.596000+00:00,User1,2014818,25888,0,0.013,107069346,97513,0,0.015188888888888889,11717,0,0,0
2023-05-16 04:57:23.616000+00:00,User1,2014899,25889,0,0.012,107071604,97515,0,0.015755555555555554,11717,0,0,0
2023-05-16 04:57:23.620000+00:00,User1,2014899,25889,0,0.012,107071604,97515,0,0.015555555555555555,11717,0,0,0
2023-05-16 04:57:23.630000+00:00,User1,2014980,25890,0,0.011,107077188,97520,0,0.015966666666666667,11718,0,0,0
2023-05-16 04:57:23.634000+00:00,User1,2014899,25889,0,0.013,107071604,97515,0,0.016255555555555554,11717,0,0,0
2023-05-16 04:57:23.638000+00:00,User1,2014980,25890,0,0.013,107075024,97518,2,0.015422222222222223,11666,10,0,1
2023-05-16 04:57:23.639000+00:00,User1,2014980,25890,0,0.012,107077188,97520,0,0.015355555555555556,11718,0,0,0
2023-05-16 04:57:23.661000+00:00,User1,2014980,25890,0,0.012,107088180,97530,0,0.01648888888888889,11718,0,0,0
2023-05-16 04:57:23.688000+00:00,User1,2015223,25893,0,0.012,107091354,97533,0,0.016066666666666667,11719,0,0,0
2023-05-16 04:57:23.774000+00:00,User3,2006826,25829,0,0.012,117508614,107781,0,0.0156,14412,0,0,0
2023-05-16 04:57:23.772000+00:00,User3,2006907,25830,0,0.011,117510738,107783,0,0.0157,14412,0,0,0
2023-05-16 04:57:23.775000+00:00,User3,2006907,25830,0,0.012,117508614,107781,0,0.015511111111111111,14412,0,0,0
2023-05-16 04:57:23.784000+00:00,User3,2006907,25830,0,0.012,117510738,107783,0,0.015077777777777778,14412,0,0,0
2023-05-16 04:57:23.776000+00:00,User3,2006907,25830,0,0.012,117510738,107783,0,0.015433333333333334,14412,0,0,0
2023-05-16 04:57:23.782000+00:00,User3,2006907,25830,0,0.012,117510738,107783,0,0.015422222222222223,14412,0,0,0
2023-05-16 04:57:23.796000+00:00,User3,2007069,25832,0,0.011,117514990,107787,0,0.0157,14413,0,0,0
2023-05-16 04:57:23.806000+00:00,User3,2007069,25832,0,0.012,117514990,107787,0,0.014911111111111111,14413,0,0,0
2023-05-16 04:57:23.807000+00:00,User3,2007069,25832,0,0.012,117518320,107790,0,0.015555555555555555,14413,0,0,0
2023-05-16 04:57:23.841000+00:00,User3,2007069,25832,0,0.011,117528313,107799,0,0.0151,14414,0,0,0
2023-05-16 04:57:23.877000+00:00,User3,2007279,25834,0,0.012,117538998,107809,0,0.016633333333333333,14415,0,0,0
2023-05-16 04:57:23.963000+00:00,User2,2026586,26136,0,0.009,119615627,109783,0,0.016066666666666667,14806,0,0,0
2023-05-16 04:57:23.990000+00:00,User2,2026652,26137,0,0.01,119621236,109788,0,0.016888888888888887,14807,0,0,0
2023-05-16 04:57:23.994000+00:00,User2,2026652,26137,0,0.01,119623480,109790,0,0.016544444444444445,14807,0,0,0
2023-05-16 04:57:23.997000+00:00,User2,2026652,26137,0,0.01,119623480,109790,0,0.016033333333333333,14807,0,0,0
2023-05-16 04:57:24+00:00,User2,2026652,26137,0,0.01,119623480,109790,0,0.016855555555555554,14807,0,0,0
2023-05-16 04:57:23.999000+00:00,User2,2026719,26138,0,0.01,119623480,109790,0,0.015922222222222223,14807,0,0,0
2023-05-16 04:57:24.030000+00:00,User2,2026719,26138,0,0.01,119626807,109793,0,0.015866666666666668,14808,0,0,0
2023-05-16 04:57:24.049000+00:00,User2,2026791,26139,0,0.009,119631244,109797,0,0.015855555555555557,14808,0,0,0
2023-05-16 04:57:24.054000+00:00,User3,2007913,25842,2,0.013,117573284,107840,13,0.015355555555555556,14308,11,0,1
2023-05-16 04:57:24.059000+00:00,User2,2026863,26140,0,0.009,119631244,109797,0,0.015588888888888888,14809,0,0,0
2023-05-16 04:57:24.069000+00:00,User1,2016762,25912,0,0.011,107196099,97630,0,0.017044444444444445,11731,0,0,0
2023-05-16 04:57:24.134000+00:00,User2,2027122,26143,0,0.009,119658252,109821,0,0.016266666666666665,14811,0,0,0
2023-05-16 04:57:24.155000+00:00,User2,2027348,26146,0,0.01,119664043,109826,0,0.01658888888888889,14811,0,0,0
2023-05-16 04:57:24.181000+00:00,User2,2027416,26147,0,0.01,119669466,109831,0,0.016455555555555557,14812,0,0,0
2023-05-16 04:57:26.568000+00:00,User1,2026590,26037,0,0.012,107833915,98216,0,0.0153,11806,0,0,0
2023-05-16 04:57:26.583000+00:00,User1,2026590,26037,0,0.013,107841677,98223,0,0.01608888888888889,11806,0,0,0
2023-05-16 04:57:26.598000+00:00,User1,2026590,26037,0,0.013,107843895,98225,0,0.016022222222222222,11807,0,0,0
2023-05-16 04:57:26.614000+00:00,User1,2026752,26039,0,0.013,107843895,98225,0,0.016733333333333333,11807,0,0,0
2023-05-16 04:57:26.618000+00:00,User1,2026752,26039,0,0.014,107843895,98225,0,0.01648888888888889,11807,0,0,0
2023-05-16 04:57:26.626000+00:00,User1,2026752,26039,0,0.014,107843895,98225,0,0.016277777777777776,11807,0,0,0
2023-05-16 04:57:26.630000+00:00,User1,2026752,26039,0,0.013,107845057,98226,0,0.015511111111111111,11808,0,0,0
2023-05-16 04:57:26.639000+00:00,User1,2026752,26039,0,0.014,107844055,98225,2,0.015333333333333332,11756,10,0,1
2023-05-16 04:57:26.638000+00:00,User1,2026752,26039,0,0.013,107846219,98227,0,0.015488888888888889,11808,0,0,0
2023-05-16 04:57:26.665000+00:00,User1,2026842,26040,0,0.013,107853156,98233,0,0.015733333333333332,11809,0,0,0
2023-05-16 04:57:26.688000+00:00,User1,2027022,26042,0,0.013,107867647,98246,0,0.017022222222222223,11809,0,0,0
2023-05-16 04:57:26.773000+00:00,User3,2018609,25980,0,0.014,118288694,108493,0,0.014766666666666668,14502,0,0,0
2023-05-16 04:57:26.776000+00:00,User3,2018609,25980,0,0.014,118288694,108493,0,0.015622222222222221,14502,0,0,0
2023-05-16 04:57:26.784000+00:00,User3,2018609,25980,0,0.013,118289810,108494,0,0.015277777777777777,14502,0,0,0
2023-05-16 04:57:26.773000+00:00,User3,2018609,25980,0,0.014,118289810,108494,0,0.0155,14502,0,0,0
2023-05-16 04:57:26.776000+00:00,User3,2018609,25980,0,0.013,118289810,108494,0,0.015377777777777778,14502,0,0,0
2023-05-16 04:57:26.780000+00:00,User3,2018609,25980,0,0.013,118289810,108494,0,0.01538888888888889,14502,0,0,0
2023-05-16 04:57:26.796000+00:00,User3,2018686,25981,0,0.013,118297624,108501,0,0.015911111111111112,14503,0,0,0
2023-05-16 04:57:26.806000+00:00,User3,2018686,25981,0,0.013,118297624,108501,0,0.015344444444444445,14503,0,0,0
2023-05-16 04:57:26.806000+00:00,User3,2018686,25981,0,0.013,118298721,108502,0,0.016077777777777778,14503,0,0,0
2023-05-16 04:57:26.840000+00:00,User3,2018756,25982,0,0.013,118306400,108509,0,0.016177777777777777,14504,0,0,0
2023-05-16 04:57:26.873000+00:00,User3,2019008,25985,0,0.013,118315580,108517,0,0.015422222222222223,14505,0,0,0
2023-05-16 04:57:26.963000+00:00,User2,2038373,26286,0,0.009,120150907,110289,0,0.008577777777777778,14896,0,0,0
2023-05-16 04:57:26.990000+00:00,User2,2038458,26287,0,0.009,120154809,110293,0,0.00871111111111111,14896,0,0,0
2023-05-16 04:57:26.991000+00:00,User2,2038458,26287,0,0.009,120154809,110293,0,0.0096,14896,0,0,0
2023-05-16 04:57:26.991000+00:00,User2,2038458,26287,0,0.008,120154809,110293,0,0.008466666666666667,14896,0,0,0
2023-05-16 04:57:26.998000+00:00,User2,2038458,26287,0,0.009,120157755,110296,0,0.008366666666666666,14897,0,0,0
2023-05-16 04:57:26.999000+00:00,User2,2038458,26287,0,0.009,120155791,110294,0,0.008833333333333334,14896,0,0,0
2023-05-16 04:57:27.028000+00:00,User2,2038543,26288,0,0.009,120159729,110298,0,0.009022222222222221,14897,0,0,0
2023-05-16 04:57:27.049000+00:00,User2,2038713,26290,0,0.009,120162706,110301,0,0.008822222222222223,14898,0,0,0
2023-05-16 04:57:27.053000+00:00,User3,2019544,25992,2,0.012,118354863,108552,13,0.01671111111111111,14398,11,0,1
2023-05-16 04:57:27.061000+00:00,User2,2038713,26290,0,0.009,120162706,110301,0,0.008822222222222223,14898,0,0,0
2023-05-16 04:57:27.070000+00:00,User1,2028512,26062,0,0.012,107954039,98323,0,0.015155555555555556,11821,0,0,0
2023-05-16 04:57:27.134000+00:00,User2,2038964,26293,0,0.009,120170782,110309,0,0.008777777777777778,14901,0,0,0
2023-05-16 04:57:27.154000+00:00,User2,2039175,26295,0,0.009,120174719,110313,0,0.007966666666666667,14901,0,0,0
2023-05-16 04:57:27.181000+00:00,User2,2039366,26297,0,0.008,120178632,110317,0,0.008544444444444445,14902,0,0,0
2023-05-16 04:57:29.568000+00:00,User1,2038150,26187,0,0.013,108572231,98890,0,0.01707777777777778,11896,0,0,0
2023-05-16 04:57:29.583000+00:00,User1,2038150,26187,0,0.014,108579661,98897,0,0.0163,11896,0,0,0
2023-05-16 04:57:29.597000+00:00,User1,2038150,26187,0,0.014,108580723,98898,0,0.017033333333333334,11897,0,0,0
2023-05-16 04:57:29.615000+00:00,User1,2038299,26189,0,0.014,108580723,98898,0,0.017011111111111112,11897,0,0,0
2023-05-16 04:57:29.624000+00:00,User1,2038299,26189,0,0.015,108581833,98899,0,0.015922222222222223,11897,0,0,0
2023-05-16 04:57:29.621000+00:00,User1,2038299,26189,0,0.014,108585163,98902,0,0.01671111111111111,11898,0,0,0
2023-05-16 04:57:29.631000+00:00,User1,2038299,26189,0,0.015,108587383,98904,0,0.015833333333333335,11898,0,0,0
2023-05-16 04:57:29.639000+00:00,User1,2038375,26190,0,0.014,108589604,98906,0,0.016022222222222222,11898,0,0,0
2023-05-16 04:57:29.642000+00:00,User1,2038299,26189,0,0.015,108586329,98903,2,0.015866666666666668,11846,10,0,1
2023-05-16 04:57:29.662000+00:00,User1,2038453,26191,0,0.013,108589604,98906,0,0.0167,11898,0,0,0
2023-05-16 04:57:29.688000+00:00,User1,2038453,26191,0,0.013,108599815,98915,0,0.017522222222222224,11899,0,0,0
2023-05-16 04:57:29.774000+00:00,User3,2030085,26129,0,0.011,119036211,109171,0,0.015533333333333333,14592,0,0,0
2023-05-16 04:57:29.776000+00:00,User3,2030085,26129,0,0.012,119036211,109171,0,0.015644444444444443,14592,0,0,0
2023-05-16 04:57:29.774000+00:00,User3,2030085,26129,0,0.012,119036211,109171,0,0.0163,14592,0,0,0
2023-05-16 04:57:29.784000+00:00,User3,2030085,26129,0,0.012,119037241,109172,0,0.015477777777777778,14592,0,0,0
2023-05-16 04:57:29.777000+00:00,User3,2030085,26129,0,0.012,119037241,109172,0,0.016466666666666668,14592,0,0,0
2023-05-16 04:57:29.780000+00:00,User3,2030085,26129,0,0.011,119037241,109172,0,0.015811111111111113,14592,0,0,0
2023-05-16 04:57:29.794000+00:00,User3,2030261,26131,0,0.012,119044456,109179,0,0.016188888888888888,14592,0,0,0
2023-05-16 04:57:29.805000+00:00,User3,2030261,26131,0,0.012,119045590,109180,0,0.015555555555555555,14593,0,0,0
2023-05-16 04:57:29.806000+00:00,User3,2030261,26131,0,0.013,119047858,109182,0,0.015822222222222224,14593,0,0,0
2023-05-16 04:57:29.842000+00:00,User3,2030326,26132,0,0.013,119052398,109186,0,0.015866666666666668,14594,0,0,0
2023-05-16 04:57:29.877000+00:00,User3,2030523,26135,0,0.013,119060400,109193,0,0.01587777777777778,14595,0,0,0
2023-05-16 04:57:29.964000+00:00,User2,2050223,26435,0,0.011,120826711,110911,0,0.017555555555555557,14985,0,0,0
2023-05-16 04:57:29.991000+00:00,User2,2050392,26437,0,0.013,120832744,110917,0,0.017277777777777777,14985,0,0,0
2023-05-16 04:57:29.993000+00:00,User2,2050392,26437,0,0.013,120832744,110917,0,0.017222222222222222,14985,0,0,0
2023-05-16 04:57:29.993000+00:00,User2,2050392,26437,0,0.013,120832744,110917,0,0.017166666666666667,14986,0,0,0
2023-05-16 04:57:29.999000+00:00,User2,2050392,26437,0,0.013,120832744,110917,0,0.01708888888888889,14986,0,0,0
2023-05-16 04:57:29.999000+00:00,User2,2050392,26437,0,0.013,120832744,110917,0,0.017633333333333334,14986,0,0,0
2023-05-16 04:57:30.030000+00:00,User2,2050563,26439,0,0.013,120843663,110927,0,0.017533333333333335,14987,0,0,0
2023-05-16 04:57:30.058000+00:00,User2,2050563,26439,0,0.013,120848295,110931,0,0.01778888888888889,14987,0,0,0
2023-05-16 04:57:30.053000+00:00,User3,2031052,26142,2,0.011,119093270,109223,13,0.0154,14488,11,0,1
2023-05-16 04:57:30.061000+00:00,User2,2050721,26441,0,0.014,120849454,110932,0,0.017511111111111113,14988,0,0,0
2023-05-16 04:57:30.071000+00:00,User1,2040014,26211,0,0.011,108698469,99005,0,0.01771111111111111,11911,0,0,0
2023-05-16 04:57:30.141000+00:00,User2,2050924,26444,0,0.013,120866956,110948,0,0.01828888888888889,14990,0,0,0
2023-05-16 04:57:30.154000+00:00,User2,2050989,26445,0,0.013,120873724,110954,0,0.01708888888888889,14990,0,0,0
2023-05-16 04:57:30.191000+00:00,User2,2051061,26446,0,0.013,120884678,110964,0,0.017766666666666667,14991,0,0,0
2023-05-16 04:57:32.568000+00:00,User1,2049455,26337,0,0.011,109324860,99578,0,0.01731111111111111,11986,0,0,0
2023-05-16 04:57:32.589000+00:00,User1,2049455,26337,0,0.011,109329224,99582,0,0.016666666666666666,11986,0,0,0
2023-05-16 04:57:32.601000+00:00,User1,2049455,26337,0,0.011,109333588,99586,0,0.016888888888888887,11987,0,0,0
2023-05-16 04:57:32.616000+00:00,User1,2049525,26338,0,0.011,109334679,99587,0,0.016833333333333332,11987,0,0,0
2023-05-16 04:57:32.625000+00:00,User1,2049593,26339,0,0.011,109337952,99590,0,0.016177777777777777,11987,0,0,0
2023-05-16 04:57:32.623000+00:00,User1,2049593,26339,0,0.011,109337952,99590,0,0.01671111111111111,11987,0,0,0
2023-05-16 04:57:32.631000+00:00,User1,2049593,26339,0,0.011,109341385,99593,0,0.016055555555555556,11988,0,0,0
2023-05-16 04:57:32.638000+00:00,User1,2049593,26339,0,0.011,109342530,99594,0,0.016644444444444444,11988,0,0,0
2023-05-16 04:57:32.641000+00:00,User1,2049593,26339,0,0.011,109340366,99592,2,0.016522222222222223,11936,10,0,1
2023-05-16 04:57:32.663000+00:00,User1,2049656,26340,0,0.012,109344813,99596,0,0.01781111111111111,11988,0,0,0
2023-05-16 04:57:32.688000+00:00,User1,2049786,26342,0,0.011,109352795,99603,0,0.017555555555555557,11989,0,0,0
2023-05-16 04:57:32.774000+00:00,User3,2041332,26279,0,0.009,119786592,109861,0,0.0169,14682,0,0,0
2023-05-16 04:57:32.775000+00:00,User3,2041409,26280,0,0.01,119786592,109861,0,0.016922222222222224,14682,0,0,0
2023-05-16 04:57:32.773000+00:00,User3,2041409,26280,0,0.009,119786592,109861,0,0.017277777777777777,14682,0,0,0
2023-05-16 04:57:32.784000+00:00,User3,2041409,26280,0,0.009,119788736,109863,0,0.01633333333333333,14682,0,0,0
2023-05-16 04:57:32.781000+00:00,User3,2041409,26280,0,0.009,119788736,109863,0,0.016677777777777777,14682,0,0,0
2023-05-16 04:57:32.777000+00:00,User3,2041409,26280,0,0.01,119788736,109863,0,0.0163,14682,0,0,0
2023-05-16 04:57:32.794000+00:00,User3,2041572,26282,0,0.01,119791954,109866,0,0.016422222222222223,14682,0,0,0
2023-05-16 04:57:32.805000+00:00,User3,2041572,26282,0,0.01,119791954,109866,0,0.01681111111111111,14683,0,0,0
2023-05-16 04:57:32.806000+00:00,User3,2041572,26282,0,0.009,119793070,109867,0,0.017444444444444443,14683,0,0,0
2023-05-16 04:57:32.843000+00:00,User3,2041636,26283,0,0.009,119803114,109876,0,0.01598888888888889,14683,0,0,0
2023-05-16 04:57:32.874000+00:00,User3,2041703,26284,0,0.009,119812205,109884,0,0.01698888888888889,14685,0,0,0
2023-05-16 04:57:32.963000+00:00,User2,2061999,26587,0,0.012,121578698,111598,0,0.016344444444444446,15075,0,0,0
2023-05-16 04:57:32.990000+00:00,User2,2061999,26587,0,0.012,121585672,111604,0,0.0163,15076,0,0,0
2023-05-16 04:57:32.992000+00:00,User2,2061999,26587,0,0.012,121585672,111604,0,0.01697777777777778,15076,0,0,0
2023-05-16 04:57:32.994000+00:00,User2,2061999,26587,0,0.012,121585672,111604,0,0.015844444444444446,15075,0,0,0
2023-05-16 04:57:33.001000+00:00,User2,2062075,26588,0,0.012,121586826,111605,0,0.016533333333333334,15076,0,0,0
2023-05-16 04:57:33.002000+00:00,User2,2062075,26588,0,0.013,121586826,111605,0,0.016522222222222223,15076,0,0,0
2023-05-16 04:57:33.034000+00:00,User2,2062146,26589,0,0.012,121594909,111612,0,0.015822222222222224,15077,0,0,0
2023-05-16 04:57:33.050000+00:00,User2,2062146,26589,0,0.012,121598094,111615,0,0.0163,15077,0,0,0
2023-05-16 04:57:33.053000+00:00,User3,2042252,26292,2,0.009,119844910,109914,13,0.015977777777777778,14578,11,0,1
2023-05-16 04:57:33.060000+00:00,User2,2062235,26590,0,0.011,121602342,111619,0,0.016133333333333333,15078,0,0,0
2023-05-16 04:57:33.069000+00:00,User1,2051408,26362,0,0.012,109453264,99694,0,0.017544444444444446,12001,0,0,0
2023-05-16 04:57:33.140000+00:00,User2,2062448,26593,0,0.012,121619813,111635,0,0.016055555555555556,15080,0,0,0
2023-05-16 04:57:33.155000+00:00,User2,2062647,26596,0,0.012,121627599,111642,0,0.015622222222222221,15081,0,0,0
2023-05-16 04:57:33.184000+00:00,User2,2062732,26597,0,0.012,121630893,111645,0,0.016677777777777777,15081,0,0,0
2023-05-16 04:57:35.569000+00:00,User1,2061001,26486,0,0.011,110076097,100262,0,0.0152,12076,0,0,0
2023-05-16 04:57:35.584000+00:00,User1,2061071,26487,0,0.011,110081429,100267,0,0.016,12076,0,0,0
2023-05-16 04:57:35.601000+00:00,User1,2061245,26489,0,0.01,110090101,100275,0,0.016411111111111112,12077,0,0,0
2023-05-16 04:57:35.617000+00:00,User1,2061245,26489,0,0.01,110091171,100276,0,0.016422222222222223,12077,0,0,0
2023-05-16 04:57:35.626000+00:00,User1,2061245,26489,0,0.011,110093311,100278,0,0.016277777777777776,12077,0,0,0
2023-05-16 04:57:35.622000+00:00,User1,2061245,26489,0,0.011,110093311,100278,0,0.015911111111111112,12077,0,0,0
2023-05-16 04:57:35.631000+00:00,User1,2061333,26490,0,0.011,110097592,100282,0,0.016255555555555554,12078,0,0,0
2023-05-16 04:57:35.638000+00:00,User1,2061333,26490,0,0.011,110097592,100282,0,0.015822222222222224,12078,0,0,0
2023-05-16 04:57:35.639000+00:00,User1,2061333,26490,0,0.01,110095428,100280,2,0.016033333333333333,12026,10,0,1
2023-05-16 04:57:35.667000+00:00,User1,2061422,26491,0,0.01,110097592,100282,0,0.016422222222222223,12078,0,0,0
2023-05-16 04:57:35.689000+00:00,User1,2061489,26492,0,0.011,110107440,100291,0,0.015666666666666666,12079,0,0,0
2023-05-16 04:57:35.773000+00:00,User3,2053022,26430,0,0.009,120541755,110552,0,0.016677777777777777,14772,0,0,0
2023-05-16 04:57:35.775000+00:00,User3,2053022,26430,0,0.009,120542847,110553,0,0.01671111111111111,14772,0,0,0
2023-05-16 04:57:35.773000+00:00,User3,2053022,26430,0,0.01,120542847,110553,0,0.016366666666666668,14772,0,0,0
2023-05-16 04:57:35.784000+00:00,User3,2053022,26430,0,0.01,120542847,110553,0,0.01661111111111111,14772,0,0,0
2023-05-16 04:57:35.782000+00:00,User3,2053022,26430,0,0.01,120545032,110555,0,0.016444444444444446,14772,0,0,0
2023-05-16 04:57:35.778000+00:00,User3,2053022,26430,0,0.01,120545032,110555,0,0.016744444444444444,14772,0,0,0
2023-05-16 04:57:35.794000+00:00,User3,2053185,26432,0,0.01,120548311,110558,0,0.016544444444444445,14772,0,0,0
2023-05-16 04:57:35.805000+00:00,User3,2053185,26432,0,0.01,120548311,110558,0,0.016622222222222222,14773,0,0,0
2023-05-16 04:57:35.806000+00:00,User3,2053185,26432,0,0.01,120549355,110559,0,0.015655555555555555,14773,0,0,0
2023-05-16 04:57:35.841000+00:00,User3,2053256,26433,0,0.009,120557710,110567,0,0.015844444444444446,14773,0,0,0
2023-05-16 04:57:35.874000+00:00,User3,2053333,26434,0,0.01,120566467,110575,0,0.01697777777777778,14775,0,0,0
2023-05-16 04:57:35.964000+00:00,User2,2073302,26736,0,0.009,122332214,112285,0,0.017244444444444444,15165,0,0,0
2023-05-16 04:57:35.990000+00:00,User2,2073372,26737,0,0.009,122338918,112291,0,0.017777777777777778,15166,0,0,0
2023-05-16 04:57:35.992000+00:00,User2,2073372,26737,0,0.008,122338918,112291,0,0.017244444444444444,15166,0,0,0
2023-05-16 04:57:36.001000+00:00,User2,2073436,26738,0,0.009,122338918,112291,0,0.01808888888888889,15166,0,0,0
2023-05-16 04:57:36.004000+00:00,User2,2073372,26737,0,0.008,122338918,112291,0,0.018033333333333332,15166,0,0,0
2023-05-16 04:57:36.002000+00:00,User2,2073436,26738,0,0.008,122339933,112292,0,0.01682222222222222,15166,0,0,0
2023-05-16 04:57:36.030000+00:00,User2,2073436,26738,0,0.008,122346028,112298,0,0.017444444444444443,15167,0,0,0
2023-05-16 04:57:36.050000+00:00,User2,2073499,26739,0,0.008,122349058,112301,0,0.01742222222222222,15167,0,0,0
2023-05-16 04:57:36.060000+00:00,User2,2073639,26741,0,0.009,122353099,112305,0,0.017611111111111112,15168,0,0,0
2023-05-16 04:57:36.058000+00:00,User3,2053957,26442,2,0.011,120604180,110609,13,0.017755555555555556,14668,11,0,1
2023-05-16 04:57:36.069000+00:00,User1,2062966,26511,0,0.012,110205147,100381,0,0.016933333333333335,12091,0,0,0
2023-05-16 04:57:36.141000+00:00,User2,2073774,26743,0,0.009,122369216,112320,0,0.0163,15170,0,0,0
2023-05-16 04:57:36.155000+00:00,User2,2073976,26746,0,0.01,122374811,112325,0,0.016055555555555556,15170,0,0,0
2023-05-16 04:57:36.182000+00:00,User2,2073976,26746,0,0.01,122384963,112334,0,0.016077777777777778,15171,0,0,0
2023-05-16 04:57:38.568000+00:00,User1,2072806,26636,0,0.013,110628296,100782,0,0.009155555555555556,12166,0,0,0
2023-05-16 04:57:38.582000+00:00,User1,2072975,26638,0,0.013,110631048,100785,0,0.009244444444444444,12166,0,0,0
2023-05-16 04:57:38.600000+00:00,User1,2072975,26638,0,0.012,110631048,100785,0,0.008666666666666666,12167,0,0,0
2023-05-16 04:57:38.615000+00:00,User1,2072975,26638,0,0.013,110631963,100786,0,0.0084,12167,0,0,0
2023-05-16 04:57:38.626000+00:00,User1,2072975,26638,0,0.012,110634711,100789,0,0.00871111111111111,12167,0,0,0
2023-05-16 04:57:38.622000+00:00,User1,2072975,26638,0,0.012,110634711,100789,0,0.008911111111111111,12167,0,0,0
2023-05-16 04:57:38.631000+00:00,User1,2073144,26640,0,0.014,110634711,100789,0,0.008755555555555556,12168,0,0,0
2023-05-16 04:57:38.639000+00:00,User1,2073144,26640,0,0.013,110634711,100789,0,0.0088,12168,0,0,0
2023-05-16 04:57:38.640000+00:00,User1,2073144,26640,0,0.015,110632547,100787,2,0.008177777777777779,12116,10,0,1
2023-05-16 04:57:38.667000+00:00,User1,2073144,26640,0,0.014,110638515,100793,0,0.008422222222222222,12168,0,0,0
2023-05-16 04:57:38.688000+00:00,User1,2073397,26643,0,0.014,110639458,100794,0,0.007844444444444444,12169,0,0,0
2023-05-16 04:57:38.773000+00:00,User3,2065014,26581,0,0.012,121102773,111082,0,0.007944444444444445,14862,0,0,0
2023-05-16 04:57:38.775000+00:00,User3,2065014,26581,0,0.012,121102773,111082,0,0.007544444444444445,14862,0,0,0
2023-05-16 04:57:38.784000+00:00,User3,2065014,26581,0,0.012,121102773,111082,0,0.0071333333333333335,14862,0,0,0
2023-05-16 04:57:38.776000+00:00,User3,2065014,26581,0,0.011,121102773,111082,0,0.007611111111111111,14862,0,0,0
2023-05-16 04:58:08.624000+00:00,User1,2190004,28139,0,0.009,117726452,107302,0,0.014655555555555555,13045,0,0,0
2023-05-16 04:58:08.640000+00:00,User1,2190071,28140,0,0.01,117729779,107305,0,0.014688888888888888,13046,0,0,0
2023-05-16 04:58:08.638000+00:00,User1,2190071,28140,0,0.009,117729779,107305,0,0.014433333333333333,13046,0,0,0
2023-05-16 04:58:08.643000+00:00,User1,2190071,28140,0,0.01,117727615,107303,2,0.014144444444444444,12994,10,0,1
2023-05-16 04:58:08.667000+00:00,User1,2190148,28141,0,0.009,117733067,107308,0,0.014166666666666666,13046,0,0,0
2023-05-16 04:58:08.692000+00:00,User1,2190220,28142,0,0.009,117743786,107318,0,0.0156,13047,0,0,0
2023-05-16 04:58:08.775000+00:00,User3,2181316,28079,0,0.012,128218376,117620,0,0.015811111111111113,15752,0,0,0
2023-05-16 04:58:11.787000+00:00,User3,2193072,28230,0,0.009,128913469,118257,0,0.010977777777777777,15842,0,0,0
2023-05-16 04:58:11.784000+00:00,User3,2193072,28230,0,0.009,128913469,118257,0,0.011755555555555556,15842,0,0,0
2023-05-16 04:58:11.802000+00:00,User3,2193072,28230,0,0.01,128913469,118257,0,0.01138888888888889,15843,0,0,0
2023-05-16 04:58:11.808000+00:00,User3,2193143,28231,0,0.009,128916520,118260,0,0.010877777777777778,15843,0,0,0
2023-05-16 04:58:11.817000+00:00,User3,2193072,28230,0,0.01,128913469,118257,0,0.011166666666666667,15843,0,0,0
2023-05-16 04:58:11.848000+00:00,User3,2193277,28233,0,0.01,128917483,118261,0,0.010622222222222222,15844,0,0,0
2023-05-16 04:58:11.879000+00:00,User3,2193414,28235,0,0.009,128922273,118266,0,0.010022222222222222,15845,0,0,0
2023-05-16 04:58:11.974000+00:00,User2,2212851,28537,0,0.009,130781289,120071,0,0.017033333333333334,16243,0,0,0
2023-05-16 04:58:11.997000+00:00,User2,2212922,28538,0,0.008,130782381,120072,0,0.016655555555555555,16244,0,0,0
2023-05-16 04:58:11.999000+00:00,User2,2212922,28538,0,0.008,130782381,120072,0,0.017477777777777776,16244,0,0,0
2023-05-16 04:58:11.998000+00:00,User2,2212922,28538,0,0.009,130782381,120072,0,0.016411111111111112,16244,0,0,0
2023-05-16 04:58:12.003000+00:00,User2,2212922,28538,0,0.009,130783533,120073,0,0.016944444444444446,16244,0,0,0
2023-05-16 04:58:12.011000+00:00,User2,2212922,28538,0,0.009,130789297,120078,0,0.016066666666666667,16244,0,0,0
2023-05-16 04:58:12.032000+00:00,User2,2213004,28539,0,0.009,130789297,120078,0,0.016022222222222222,16245,0,0,0
2023-05-16 04:58:12.059000+00:00,User2,2213169,28541,0,0.009,130798489,120086,0,0.0161,16245,0,0,0
2023-05-16 04:58:12.058000+00:00,User3,2193820,28241,2,0.01,128923178,118268,13,0.009944444444444445,15738,11,0,1
2023-05-16 04:58:12.066000+00:00,User2,2213169,28541,0,0.01,130803085,120090,0,0.016922222222222224,16246,0,0,0
2023-05-16 04:58:12.072000+00:00,User1,2203497,28311,0,0.008,118413653,107944,0,0.008022222222222222,13149,0,0,0
2023-05-16 04:58:12.141000+00:00,User2,2213416,28544,0,0.01,130817998,120104,0,0.017566666666666668,16248,0,0,0
2023-05-16 04:58:12.159000+00:00,User2,2213555,28546,0,0.011,130825716,120111,0,0.016888888888888887,16248,0,0,0
2023-05-16 04:58:12.187000+00:00,User2,2213627,28547,0,0.01,130834007,120119,0,0.017355555555555555,16249,0,0,0
2023-05-16 04:58:14.574000+00:00,User1,2213755,28436,0,0.011,118861399,108368,0,0.015977777777777778,13223,0,0,0
2023-05-16 04:58:14.586000+00:00,User1,2213918,28438,0,0.012,118865773,108372,0,0.014877777777777778,13223,0,0,0
2023-05-16 04:58:14.604000+00:00,User1,2213918,28438,0,0.011,118869055,108375,0,0.01588888888888889,13224,0,0,0
2023-05-16 04:58:14.616000+00:00,User1,2213918,28438,0,0.011,118872424,108378,0,0.0157,13224,0,0,0
2023-05-16 04:58:14.623000+00:00,User1,2213998,28439,0,0.011,118879162,108384,0,0.015622222222222221,13225,0,0,0
2023-05-16 04:58:14.629000+00:00,User1,2213918,28438,0,0.012,118879162,108384,0,0.015133333333333334,13225,0,0,0
2023-05-16 04:58:14.639000+00:00,User1,2214079,28440,0,0.012,118883656,108388,0,0.015422222222222223,13225,0,0,0
2023-05-16 04:58:14.640000+00:00,User1,2214079,28440,0,0.012,118883656,108388,0,0.015555555555555555,13225,0,0,0
2023-05-16 04:58:14.644000+00:00,User1,2214079,28440,0,0.011,118881492,108386,2,0.01611111111111111,13173,10,0,1
2023-05-16 04:58:14.665000+00:00,User1,2214160,28441,0,0.011,118888885,108393,0,0.017033333333333334,13226,0,0,0
2023-05-16 04:58:14.699000+00:00,User1,2214241,28442,0,0.01,118888885,108393,0,0.016433333333333335,13226,0,0,0
2023-05-16 04:58:14.775000+00:00,User3,2205130,28379,0,0.009,129391746,118718,0,0.014166666666666666,15931,0,0,0
2023-05-16 04:58:14.781000+00:00,User3,2205130,28379,0,0.008,129391746,118718,0,0.014477777777777777,15931,0,0,0
2023-05-16 04:58:14.781000+00:00,User3,2205130,28379,0,0.009,129391746,118718,0,0.014266666666666667,15931,0,0,0
2023-05-16 04:58:14.786000+00:00,User3,2205130,28379,0,0.008,129391746,118718,0,0.013766666666666667,15931,0,0,0
2023-05-16 04:58:14.779000+00:00,User3,2205130,28379,0,0.008,129391746,118718,0,0.014088888888888889,15931,0,0,0
2023-05-16 04:58:14.785000+00:00,User3,2205130,28379,0,0.008,129394836,118721,0,0.014033333333333333,15931,0,0,0
2023-05-16 04:58:14.805000+00:00,User3,2205195,28380,0,0.01,129394836,118721,0,0.014055555555555556,15932,0,0,0
2023-05-16 04:58:14.815000+00:00,User3,2205337,28382,0,0.009,129395942,118722,0,0.01361111111111111,15932,0,0,0
2023-05-16 04:58:14.809000+00:00,User3,2205337,28382,0,0.009,129395942,118722,0,0.014188888888888888,15932,0,0,0
2023-05-16 04:58:14.847000+00:00,User3,2205337,28382,0,0.009,129407007,118732,0,0.012466666666666666,15933,0,0,0
2023-05-16 04:58:14.877000+00:00,User3,2205487,28384,0,0.01,129420980,118745,0,0.014811111111111112,15934,0,0,0
2023-05-16 04:58:14.975000+00:00,User2,2224484,28686,0,0.009,131535660,120761,0,0.016366666666666668,16333,0,0,0
2023-05-16 04:58:14.997000+00:00,User2,2224553,28687,0,0.01,131539049,120764,0,0.016133333333333333,16333,0,0,0
2023-05-16 04:58:15+00:00,User2,2224553,28687,0,0.008,131539049,120764,0,0.015411111111111112,16333,0,0,0
2023-05-16 04:58:15.004000+00:00,User2,2224553,28687,0,0.008,131539049,120764,0,0.016266666666666665,16334,0,0,0
2023-05-16 04:58:15.002000+00:00,User2,2224553,28687,0,0.009,131539049,120764,0,0.01501111111111111,16334,0,0,0
2023-05-16 04:58:15.019000+00:00,User2,2224687,28689,0,0.009,131540111,120765,0,0.015522222222222222,16334,0,0,0
2023-05-16 04:58:15.033000+00:00,User2,2224759,28690,0,0.009,131548691,120773,0,0.015955555555555556,16334,0,0,0
2023-05-16 04:58:15.059000+00:00,User2,2224759,28690,0,0.009,131555314,120779,0,0.015511111111111111,16335,0,0,0
2023-05-16 04:58:15.059000+00:00,User3,2206095,28392,2,0.011,129453909,118775,13,0.014944444444444444,15827,11,0,1
2023-05-16 04:58:15.067000+00:00,User2,2224856,28691,0,0.008,131555314,120779,0,0.016,16336,0,0,0
2023-05-16 04:58:15.072000+00:00,User1,2215790,28461,0,0.01,118996834,108492,0,0.01721111111111111,13238,0,0,0
2023-05-16 04:58:15.141000+00:00,User2,2225102,28694,0,0.01,131570863,120793,0,0.01637777777777778,16338,0,0,0
2023-05-16 04:58:15.159000+00:00,User2,2225186,28695,0,0.01,131577645,120799,0,0.015122222222222223,16338,0,0,0
2023-05-16 04:58:15.187000+00:00,User2,2225315,28697,0,0.009,131587594,120808,0,0.015688888888888888,16339,0,0,0
2023-05-16 04:58:17.574000+00:00,User1,2225628,28586,0,0.009,119648961,109089,0,0.016644444444444444,13313,0,0,0
2023-05-16 04:58:17.589000+00:00,User1,2225714,28587,0,0.009,119653433,109093,0,0.016577777777777778,13313,0,0,0
2023-05-16 04:58:17.604000+00:00,User1,2225714,28587,0,0.009,119657908,109097,0,0.01671111111111111,13314,0,0,0
2023-05-16 04:58:17.616000+00:00,User1,2225874,28589,0,0.009,119657908,109097,0,0.017255555555555555,13314,0,0,0
2023-05-16 04:58:17.623000+00:00,User1,2225874,28589,0,0.01,119662016,109101,0,0.017066666666666667,13315,0,0,0
2023-05-16 04:58:17.629000+00:00,User1,2225874,28589,0,0.009,119662016,109101,0,0.016411111111111112,13315,0,0,0
2023-05-16 04:58:17.640000+00:00,User1,2225963,28590,0,0.009,119666128,109105,0,0.016544444444444445,13315,0,0,0
2023-05-16 04:58:17.638000+00:00,User1,2225963,28590,0,0.009,119666128,109105,0,0.016766666666666666,13315,0,0,0
2023-05-16 04:58:17.643000+00:00,User1,2225963,28590,0,0.009,119663964,109103,2,0.0168,13263,10,0,1
2023-05-16 04:58:17.667000+00:00,User1,2226051,28591,0,0.009,119669506,109108,0,0.017366666666666666,13315,0,0,0
2023-05-16 04:58:17.694000+00:00,User1,2226141,28592,0,0.009,119680284,109118,0,0.017722222222222223,13317,0,0,0
2023-05-16 04:58:17.776000+00:00,User3,2216752,28529,0,0.009,130178359,119435,0,0.016544444444444445,16021,0,0,0
2023-05-16 04:58:17.781000+00:00,User3,2216752,28529,0,0.009,130178359,119435,0,0.016066666666666667,16021,0,0,0
2023-05-16 04:58:17.787000+00:00,User3,2216752,28529,0,0.009,130178359,119435,0,0.016455555555555557,16021,0,0,0
2023-05-16 04:58:17.783000+00:00,User3,2216752,28529,0,0.009,130178359,119435,0,0.016266666666666665,16021,0,0,0
2023-05-16 04:58:17.780000+00:00,User3,2216752,28529,0,0.008,130178359,119435,0,0.016066666666666667,16021,0,0,0
2023-05-16 04:58:17.784000+00:00,User3,2216902,28531,0,0.009,130179497,119436,0,0.01588888888888889,16021,0,0,0
2023-05-16 04:58:17.802000+00:00,User3,2216902,28531,0,0.009,130185190,119441,0,0.015977777777777778,16022,0,0,0
2023-05-16 04:58:17.808000+00:00,User3,2216902,28531,0,0.009,130186291,119442,0,0.0161,16022,0,0,0
2023-05-16 04:58:17.815000+00:00,User3,2216902,28531,0,0.009,130186291,119442,0,0.016266666666666665,16022,0,0,0
2023-05-16 04:58:17.853000+00:00,User3,2217050,28533,0,0.009,130193999,119449,0,0.016077777777777778,16023,0,0,0
2023-05-16 04:58:17.877000+00:00,User3,2217138,28534,0,0.009,130204260,119458,0,0.016166666666666666,16024,0,0,0
2023-05-16 04:58:17.979000+00:00,User2,2236363,28837,0,0.01,132070352,121270,0,0.0083,16423,0,0,0
2023-05-16 04:58:17.996000+00:00,User2,2236363,28837,0,0.009,132070352,121270,0,0.007933333333333334,16424,0,0,0
2023-05-16 04:58:17.996000+00:00,User2,2236447,28838,0,0.009,132070352,121270,0,0.008122222222222222,16424,0,0,0
2023-05-16 04:58:18.007000+00:00,User2,2236447,28838,0,0.01,132070352,121270,0,0.008577777777777778,16424,0,0,0
2023-05-16 04:58:18.007000+00:00,User2,2236363,28837,0,0.01,132070352,121270,0,0.0089,16424,0,0,0
2023-05-16 04:58:18.016000+00:00,User2,2236447,28838,0,0.01,132074155,121274,0,0.008055555555555555,16424,0,0,0
2023-05-16 04:58:18.034000+00:00,User2,2236529,28839,0,0.009,132077160,121277,0,0.008444444444444444,16424,0,0,0
2023-05-16 04:58:18.061000+00:00,User2,2236700,28841,0,0.009,132078162,121278,0,0.009022222222222221,16425,0,0,0
2023-05-16 04:58:18.059000+00:00,User3,2217705,28541,2,0.008,130241401,119491,13,0.014888888888888889,15918,11,0,1
2023-05-16 04:58:18.068000+00:00,User2,2236700,28841,0,0.011,132079122,121279,0,0.008177777777777779,16425,0,0,0
2023-05-16 04:58:18.072000+00:00,User1,2227568,28611,0,0.01,119768558,109199,0,0.016922222222222224,13328,0,0,0
2023-05-16 04:58:18.144000+00:00,User2,2236954,28844,0,0.01,132085916,121286,0,0.008511111111111112,16427,0,0,0
2023-05-16 04:58:18.158000+00:00,User2,2237179,28846,0,0.009,132089767,121290,0,0.0082,16428,0,0,0
2023-05-16 04:58:18.188000+00:00,User2,2237272,28847,0,0.01,132093626,121294,0,0.008088888888888889,16429,0,0,0
2023-05-16 04:58:20.575000+00:00,User1,2237203,28736,0,0.009,120382690,109761,0,0.017955555555555554,13403,0,0,0
2023-05-16 04:58:20.586000+00:00,User1,2237275,28737,0,0.009,120385900,109764,0,0.0181,13403,0,0,0
2023-05-16 04:58:20.604000+00:00,User1,2237423,28739,0,0.008,120391251,109769,0,0.0184,13404,0,0,0
2023-05-16 04:58:20.617000+00:00,User1,2237423,28739,0,0.008,120392371,109770,0,0.017522222222222224,13404,0,0,0
2023-05-16 04:58:20.623000+00:00,User1,2237423,28739,0,0.008,120399094,109776,0,0.017955555555555554,13405,0,0,0
2023-05-16 04:58:20.632000+00:00,User1,2237423,28739,0,0.009,120400215,109777,0,0.017622222222222223,13405,0,0,0
2023-05-16 04:58:20.640000+00:00,User1,2237498,28740,0,0.008,120400215,109777,0,0.0172,13405,0,0,0
2023-05-16 04:58:20.644000+00:00,User1,2237498,28740,0,0.009,120398051,109775,2,0.017655555555555556,13353,10,0,1
2023-05-16 04:58:20.645000+00:00,User1,2237498,28740,0,0.009,120400215,109777,0,0.018055555555555554,13405,0,0,0
2023-05-16 04:58:20.668000+00:00,User1,2237579,28741,0,0.007,120404749,109781,0,0.017877777777777777,13406,0,0,0
2023-05-16 04:58:20.695000+00:00,User1,2237659,28742,0,0.008,120410226,109786,0,0.018466666666666666,13407,0,0,0
2023-05-16 04:58:20.777000+00:00,User3,2228349,28679,0,0.015,130916995,120117,0,0.016555555555555556,16111,0,0,0
2023-05-16 04:58:20.787000+00:00,User3,2228349,28679,0,0.015,130916995,120117,0,0.015422222222222223,16111,0,0,0
2023-05-16 04:58:20.782000+00:00,User3,2228436,28680,0,0.014,130916995,120117,0,0.01647777777777778,16111,0,0,0
2023-05-16 04:58:20.782000+00:00,User3,2228436,28680,0,0.014,130916995,120117,0,0.01631111111111111,16111,0,0,0
2023-05-16 04:58:20.786000+00:00,User3,2228436,28680,0,0.015,130920181,120120,0,0.015633333333333332,16111,0,0,0
2023-05-16 04:58:20.785000+00:00,User3,2228349,28679,0,0.014,130916995,120117,0,0.015577777777777777,16111,0,0,0
2023-05-16 04:58:20.802000+00:00,User3,2228436,28680,0,0.014,130921243,120121,0,0.015688888888888888,16112,0,0,0
2023-05-16 04:58:20.808000+00:00,User3,2228517,28681,0,0.014,130923294,120123,0,0.016544444444444445,16112,0,0,0
2023-05-16 04:58:20.816000+00:00,User3,2228436,28680,0,0.013,130922268,120122,0,0.01658888888888889,16112,0,0,0
2023-05-16 04:58:20.847000+00:00,User3,2228646,28683,0,0.013,130929450,120129,0,0.01672222222222222,16113,0,0,0
2023-05-16 04:58:20.878000+00:00,User3,2228709,28684,0,0.013,130937578,120136,0,0.0157,16114,0,0,0
2023-05-16 04:58:20.975000+00:00,User2,2248320,28987,0,0.01,132740723,121889,0,0.018455555555555555,16512,0,0,0
2023-05-16 04:58:20.998000+00:00,User2,2248320,28987,0,0.009,132748787,121896,0,0.0183,16513,0,0,0
2023-05-16 04:58:21+00:00,User2,2248320,28987,0,0.008,132748787,121896,0,0.018588888888888887,16513,0,0,0
2023-05-16 04:58:20.996000+00:00,User2,2248320,28987,0,0.009,132748787,121896,0,0.017644444444444445,16513,0,0,0
2023-05-16 04:58:21.007000+00:00,User2,2248320,28987,0,0.01,132749881,121897,0,0.019655555555555555,16513,0,0,0
2023-05-16 04:58:21.014000+00:00,User2,2248404,28988,0,0.01,132754258,121901,0,0.019477777777777778,16513,0,0,0
2023-05-16 04:58:21.033000+00:00,User2,2248569,28990,0,0.009,132754258,121901,0,0.01938888888888889,16514,0,0,0
2023-05-16 04:58:21.058000+00:00,User2,2248569,28990,0,0.009,132761087,121907,0,0.018266666666666667,16514,0,0,0
2023-05-16 04:58:21.063000+00:00,User3,2229235,28691,2,0.013,130973077,120168,13,0.01668888888888889,16007,11,0,1
2023-05-16 04:58:21.069000+00:00,User2,2248569,28990,0,0.009,132762226,121908,0,0.018055555555555554,16514,0,0,0
2023-05-16 04:58:21.072000+00:00,User1,2239130,28761,0,0.009,120507686,109875,0,0.016033333333333333,13418,0,0,0
2023-05-16 04:58:21.142000+00:00,User2,2248909,28995,0,0.01,132784763,121928,0,0.01958888888888889,16517,0,0,0
2023-05-16 04:58:21.163000+00:00,User2,2248981,28996,0,0.01,132789271,121932,0,0.01951111111111111,16517,0,0,0
2023-05-16 04:58:21.189000+00:00,User2,2249055,28997,0,0.009,132795679,121938,0,0.018722222222222223,16518,0,0,0
2023-05-16 04:58:23.578000+00:00,User1,2248530,28886,0,0.009,121127857,110442,0,0.015455555555555556,13493,0,0,0
2023-05-16 04:58:23.590000+00:00,User1,2248665,28888,0,0.01,121141389,110454,0,0.016144444444444444,13494,0,0,0
2023-05-16 04:58:23.612000+00:00,User1,2248665,28888,0,0.01,121142440,110455,0,0.01638888888888889,13494,0,0,0
2023-05-16 04:58:23.620000+00:00,User1,2248665,28888,0,0.01,121148748,110461,0,0.016577777777777778,13494,0,0,0
2023-05-16 04:58:23.623000+00:00,User1,2248730,28889,0,0.009,121148748,110461,0,0.01718888888888889,13494,0,0,0
2023-05-16 04:58:23.639000+00:00,User1,2248730,28889,0,0.01,121148748,110461,0,0.017122222222222223,13495,0,0,0
2023-05-16 04:58:23.641000+00:00,User1,2248730,28889,0,0.01,121148748,110461,0,0.01708888888888889,13495,0,0,0
2023-05-16 04:58:23.644000+00:00,User1,2248730,28889,0,0.01,121146584,110459,2,0.0167,13443,10,0,1
2023-05-16 04:58:23.646000+00:00,User1,2248730,28889,0,0.01,121148748,110461,0,0.016888888888888887,13495,0,0,0
2023-05-16 04:58:23.667000+00:00,User1,2248866,28891,0,0.01,121153109,110465,0,0.015677777777777777,13496,0,0,0
2023-05-16 04:58:23.695000+00:00,User1,2248927,28892,0,0.011,121157388,110469,0,0.015322222222222221,13497,0,0,0
2023-05-16 04:58:23.776000+00:00,User3,2239677,28830,0,0.013,131668750,120806,0,0.01601111111111111,16201,0,0,0
2023-05-16 04:58:23.786000+00:00,User3,2239677,28830,0,0.012,131668750,120806,0,0.015266666666666666,16201,0,0,0
2023-05-16 04:58:23.782000+00:00,User3,2239677,28830,0,0.012,131668750,120806,0,0.016077777777777778,16201,0,0,0
2023-05-16 04:58:23.783000+00:00,User3,2239677,28830,0,0.012,131668750,120806,0,0.015922222222222223,16201,0,0,0
2023-05-16 04:58:23.783000+00:00,User3,2239677,28830,0,0.013,131670938,120808,0,0.016155555555555555,16201,0,0,0
2023-05-16 04:58:23.787000+00:00,User3,2239677,28830,0,0.012,131670938,120808,0,0.015822222222222224,16201,0,0,0
2023-05-16 04:58:23.803000+00:00,User3,2239677,28830,0,0.012,131672032,120809,0,0.015911111111111112,16202,0,0,0
2023-05-16 04:58:23.817000+00:00,User3,2239677,28830,0,0.012,131672032,120809,0,0.016233333333333332,16202,0,0,0
2023-05-16 04:58:23.810000+00:00,User3,2239847,28832,0,0.014,131674317,120811,0,0.015411111111111112,16202,0,0,0
2023-05-16 04:58:23.845000+00:00,User3,2239847,28832,0,0.014,131686912,120822,0,0.016277777777777776,16203,0,0,0
2023-05-16 04:58:23.878000+00:00,User3,2239986,28834,0,0.013,131692602,120827,0,0.016622222222222222,16204,0,0,0
2023-05-16 04:58:32.777000+00:00,User3,2274958,29279,0,0.01,133632893,122623,0,0.016566666666666667,16470,0,0,0
2023-05-16 04:58:32.782000+00:00,User3,2274958,29279,0,0.011,133634009,122624,0,0.016944444444444446,16470,0,0,0
2023-05-16 04:58:32.979000+00:00,User2,2294473,29587,0,0.011,135759133,124656,0,0.016433333333333335,16872,0,0,0
2023-05-16 04:58:33+00:00,User2,2294473,29587,0,0.011,135759133,124656,0,0.016788888888888888,16873,0,0,0
2023-05-16 04:58:32.998000+00:00,User2,2294473,29587,0,0.011,135759133,124656,0,0.016622222222222222,16873,0,0,0
2023-05-16 04:58:33+00:00,User2,2294473,29587,0,0.012,135759133,124656,0,0.0161,16873,0,0,0
2023-05-16 04:58:33.014000+00:00,User2,2294473,29587,0,0.011,135759133,124656,0,0.016888888888888887,16873,0,0,0
2023-05-16 04:58:33.022000+00:00,User2,2294642,29589,0,0.013,135763633,124660,0,0.016566666666666667,16873,0,0,0
2023-05-16 04:58:33.034000+00:00,User2,2294642,29589,0,0.013,135767009,124663,0,0.01587777777777778,16874,0,0,0
2023-05-16 04:58:33.059000+00:00,User2,2294714,29590,0,0.012,135774756,124670,0,0.016366666666666668,16874,0,0,0
2023-05-16 04:58:33.062000+00:00,User3,2275904,29291,2,0.012,133695430,122678,13,0.017388888888888888,16367,11,0,1
2023-05-16 04:58:33.072000+00:00,User2,2294788,29591,0,0.01,135775843,124671,0,0.016833333333333332,16875,0,0,0
2023-05-16 04:58:33.075000+00:00,User1,2286249,29362,0,0.008,123226056,112383,0,0.01718888888888889,13777,0,0,0
2023-05-16 04:58:33.145000+00:00,User2,2295023,29594,0,0.012,135791066,124685,0,0.017055555555555556,16877,0,0,0
2023-05-16 04:58:33.165000+00:00,User2,2295285,29597,0,0.011,135799592,124693,0,0.0155,16878,0,0,0
2023-05-16 04:58:33.189000+00:00,User2,2295285,29597,0,0.011,135808262,124701,0,0.016544444444444445,16878,0,0,0
2023-05-16 04:58:35.575000+00:00,User1,2295964,29487,0,0.009,123851017,112956,0,0.015266666666666666,13852,0,0,0
2023-05-16 04:58:35.589000+00:00,User1,2295964,29487,0,0.008,123858244,112963,0,0.014688888888888888,13853,0,0,0
2023-05-16 04:58:35.610000+00:00,User1,2296051,29488,0,0.008,123858244,112963,0,0.01441111111111111,13853,0,0,0
2023-05-16 04:58:35.618000+00:00,User1,2296225,29490,0,0.009,123858244,112963,0,0.014066666666666667,13853,0,0,0
2023-05-16 04:58:35.623000+00:00,User1,2296225,29490,0,0.009,123862752,112967,0,0.015033333333333333,13854,0,0,0
2023-05-16 04:58:35.631000+00:00,User1,2296225,29490,0,0.009,123862752,112967,0,0.015055555555555556,13854,0,0,0
2023-05-16 04:58:35.641000+00:00,User1,2296225,29490,0,0.009,123868391,112972,0,0.014688888888888888,13854,0,0,0
2023-05-16 04:58:35.643000+00:00,User1,2296225,29490,0,0.01,123868391,112972,0,0.014733333333333333,13854,0,0,0
2023-05-16 04:58:35.644000+00:00,User1,2296225,29490,0,0.008,123866227,112970,2,0.014655555555555555,13802,10,0,1
2023-05-16 04:58:35.668000+00:00,User1,2296307,29491,0,0.009,123873047,112976,0,0.014766666666666668,13855,0,0,0
2023-05-16 04:58:35.699000+00:00,User1,2296379,29492,0,0.008,123876510,112979,0,0.014544444444444445,13855,0,0,0
2023-05-16 04:58:35.782000+00:00,User3,2286627,29430,0,0.011,134395853,123317,0,0.015288888888888888,16560,0,0,0
2023-05-16 04:58:35.778000+00:00,User3,2286627,29430,0,0.01,134393553,123315,0,0.0154,16560,0,0,0
2023-05-16 04:58:35.783000+00:00,User3,2286627,29430,0,0.01,134399305,123320,0,0.0156,16560,0,0,0
2023-05-16 04:58:35.789000+00:00,User3,2286627,29430,0,0.012,134393553,123315,0,0.01588888888888889,16560,0,0,0
2023-05-16 04:58:35.788000+00:00,User3,2286627,29430,0,0.01,134399305,123320,0,0.01611111111111111,16561,0,0,0
2023-05-16 04:58:35.789000+00:00,User3,2286627,29430,0,0.01,134395853,123317,0,0.015655555555555555,16560,0,0,0
2023-05-16 04:58:35.804000+00:00,User3,2286695,29431,0,0.011,134399305,123320,0,0.015744444444444443,16561,0,0,0
2023-05-16 04:58:35.810000+00:00,User3,2286695,29431,0,0.011,134399305,123320,0,0.015288888888888888,16561,0,0,0
2023-05-16 04:58:35.817000+00:00,User3,2286695,29431,0,0.01,134399305,123320,0,0.0156,16561,0,0,0
2023-05-16 04:58:35.848000+00:00,User3,2286775,29432,0,0.01,134406349,123327,0,0.014822222222222223,16562,0,0,0
2023-05-16 04:58:35.878000+00:00,User3,2287032,29435,0,0.01,134414177,123334,0,0.014866666666666667,16563,0,0,0
2023-05-16 04:58:35.978000+00:00,User2,2306397,29736,0,0.012,136192174,125077,0,0.011877777777777777,16961,0,0,0
2023-05-16 04:58:35.999000+00:00,User2,2306559,29738,0,0.013,136192174,125077,0,0.0114,16962,0,0,0
2023-05-16 04:58:36.001000+00:00,User2,2306559,29738,0,0.013,136192174,125077,0,0.011844444444444444,16961,0,0,0
2023-05-16 04:58:35.998000+00:00,User2,2306559,29738,0,0.013,136192174,125077,0,0.011744444444444445,16961,0,0,0
2023-05-16 04:58:36.008000+00:00,User2,2306559,29738,0,0.013,136193231,125078,0,0.012055555555555555,16962,0,0,0
2023-05-16 04:58:36.017000+00:00,User2,2306640,29739,0,0.013,136199573,125084,0,0.011444444444444445,16962,0,0,0
2023-05-16 04:58:36.036000+00:00,User2,2306721,29740,0,0.013,136200712,125085,0,0.012611111111111111,16963,0,0,0
2023-05-16 04:58:36.061000+00:00,User2,2306721,29740,0,0.013,136208686,125092,0,0.011644444444444445,16963,0,0,0
2023-05-16 04:58:36.061000+00:00,User3,2287517,29441,2,0.01,134449825,123367,13,0.015377777777777778,16457,11,0,1
2023-05-16 04:58:36.071000+00:00,User2,2306721,29740,0,0.012,136209826,125093,0,0.012211111111111112,16964,0,0,0
2023-05-16 04:58:36.073000+00:00,User1,2297818,29512,0,0.008,123976156,113070,0,0.016633333333333333,13867,0,0,0
2023-05-16 04:58:36.143000+00:00,User2,2307126,29745,0,0.012,136229225,125111,0,0.014011111111111111,16966,0,0,0
2023-05-16 04:58:36.164000+00:00,User2,2307126,29745,0,0.012,136235943,125117,0,0.012955555555555555,16966,0,0,0
2023-05-16 04:58:36.189000+00:00,User2,2307369,29748,0,0.012,136243242,125124,0,0.013233333333333333,16967,0,0,0
2023-05-16 04:58:38.575000+00:00,User1,2307365,29637,0,0.011,124608195,113649,0,0.0172,13942,0,0,0
2023-05-16 04:58:38.589000+00:00,User1,2307365,29637,0,0.011,124615393,113656,0,0.01671111111111111,13943,0,0,0
2023-05-16 04:58:38.612000+00:00,User1,2307431,29638,0,0.011,124616508,113657,0,0.01661111111111111,13943,0,0,0
2023-05-16 04:58:38.617000+00:00,User1,2307566,29640,0,0.011,124617623,113658,0,0.016244444444444443,13943,0,0,0
2023-05-16 04:58:38.624000+00:00,User1,2307566,29640,0,0.012,124623203,113663,0,0.01632222222222222,13944,0,0,0
2023-05-16 04:58:38.632000+00:00,User1,2307566,29640,0,0.011,124623203,113663,0,0.015566666666666666,13944,0,0,0
2023-05-16 04:58:38.642000+00:00,User1,2307566,29640,0,0.012,124623203,113663,0,0.0159,13944,0,0,0
2023-05-16 04:58:38.640000+00:00,User1,2307566,29640,0,0.011,124624214,113664,0,0.016577777777777778,13944,0,0,0
2023-05-16 04:58:38.649000+00:00,User1,2307566,29640,0,0.011,124622050,113662,2,0.01578888888888889,13892,10,0,1
2023-05-16 04:58:38.668000+00:00,User1,2307566,29640,0,0.011,124630280,113670,0,0.016188888888888888,13945,0,0,0
2023-05-16 04:58:38.698000+00:00,User1,2307703,29642,0,0.012,124634408,113674,0,0.014522222222222223,13946,0,0,0
2023-05-16 04:58:38.776000+00:00,User3,2298040,29580,0,0.009,135147416,124003,0,0.016544444444444445,16650,0,0,0
2023-05-16 04:58:38.788000+00:00,User3,2298040,29580,0,0.01,135147416,124003,0,0.0165,16650,0,0,0
2023-05-16 04:58:38.783000+00:00,User3,2298040,29580,0,0.009,135149655,124005,0,0.01621111111111111,16650,0,0,0
2023-05-16 04:58:38.786000+00:00,User3,2298040,29580,0,0.009,135149655,124005,0,0.016033333333333333,16650,0,0,0
2023-05-16 04:58:38.784000+00:00,User3,2298040,29580,0,0.009,135149655,124005,0,0.016066666666666667,16650,0,0,0
2023-05-16 04:58:38.788000+00:00,User3,2298040,29580,0,0.01,135149655,124005,0,0.015333333333333332,16650,0,0,0
2023-05-16 04:58:38.804000+00:00,User3,2298109,29581,0,0.01,135158459,124013,0,0.017155555555555556,16651,0,0,0
2023-05-16 04:58:38.820000+00:00,User3,2298109,29581,0,0.01,135161352,124016,0,0.0158,16651,0,0,0
2023-05-16 04:58:38.814000+00:00,User3,2298109,29581,0,0.009,135161352,124016,0,0.01698888888888889,16651,0,0,0
2023-05-16 04:58:38.848000+00:00,User3,2298179,29582,0,0.009,135162317,124017,0,0.016566666666666667,16652,0,0,0
2023-05-16 04:58:38.878000+00:00,User3,2298383,29585,0,0.01,135167549,124022,0,0.017333333333333333,16653,0,0,0
2023-05-16 04:58:38.980000+00:00,User2,2318148,29887,0,0.012,136982692,125797,0,0.01817777777777778,17051,0,0,0
2023-05-16 04:58:39.001000+00:00,User2,2318218,29888,0,0.011,136987199,125801,0,0.01791111111111111,17052,0,0,0
2023-05-16 04:58:38.999000+00:00,User2,2318148,29887,0,0.012,136987199,125801,0,0.018455555555555555,17052,0,0,0
2023-05-16 04:58:38.999000+00:00,User2,2318218,29888,0,0.012,136987199,125801,0,0.017377777777777777,17052,0,0,0
2023-05-16 04:58:39.017000+00:00,User2,2318355,29890,0,0.012,136992259,125806,0,0.018111111111111113,17052,0,0,0
2023-05-16 04:58:39.008000+00:00,User2,2318148,29887,0,0.012,136987199,125801,0,0.017611111111111112,17051,0,0,0
2023-05-16 04:58:39.035000+00:00,User2,2318355,29890,0,0.012,136995387,125809,0,0.017988888888888888,17053,0,0,0
2023-05-16 04:58:39.060000+00:00,User2,2318355,29890,0,0.011,137003102,125816,0,0.017766666666666667,17053,0,0,0
2023-05-16 04:58:39.064000+00:00,User3,2298773,29591,2,0.01,135200183,124051,13,0.0167,16547,11,0,1
2023-05-16 04:58:39.073000+00:00,User1,2308998,29661,0,0.012,124729105,113760,0,0.016366666666666668,13957,0,0,0
2023-05-16 04:58:39.072000+00:00,User2,2318513,29892,0,0.013,137004157,125817,0,0.01708888888888889,17054,0,0,0
2023-05-16 04:58:39.145000+00:00,User2,2318653,29894,0,0.012,137020189,125832,0,0.0188,17056,0,0,0
2023-05-16 04:58:39.166000+00:00,User2,2318720,29895,0,0.014,137027024,125838,0,0.018277777777777778,17057,0,0,0
2023-05-16 04:58:39.189000+00:00,User2,2318878,29897,0,0.012,137035148,125845,0,0.018211111111111112,17058,0,0,0
