@timestamp,cpu,memory
2023-08-17 14:25:31.931000+00:00,0.0035,
2023-08-17 14:25:31.937000+00:00,,0.2288
2023-08-17 14:25:31.940000+00:00,,0.2938
2023-08-17 14:25:31.942000+00:00,,0.2311
2023-08-17 14:25:31.955000+00:00,,0.2295
2023-08-17 14:25:31.964000+00:00,,0.2307
2023-08-17 14:25:31.965000+00:00,0.0015,
2023-08-17 14:25:31.971000+00:00,0.003,
2023-08-17 14:25:32.030000+00:00,0.0025,
2023-08-17 14:25:32.046000+00:00,,0.3163
2023-08-17 14:25:32.068000+00:00,0.002,
2023-08-17 14:25:32.077000+00:00,0.0572,
2023-08-17 14:25:32.090000+00:00,0.0015,
2023-08-17 14:25:32.108000+00:00,,0.292
2023-08-17 14:25:32.131000+00:00,0.0005,
2023-08-17 14:25:32.147000+00:00,,0.2301
2023-08-17 14:25:32.158000+00:00,,0.2326
2023-08-17 14:25:32.162000+00:00,0.0015,
2023-08-17 14:25:32.163000+00:00,,0.2306
2023-08-17 14:25:32.181000+00:00,,0.2287
2023-08-17 14:25:32.191000+00:00,0.2433,
2023-08-17 14:25:32.207000+00:00,0.0025,
2023-08-17 14:25:32.208000+00:00,0.002,
2023-08-17 14:25:32.209000+00:00,,0.3189
2023-08-17 14:25:32.223000+00:00,0.0025,
2023-08-17 14:25:32.233000+00:00,,0.2281
2023-08-17 14:25:32.234000+00:00,,0.28775
2023-08-17 14:25:32.238000+00:00,,0.2272
2023-08-17 14:25:32.254000+00:00,0.0005,
2023-08-17 14:25:32.295000+00:00,,0.2283
2023-08-17 14:25:32.303000+00:00,0.002,
2023-08-17 14:25:32.309000+00:00,,0.2301
2023-08-17 14:25:32.322000+00:00,,0.2307
2023-08-17 14:25:32.342000+00:00,0.564,
2023-08-17 14:25:32.375000+00:00,,0.321
2023-08-17 14:25:32.383000+00:00,,0.3414
2023-08-17 14:25:32.397000+00:00,,0.2295
2023-08-17 14:25:32.429000+00:00,0.1389,
2023-08-17 14:25:32.453000+00:00,0.0025,
2023-08-17 14:25:32.462000+00:00,,0.4033
2023-08-17 14:25:32.466000+00:00,0.0,
2023-08-17 14:25:32.469000+00:00,0.0015,
2023-08-17 14:25:32.474000+00:00,0.2379,
2023-08-17 14:25:32.479000+00:00,0.001,0.3189
2023-08-17 14:25:32.486000+00:00,0.0015,
2023-08-17 14:25:32.496000+00:00,,0.2277
2023-08-17 14:25:32.500000+00:00,0.003,
2023-08-17 14:25:32.506000+00:00,,0.2303
2023-08-17 14:25:32.523000+00:00,,0.23
2023-08-17 14:25:32.556000+00:00,0.6522,
2023-08-17 14:25:32.562000+00:00,,0.2295
2023-08-17 14:25:32.582000+00:00,,0.2311
2023-08-17 14:25:32.599000+00:00,,0.3409
2023-08-17 14:25:32.658000+00:00,,0.2996
2023-08-17 14:25:32.668000+00:00,0.0005,
2023-08-17 14:25:32.670000+00:00,,0.287
2023-08-17 14:25:32.679000+00:00,,0.334
2023-08-17 14:25:32.685000+00:00,0.0005,
2023-08-17 14:25:32.686000+00:00,,0.2887
2023-08-17 14:25:32.700000+00:00,,0.2302
2023-08-17 14:25:32.704000+00:00,0.0025,
2023-08-17 14:25:32.710000+00:00,,0.2287
2023-08-17 14:25:32.725000+00:00,,0.2297
2023-08-17 14:25:32.753000+00:00,0.003,
2023-08-17 14:25:32.758000+00:00,,0.2283
2023-08-17 14:25:32.776000+00:00,0.6584,
2023-08-17 14:25:32.786000+00:00,,0.3938
2023-08-17 14:25:32.801000+00:00,0.1648,
2023-08-17 14:25:32.814000+00:00,0.0025,
2023-08-17 14:25:32.827000+00:00,0.002,
2023-08-17 14:25:32.828000+00:00,,0.2276
2023-08-17 14:25:32.842000+00:00,0.001,
2023-08-17 14:25:32.864000+00:00,,0.2287
2023-08-17 14:25:32.889000+00:00,,0.2764
2023-08-17 14:25:32.903000+00:00,0.004,0.2305
2023-08-17 14:25:32.960000+00:00,,0.2314
2023-08-17 14:25:32.974000+00:00,0.0,
2023-08-17 14:25:33.015000+00:00,,0.2279
2023-08-17 14:25:33.032000+00:00,0.001,
2023-08-17 14:25:33.040000+00:00,,0.2316
2023-08-17 14:25:33.069000+00:00,0.0005,
2023-08-17 14:25:33.074000+00:00,0.0,
2023-08-17 14:25:33.076000+00:00,,0.2312
2023-08-17 14:25:33.077000+00:00,0.6725,
2023-08-17 14:25:33.078000+00:00,,0.2292
2023-08-17 14:25:33.121000+00:00,,0.275
2023-08-17 14:25:33.124000+00:00,,0.2321
2023-08-17 14:25:33.142000+00:00,0.0025,
2023-08-17 14:25:33.148000+00:00,,0.284
2023-08-17 14:25:33.160000+00:00,0.0035,
2023-08-17 14:25:33.165000+00:00,,0.2297
2023-08-17 14:25:33.194000+00:00,0.6329,
2023-08-17 14:25:33.197000+00:00,,0.2301
2023-08-17 14:25:33.204000+00:00,,0.2288
2023-08-17 14:25:33.207000+00:00,,0.2278
2023-08-17 14:25:33.226000+00:00,,0.2291
2023-08-17 14:25:33.235000+00:00,0.0025,
2023-08-17 14:25:33.308000+00:00,0.0025,
2023-08-17 14:25:33.311000+00:00,,0.2303
2023-08-17 14:25:33.353000+00:00,,0.2285
2023-08-17 14:25:33.383000+00:00,0.0015,
2023-08-17 14:25:33.411000+00:00,0.2292,0.3807
2023-08-17 14:25:33.461000+00:00,0.2192,
2023-08-17 14:25:33.496000+00:00,0.001,
2023-08-17 14:25:33.521000+00:00,,0.2317
2023-08-17 14:25:33.543000+00:00,0.0015,
2023-08-17 14:25:33.549000+00:00,0.001,
2023-08-17 14:25:33.615000+00:00,,0.2289
2023-08-17 14:25:33.653000+00:00,,0.337
2023-08-17 14:25:33.674000+00:00,,0.4023
2023-08-17 14:25:33.678000+00:00,,0.3383
2023-08-17 14:25:33.681000+00:00,0.0,
2023-08-17 14:25:33.691000+00:00,0.0005,
2023-08-17 14:25:33.696000+00:00,0.0025,
2023-08-17 14:25:33.704000+00:00,,0.2291
2023-08-17 14:25:33.715000+00:00,,0.2286
2023-08-17 14:25:33.732000+00:00,0.0005,
2023-08-17 14:25:33.759000+00:00,0.2273,
2023-08-17 14:25:33.774000+00:00,,0.229
2023-08-17 14:25:33.775000+00:00,0.1871,
2023-08-17 14:25:33.818000+00:00,0.0,
2023-08-17 14:25:33.828000+00:00,,0.3451
2023-08-17 14:25:33.829000+00:00,0.002,
2023-08-17 14:25:33.850000+00:00,,0.25775
2023-08-17 14:25:33.854000+00:00,,0.2289
2023-08-17 14:25:33.862000+00:00,,0.2314
2023-08-17 14:25:33.868000+00:00,,0.3515
2023-08-17 14:25:33.873000+00:00,0.0015,
2023-08-17 14:25:33.890000+00:00,0.3134,
2023-08-17 14:25:33.917000+00:00,0.0015,
2023-08-17 14:25:33.934000+00:00,0.0035,
2023-08-17 14:25:33.939000+00:00,0.0644,
2023-08-17 14:25:33.949000+00:00,,0.2302
2023-08-17 14:25:33.952000+00:00,,0.3587
2023-08-17 14:25:33.971000+00:00,,0.2281
2023-08-17 14:25:33.977000+00:00,0.001,
2023-08-17 14:25:33.979000+00:00,,0.2299
2023-08-17 14:25:33.988000+00:00,,0.2273
2023-08-17 14:25:33.992000+00:00,,0.3679
2023-08-17 14:25:34.013000+00:00,0.0,
2023-08-17 14:25:34.014000+00:00,0.0015,
2023-08-17 14:25:34.016000+00:00,,0.2308
2023-08-17 14:25:34.059000+00:00,,0.2295
2023-08-17 14:25:34.065000+00:00,0.6053,
2023-08-17 14:25:34.066000+00:00,,0.2301
2023-08-17 14:25:34.073000+00:00,0.001,
2023-08-17 14:25:34.082000+00:00,0.7444,
2023-08-17 14:25:34.085000+00:00,,0.3439
2023-08-17 14:25:34.094000+00:00,0.002,
2023-08-17 14:25:34.116000+00:00,,0.2287
2023-08-17 14:25:34.117000+00:00,,0.3802
2023-08-17 14:25:34.128000+00:00,,0.2912
2023-08-17 14:25:34.154000+00:00,,0.3007
2023-08-17 14:25:34.185000+00:00,0.002,
2023-08-17 14:25:34.196000+00:00,0.5784,
2023-08-17 14:25:34.205000+00:00,0.003,
2023-08-17 14:25:34.212000+00:00,,0.2271
2023-08-17 14:25:34.221000+00:00,,0.3198
2023-08-17 14:25:34.228000+00:00,0.002,
2023-08-17 14:25:34.232000+00:00,,0.2292
2023-08-17 14:25:34.243000+00:00,0.002,
2023-08-17 14:25:34.245000+00:00,0.001,
2023-08-17 14:25:34.253000+00:00,,0.2271
2023-08-17 14:25:34.280000+00:00,,0.2294
2023-08-17 14:25:34.283000+00:00,,0.2923
2023-08-17 14:25:34.286000+00:00,,0.2281
2023-08-17 14:25:34.293000+00:00,0.00025,
2023-08-17 14:25:34.309000+00:00,0.003,
2023-08-17 14:25:34.337000+00:00,,0.2274
2023-08-17 14:25:34.342000+00:00,,0.228
2023-08-17 14:25:34.347000+00:00,,0.2311
2023-08-17 14:25:34.352000+00:00,0.002,
2023-08-17 14:25:34.371000+00:00,,0.2754
2023-08-17 14:25:34.415000+00:00,0.4584,
2023-08-17 14:25:34.447000+00:00,0.6324,
2023-08-17 14:25:34.451000+00:00,0.0015,
2023-08-17 14:25:34.452000+00:00,0.3252,
2023-08-17 14:25:34.471000+00:00,,0.3164
2023-08-17 14:25:34.481000+00:00,0.0,
2023-08-17 14:25:34.482000+00:00,0.0025,
2023-08-17 14:25:34.499000+00:00,,0.2289
2023-08-17 14:25:34.509000+00:00,0.002,
2023-08-17 14:25:34.518000+00:00,0.002,
2023-08-17 14:25:34.542000+00:00,0.003,
2023-08-17 14:25:34.548000+00:00,,0.2307
2023-08-17 14:25:34.555000+00:00,0.6794,
2023-08-17 14:25:34.591000+00:00,0.0,
2023-08-17 14:25:34.602000+00:00,0.001,
2023-08-17 14:25:34.606000+00:00,,0.3225
2023-08-17 14:25:34.614000+00:00,,0.228
2023-08-17 14:25:34.620000+00:00,,0.2301
2023-08-17 14:25:34.628000+00:00,,0.2303
2023-08-17 14:25:34.636000+00:00,0.003,
2023-08-17 14:25:34.639000+00:00,0.0025,
2023-08-17 14:25:34.656000+00:00,,0.2289
2023-08-17 14:25:34.664000+00:00,,0.2306
2023-08-17 14:25:34.675000+00:00,0.003,
2023-08-17 14:25:34.676000+00:00,0.002,
2023-08-17 14:25:34.685000+00:00,0.0,
2023-08-17 14:25:34.752000+00:00,0.001,
2023-08-17 14:25:34.788000+00:00,,0.2925
2023-08-17 14:25:34.809000+00:00,,0.2291
2023-08-17 14:25:34.812000+00:00,0.001,
2023-08-17 14:25:34.821000+00:00,0.003,
2023-08-17 14:25:34.835000+00:00,,0.2296
2023-08-17 14:25:34.843000+00:00,0.001,
2023-08-17 14:25:34.848000+00:00,,0.2303
2023-08-17 14:25:34.866000+00:00,0.0015,
2023-08-17 14:25:34.870000+00:00,0.004,0.2289
2023-08-17 14:25:34.886000+00:00,,0.2291
2023-08-17 14:25:34.894000+00:00,,0.2296
2023-08-17 14:25:34.909000+00:00,0.0,0.2295
2023-08-17 14:25:34.925000+00:00,0.2394,0.3219
2023-08-17 14:25:34.930000+00:00,,0.2308
2023-08-17 14:25:34.933000+00:00,,0.2309
2023-08-17 14:25:34.941000+00:00,0.6737,
2023-08-17 14:25:34.943000+00:00,0.2285,
2023-08-17 14:25:34.951000+00:00,0.0005,
2023-08-17 14:25:34.958000+00:00,0.003,0.2313
2023-08-17 14:25:34.959000+00:00,0.001,
2023-08-17 14:25:34.970000+00:00,,0.2312
2023-08-17 14:25:34.985000+00:00,,0.2306
2023-08-17 14:25:34.989000+00:00,,0.22875
2023-08-17 14:25:34.995000+00:00,0.6287,
2023-08-17 14:25:35.020000+00:00,,0.2279
2023-08-17 14:25:35.027000+00:00,0.001,
2023-08-17 14:25:35.030000+00:00,0.1731,
2023-08-17 14:25:35.050000+00:00,0.2366,
2023-08-17 14:25:35.051000+00:00,0.0035,
2023-08-17 14:25:35.056000+00:00,0.6831,
2023-08-17 14:25:35.057000+00:00,,0.2285
2023-08-17 14:25:35.069000+00:00,,0.2285
2023-08-17 14:25:35.070000+00:00,0.002,
2023-08-17 14:25:35.075000+00:00,,0.2285
2023-08-17 14:25:35.087000+00:00,0.6917,
2023-08-17 14:25:35.100000+00:00,0.0,0.2292
2023-08-17 14:25:35.106000+00:00,0.004,
2023-08-17 14:25:35.120000+00:00,,0.2928
2023-08-17 14:25:35.137000+00:00,0.0015,
2023-08-17 14:25:35.140000+00:00,,0.2303
2023-08-17 14:25:35.149000+00:00,0.0005,
2023-08-17 14:25:35.190000+00:00,0.003,
2023-08-17 14:25:35.193000+00:00,0.003,
2023-08-17 14:25:35.195000+00:00,0.2522,
2023-08-17 14:25:35.202000+00:00,,0.2861
2023-08-17 14:25:35.229000+00:00,,0.2276
2023-08-17 14:25:35.248000+00:00,,0.23015000000000002
2023-08-17 14:25:35.251000+00:00,0.0005,
2023-08-17 14:25:35.254000+00:00,,0.2313
2023-08-17 14:25:35.258000+00:00,0.1452,
2023-08-17 14:25:35.268000+00:00,,0.2791
2023-08-17 14:25:35.274000+00:00,,0.3435
2023-08-17 14:25:35.298000+00:00,0.636,
2023-08-17 14:25:35.305000+00:00,0.0025,
2023-08-17 14:25:35.306000+00:00,0.002,
2023-08-17 14:25:35.331000+00:00,,0.229
2023-08-17 14:25:35.368000+00:00,0.002,
2023-08-17 14:25:35.378000+00:00,0.6367,
2023-08-17 14:25:35.380000+00:00,0.0025,
2023-08-17 14:25:35.430000+00:00,,0.2291
2023-08-17 14:25:35.435000+00:00,,0.2303
2023-08-17 14:25:35.441000+00:00,,0.2771
2023-08-17 14:25:35.445000+00:00,0.0015,
2023-08-17 14:25:35.458000+00:00,,0.4864
2023-08-17 14:25:35.468000+00:00,,0.2282
2023-08-17 14:25:35.469000+00:00,0.00075,
2023-08-17 14:25:35.480000+00:00,,0.3407
2023-08-17 14:25:35.483000+00:00,0.7141,
2023-08-17 14:25:35.491000+00:00,0.0025,0.2275
2023-08-17 14:25:35.510000+00:00,0.0,
2023-08-17 14:25:35.519000+00:00,0.0025,
2023-08-17 14:25:35.530000+00:00,0.002,
2023-08-17 14:25:35.537000+00:00,0.668,
2023-08-17 14:25:35.543000+00:00,,0.2288
2023-08-17 14:25:35.562000+00:00,0.722,
2023-08-17 14:25:35.570000+00:00,0.001,
2023-08-17 14:25:35.592000+00:00,0.0055,0.3459
2023-08-17 14:25:35.603000+00:00,,0.227
2023-08-17 14:25:35.622000+00:00,0.001,
2023-08-17 14:25:35.631000+00:00,0.0,
2023-08-17 14:25:35.637000+00:00,0.002,0.3002
2023-08-17 14:25:35.662000+00:00,,0.2306
2023-08-17 14:25:35.676000+00:00,0.003,
2023-08-17 14:25:35.678000+00:00,,0.2302
2023-08-17 14:25:35.693000+00:00,0.0005,
2023-08-17 14:25:35.708000+00:00,0.0005,
2023-08-17 14:25:35.716000+00:00,,0.2295
2023-08-17 14:25:35.718000+00:00,,0.2281
2023-08-17 14:25:35.723000+00:00,0.0035,
2023-08-17 14:25:35.724000+00:00,0.2326,
2023-08-17 14:25:35.758000+00:00,,0.3522
2023-08-17 14:25:35.787000+00:00,,0.2278
2023-08-17 14:25:35.792000+00:00,,0.2284
2023-08-17 14:25:35.795000+00:00,,0.2288
2023-08-17 14:25:35.801000+00:00,0.003,
2023-08-17 14:25:35.805000+00:00,,0.2316
2023-08-17 14:25:35.827000+00:00,0.0035,
2023-08-17 14:25:35.881000+00:00,,0.2284
2023-08-17 14:25:35.888000+00:00,0.1494,
2023-08-17 14:25:35.896000+00:00,0.0015,
2023-08-17 14:25:35.900000+00:00,0.0,
2023-08-17 14:25:35.901000+00:00,,0.2268
2023-08-17 14:25:35.931000+00:00,0.0005,
2023-08-17 14:25:35.944000+00:00,0.2878,
2023-08-17 14:25:35.951000+00:00,,0.229
2023-08-17 14:25:35.959000+00:00,,0.2266
2023-08-17 14:25:35.989000+00:00,0.0005,
2023-08-17 14:25:35.996000+00:00,,0.2294
2023-08-17 14:25:36.003000+00:00,,0.2277
2023-08-17 14:25:36.020000+00:00,0.003,
2023-08-17 14:25:36.036000+00:00,0.001,
2023-08-17 14:25:36.042000+00:00,0.0025,
2023-08-17 14:25:36.051000+00:00,,0.2297
2023-08-17 14:25:36.066000+00:00,0.0,0.2313
2023-08-17 14:25:36.071000+00:00,0.1405,
2023-08-17 14:25:36.103000+00:00,,0.2273
2023-08-17 14:25:36.107000+00:00,0.0005,
2023-08-17 14:25:36.113000+00:00,0.0035,
2023-08-17 14:25:36.129000+00:00,,0.2305
2023-08-17 14:25:36.133000+00:00,0.2145,
2023-08-17 14:25:36.178000+00:00,0.002,0.2316
2023-08-17 14:25:36.187000+00:00,,0.232
2023-08-17 14:25:36.193000+00:00,0.003,
2023-08-17 14:25:36.197000+00:00,,0.2285
2023-08-17 14:25:36.199000+00:00,,0.2283
2023-08-17 14:25:36.200000+00:00,0.002,
2023-08-17 14:25:36.217000+00:00,,0.4
2023-08-17 14:25:36.238000+00:00,0.6781,0.2277
2023-08-17 14:25:36.264000+00:00,0.001,
2023-08-17 14:25:36.286000+00:00,,0.3475
2023-08-17 14:25:36.322000+00:00,,0.2289
2023-08-17 14:25:36.323000+00:00,0.003,
2023-08-17 14:25:36.328000+00:00,0.004,
2023-08-17 14:25:36.354000+00:00,,0.3481
2023-08-17 14:25:36.367000+00:00,0.0035,
2023-08-17 14:25:36.385000+00:00,,0.2301
2023-08-17 14:25:36.397000+00:00,,0.2302
2023-08-17 14:25:36.403000+00:00,,0.2287
2023-08-17 14:25:36.421000+00:00,0.5836,
2023-08-17 14:25:36.447000+00:00,0.0,
2023-08-17 14:25:36.448000+00:00,0.001,
2023-08-17 14:25:36.481000+00:00,,0.2301
2023-08-17 14:25:36.502000+00:00,0.7999,
2023-08-17 14:25:36.512000+00:00,,0.2305
2023-08-17 14:25:36.539000+00:00,,0.2313
2023-08-17 14:25:36.550000+00:00,,0.2286
2023-08-17 14:25:36.553000+00:00,,0.231
2023-08-17 14:25:36.568000+00:00,,0.2314
2023-08-17 14:25:36.592000+00:00,,0.2288
2023-08-17 14:25:36.594000+00:00,,0.3459
2023-08-17 14:25:36.598000+00:00,0.001,
2023-08-17 14:25:36.602000+00:00,,0.2275
2023-08-17 14:25:36.619000+00:00,0.0015,
2023-08-17 14:25:36.636000+00:00,0.1792,
2023-08-17 14:25:36.649000+00:00,,0.2296
2023-08-17 14:25:36.655000+00:00,0.0035,
2023-08-17 14:25:36.682000+00:00,,0.2315
2023-08-17 14:25:36.734000+00:00,,0.2288
2023-08-17 14:25:36.737000+00:00,0.002,
2023-08-17 14:25:36.738000+00:00,,0.2295
2023-08-17 14:25:36.749000+00:00,0.6945,
2023-08-17 14:25:36.759000+00:00,,0.2275
2023-08-17 14:25:36.760000+00:00,0.1784,
2023-08-17 14:25:36.776000+00:00,0.0015,
2023-08-17 14:25:36.787000+00:00,,0.2274
2023-08-17 14:25:36.805000+00:00,0.003,
2023-08-17 14:25:36.808000+00:00,,0.2307
2023-08-17 14:25:36.812000+00:00,,0.3197
2023-08-17 14:25:36.818000+00:00,0.0015,
2023-08-17 14:25:36.819000+00:00,,0.3874
2023-08-17 14:25:36.845000+00:00,0.0005,
2023-08-17 14:25:36.852000+00:00,0.0,
2023-08-17 14:25:36.855000+00:00,,0.2281
2023-08-17 14:25:36.870000+00:00,0.0,
2023-08-17 14:25:36.931000+00:00,0.003,
2023-08-17 14:25:36.937000+00:00,,0.2289
2023-08-17 14:25:36.940000+00:00,,0.2952
2023-08-17 14:25:36.942000+00:00,,0.2311
2023-08-17 14:25:36.955000+00:00,,0.2295
2023-08-17 14:25:36.964000+00:00,,0.2307
2023-08-17 14:25:36.965000+00:00,0.0035,
2023-08-17 14:25:36.971000+00:00,0.003,
2023-08-17 14:25:37.030000+00:00,0.003,
2023-08-17 14:25:37.046000+00:00,,0.3321
2023-08-17 14:25:37.068000+00:00,0.003,
2023-08-17 14:25:37.077000+00:00,0.1938,
2023-08-17 14:25:37.090000+00:00,0.0005,
2023-08-17 14:25:37.108000+00:00,,0.292
2023-08-17 14:25:37.131000+00:00,0.0005,
2023-08-17 14:25:37.147000+00:00,,0.2301
2023-08-17 14:25:37.158000+00:00,,0.2326
2023-08-17 14:25:37.162000+00:00,0.0025,
2023-08-17 14:25:37.163000+00:00,,0.2306
2023-08-17 14:25:37.181000+00:00,,0.2287
2023-08-17 14:25:37.191000+00:00,0.1912,
2023-08-17 14:25:37.207000+00:00,0.0015,
2023-08-17 14:25:37.208000+00:00,0.003,
2023-08-17 14:25:37.209000+00:00,,0.3353
2023-08-17 14:25:37.223000+00:00,0.0005,
2023-08-17 14:25:37.233000+00:00,,0.2281
2023-08-17 14:25:37.234000+00:00,,0.28805
2023-08-17 14:25:37.238000+00:00,,0.2272
2023-08-17 14:25:37.254000+00:00,0.0005,
2023-08-17 14:25:37.295000+00:00,,0.2283
2023-08-17 14:25:37.303000+00:00,0.0015,
2023-08-17 14:25:37.309000+00:00,,0.2301
2023-08-17 14:25:37.322000+00:00,,0.2307
2023-08-17 14:25:37.342000+00:00,0.6193,
2023-08-17 14:25:37.375000+00:00,,0.3264
2023-08-17 14:25:37.383000+00:00,,0.3437
2023-08-17 14:25:37.397000+00:00,,0.2295
2023-08-17 14:25:37.429000+00:00,0.2008,
2023-08-17 14:25:37.453000+00:00,0.002,
2023-08-17 14:25:37.462000+00:00,,0.3995
2023-08-17 14:25:37.466000+00:00,0.0025,
2023-08-17 14:25:37.469000+00:00,0.0015,
2023-08-17 14:25:37.474000+00:00,0.2011,
2023-08-17 14:25:37.479000+00:00,0.004,0.3321
2023-08-17 14:25:37.486000+00:00,0.00075,
2023-08-17 14:25:37.496000+00:00,,0.2277
2023-08-17 14:25:37.500000+00:00,0.0025,
2023-08-17 14:25:37.506000+00:00,,0.2303
2023-08-17 14:25:37.523000+00:00,,0.23
2023-08-17 14:25:37.556000+00:00,0.6401,
2023-08-17 14:25:37.562000+00:00,,0.2295
2023-08-17 14:25:37.582000+00:00,,0.2311
2023-08-17 14:25:37.599000+00:00,,0.3429
2023-08-17 14:25:37.658000+00:00,,0.3166
2023-08-17 14:25:37.668000+00:00,0.001,
2023-08-17 14:25:37.670000+00:00,,0.2937
2023-08-17 14:25:37.679000+00:00,,0.3246
2023-08-17 14:25:37.685000+00:00,0.001,
2023-08-17 14:25:37.686000+00:00,,0.2968
2023-08-17 14:25:37.700000+00:00,,0.2302
2023-08-17 14:25:37.704000+00:00,0.002,
2023-08-17 14:25:37.710000+00:00,,0.2287
2023-08-17 14:25:37.725000+00:00,,0.2297
2023-08-17 14:25:37.753000+00:00,0.003,
2023-08-17 14:25:37.758000+00:00,,0.2283
2023-08-17 14:25:37.776000+00:00,0.6544,
2023-08-17 14:25:37.786000+00:00,,0.3843
2023-08-17 14:25:37.801000+00:00,0.2121,
2023-08-17 14:25:37.814000+00:00,0.0025,
2023-08-17 14:25:37.827000+00:00,0.0015,
2023-08-17 14:25:37.828000+00:00,,0.2276
2023-08-17 14:25:37.842000+00:00,0.0,
2023-08-17 14:25:37.864000+00:00,,0.2287
2023-08-17 14:25:37.889000+00:00,,0.3827
2023-08-17 14:25:37.903000+00:00,0.003,0.2305
2023-08-17 14:25:37.960000+00:00,,0.2314
2023-08-17 14:25:37.974000+00:00,0.001,
2023-08-17 14:25:38.015000+00:00,,0.2279
2023-08-17 14:25:38.032000+00:00,0.0,
2023-08-17 14:25:38.040000+00:00,,0.2316
2023-08-17 14:25:38.069000+00:00,0.0005,
2023-08-17 14:25:38.074000+00:00,0.001,
2023-08-17 14:25:38.076000+00:00,,0.2312
2023-08-17 14:25:38.077000+00:00,0.692,
2023-08-17 14:25:38.078000+00:00,,0.2292
2023-08-17 14:25:38.121000+00:00,,0.275
2023-08-17 14:25:38.124000+00:00,,0.2321
2023-08-17 14:25:38.142000+00:00,0.002,
2023-08-17 14:25:38.148000+00:00,,0.3661
2023-08-17 14:25:38.160000+00:00,0.003,
2023-08-17 14:25:38.165000+00:00,,0.2297
2023-08-17 14:25:38.194000+00:00,0.584,
2023-08-17 14:25:38.197000+00:00,,0.2301
2023-08-17 14:25:38.204000+00:00,,0.2289
2023-08-17 14:25:38.207000+00:00,,0.2278
2023-08-17 14:25:38.226000+00:00,,0.2291
2023-08-17 14:25:38.235000+00:00,0.003,
2023-08-17 14:25:38.308000+00:00,0.002,
2023-08-17 14:25:38.311000+00:00,,0.2303
2023-08-17 14:25:38.353000+00:00,,0.2285
2023-08-17 14:25:38.383000+00:00,0.002,
2023-08-17 14:25:38.411000+00:00,0.1794,0.3971
2023-08-17 14:25:38.461000+00:00,0.2161,
2023-08-17 14:25:38.496000+00:00,0.0,
2023-08-17 14:25:38.521000+00:00,,0.2317
2023-08-17 14:25:38.543000+00:00,0.0005,
2023-08-17 14:25:38.549000+00:00,0.0005,
2023-08-17 14:25:38.615000+00:00,,0.2289
2023-08-17 14:25:38.653000+00:00,,0.3396
2023-08-17 14:25:38.674000+00:00,,0.4336
2023-08-17 14:25:38.678000+00:00,,0.3411
2023-08-17 14:25:38.681000+00:00,0.0005,
2023-08-17 14:25:38.691000+00:00,0.0015,
2023-08-17 14:25:38.696000+00:00,0.0025,
2023-08-17 14:25:38.704000+00:00,,0.2291
2023-08-17 14:25:38.715000+00:00,,0.2286
2023-08-17 14:25:38.732000+00:00,0.001,
2023-08-17 14:25:38.759000+00:00,0.2332,
2023-08-17 14:25:38.774000+00:00,,0.229
2023-08-17 14:25:38.775000+00:00,0.4774,
2023-08-17 14:25:38.818000+00:00,0.0005,
2023-08-17 14:25:38.828000+00:00,,0.3459
2023-08-17 14:25:38.829000+00:00,0.0025,
2023-08-17 14:25:38.850000+00:00,,0.3089
2023-08-17 14:25:38.854000+00:00,,0.2289
2023-08-17 14:25:38.862000+00:00,,0.2314
2023-08-17 14:25:38.868000+00:00,,0.3579
2023-08-17 14:25:38.873000+00:00,0.0025,
2023-08-17 14:25:38.890000+00:00,0.2869,
2023-08-17 14:25:38.917000+00:00,0.001,
2023-08-17 14:25:38.934000+00:00,0.0035,
2023-08-17 14:25:38.939000+00:00,0.2193,
2023-08-17 14:25:38.949000+00:00,,0.2302
2023-08-17 14:25:38.952000+00:00,,0.3534
2023-08-17 14:25:38.971000+00:00,,0.2281
2023-08-17 14:25:38.977000+00:00,0.0005,
2023-08-17 14:25:38.979000+00:00,,0.2299
2023-08-17 14:25:38.988000+00:00,,0.2273
2023-08-17 14:25:38.992000+00:00,,0.3431
2023-08-17 14:25:39.013000+00:00,0.001,
2023-08-17 14:25:39.014000+00:00,0.0015,
2023-08-17 14:25:39.016000+00:00,,0.2308
2023-08-17 14:25:39.059000+00:00,,0.2295
2023-08-17 14:25:39.065000+00:00,0.7845,
2023-08-17 14:25:39.066000+00:00,,0.2301
2023-08-17 14:25:39.073000+00:00,0.001,
2023-08-17 14:25:39.082000+00:00,0.7557,
2023-08-17 14:25:39.085000+00:00,,0.3462
2023-08-17 14:25:39.094000+00:00,0.003,
2023-08-17 14:25:39.116000+00:00,,0.2287
2023-08-17 14:25:39.117000+00:00,,0.3808
2023-08-17 14:25:39.128000+00:00,,0.2998
2023-08-17 14:25:39.154000+00:00,,0.326
2023-08-17 14:25:39.185000+00:00,0.003,
2023-08-17 14:25:39.196000+00:00,0.489,
2023-08-17 14:25:39.205000+00:00,0.0025,
2023-08-17 14:25:39.212000+00:00,,0.2271
2023-08-17 14:25:39.221000+00:00,,0.34
2023-08-17 14:25:39.228000+00:00,0.0005,
2023-08-17 14:25:39.232000+00:00,,0.2292
2023-08-17 14:25:39.243000+00:00,0.0025,
2023-08-17 14:25:39.245000+00:00,0.002,
2023-08-17 14:25:39.253000+00:00,,0.2271
2023-08-17 14:25:39.280000+00:00,,0.2294
2023-08-17 14:25:39.283000+00:00,,0.2923
2023-08-17 14:25:39.286000+00:00,,0.2281
2023-08-17 14:25:39.293000+00:00,0.001,
2023-08-17 14:25:39.309000+00:00,0.0005,
2023-08-17 14:25:39.337000+00:00,,0.2275
2023-08-17 14:25:39.342000+00:00,,0.228
2023-08-17 14:25:39.347000+00:00,,0.2311
2023-08-17 14:25:39.352000+00:00,0.001,
2023-08-17 14:25:39.371000+00:00,,0.3502
2023-08-17 14:25:39.415000+00:00,0.514,
2023-08-17 14:25:39.447000+00:00,0.7647,
2023-08-17 14:25:39.451000+00:00,0.001,
2023-08-17 14:25:39.452000+00:00,0.35015,
2023-08-17 14:25:39.471000+00:00,,0.331
2023-08-17 14:25:39.481000+00:00,0.0005,
2023-08-17 14:25:39.482000+00:00,0.001,
2023-08-17 14:25:39.499000+00:00,,0.2289
2023-08-17 14:25:39.509000+00:00,0.003,
2023-08-17 14:25:39.518000+00:00,0.001,
2023-08-17 14:25:39.542000+00:00,0.0035,
2023-08-17 14:25:39.548000+00:00,,0.2307
2023-08-17 14:25:39.555000+00:00,0.7191,
2023-08-17 14:25:39.591000+00:00,0.001,
2023-08-17 14:25:39.602000+00:00,0.0,
2023-08-17 14:25:39.606000+00:00,,0.3406
2023-08-17 14:25:39.614000+00:00,,0.228
2023-08-17 14:25:39.620000+00:00,,0.2301
2023-08-17 14:25:39.628000+00:00,,0.2303
2023-08-17 14:25:39.636000+00:00,0.002,
2023-08-17 14:25:39.639000+00:00,0.0025,
2023-08-17 14:25:39.657000+00:00,,0.2289
2023-08-17 14:25:39.664000+00:00,,0.2306
2023-08-17 14:25:39.675000+00:00,0.0035,
2023-08-17 14:25:39.676000+00:00,0.001,
2023-08-17 14:25:39.685000+00:00,0.0,
2023-08-17 14:25:39.752000+00:00,0.001,
2023-08-17 14:25:39.788000+00:00,,0.2925
2023-08-17 14:25:39.809000+00:00,,0.2291
2023-08-17 14:25:39.812000+00:00,0.0015,
2023-08-17 14:25:39.821000+00:00,0.002,
2023-08-17 14:25:39.835000+00:00,,0.2297
2023-08-17 14:25:39.843000+00:00,0.001,
2023-08-17 14:25:39.848000+00:00,,0.2303
2023-08-17 14:25:39.866000+00:00,0.0015,
2023-08-17 14:25:39.870000+00:00,0.0035,0.2289
2023-08-17 14:25:39.886000+00:00,,0.2291
2023-08-17 14:25:39.894000+00:00,,0.2296
2023-08-17 14:25:39.909000+00:00,0.0,0.2295
2023-08-17 14:25:39.925000+00:00,,0.34
2023-08-17 14:25:39.930000+00:00,,0.2308
2023-08-17 14:25:39.933000+00:00,,0.2309
2023-08-17 14:25:39.941000+00:00,0.4951,
2023-08-17 14:25:39.943000+00:00,0.5575,
2023-08-17 14:25:39.951000+00:00,0.001,
2023-08-17 14:25:39.958000+00:00,0.003,0.2313
2023-08-17 14:25:39.959000+00:00,0.001,
2023-08-17 14:25:39.970000+00:00,,0.2312
2023-08-17 14:25:39.985000+00:00,,0.2307
2023-08-17 14:25:39.989000+00:00,,0.22875
2023-08-17 14:25:39.995000+00:00,0.6999,
2023-08-17 14:25:40.020000+00:00,,0.2279
2023-08-17 14:25:40.027000+00:00,0.0015,
2023-08-17 14:25:40.030000+00:00,0.3286,
2023-08-17 14:25:40.050000+00:00,0.2649,
2023-08-17 14:25:40.051000+00:00,0.0035,
2023-08-17 14:25:40.056000+00:00,0.5117,
2023-08-17 14:25:40.057000+00:00,,0.2286
2023-08-17 14:25:40.069000+00:00,,0.2285
2023-08-17 14:25:40.070000+00:00,0.005,
2023-08-17 14:25:40.075000+00:00,,0.2285
2023-08-17 14:25:40.087000+00:00,0.7561,
2023-08-17 14:25:40.100000+00:00,0.001,0.2292
2023-08-17 14:25:40.106000+00:00,0.0025,
2023-08-17 14:25:40.120000+00:00,,0.2971
2023-08-17 14:25:40.137000+00:00,0.002,
2023-08-17 14:25:40.140000+00:00,,0.2303
2023-08-17 14:25:40.149000+00:00,0.001,
2023-08-17 14:25:40.190000+00:00,0.002,
2023-08-17 14:25:40.193000+00:00,0.003,
2023-08-17 14:25:40.195000+00:00,0.1872,
2023-08-17 14:25:40.202000+00:00,,0.3022
2023-08-17 14:25:40.229000+00:00,,0.2276
2023-08-17 14:25:40.248000+00:00,,0.23020000000000002
2023-08-17 14:25:40.250000+00:00,0.001,
2023-08-17 14:25:40.254000+00:00,,0.2313
2023-08-17 14:25:40.258000+00:00,0.247,
2023-08-17 14:25:40.268000+00:00,,0.2741
2023-08-17 14:25:40.274000+00:00,,0.3455
2023-08-17 14:25:40.298000+00:00,0.6549,
2023-08-17 14:25:40.305000+00:00,0.003,
2023-08-17 14:25:40.306000+00:00,0.003,
2023-08-17 14:25:40.331000+00:00,,0.2291
2023-08-17 14:25:40.368000+00:00,0.003,
2023-08-17 14:25:40.378000+00:00,0.6702,
2023-08-17 14:25:40.380000+00:00,0.003,
2023-08-17 14:25:40.430000+00:00,,0.2291
2023-08-17 14:25:40.435000+00:00,,0.2303
2023-08-17 14:25:40.441000+00:00,,0.2771
2023-08-17 14:25:40.445000+00:00,0.0015,
2023-08-17 14:25:40.458000+00:00,,0.4561
2023-08-17 14:25:40.468000+00:00,,0.2282
2023-08-17 14:25:40.469000+00:00,0.0015,
2023-08-17 14:25:40.480000+00:00,,0.3441
2023-08-17 14:25:40.483000+00:00,0.704,
2023-08-17 14:25:40.491000+00:00,0.0015,0.2275
2023-08-17 14:25:40.510000+00:00,0.001,
2023-08-17 14:25:40.519000+00:00,0.0035,
2023-08-17 14:25:40.531000+00:00,0.002,
2023-08-17 14:25:40.537000+00:00,0.7203,
2023-08-17 14:25:40.543000+00:00,,0.2288
2023-08-17 14:25:40.562000+00:00,0.729,
2023-08-17 14:25:40.570000+00:00,0.0015,
2023-08-17 14:25:40.592000+00:00,0.003,0.3466
2023-08-17 14:25:40.603000+00:00,,0.227
2023-08-17 14:25:40.622000+00:00,0.002,
2023-08-17 14:25:40.631000+00:00,0.001,
2023-08-17 14:25:40.637000+00:00,0.0045,0.3025
2023-08-17 14:25:40.662000+00:00,,0.2306
2023-08-17 14:25:40.676000+00:00,0.003,
2023-08-17 14:25:40.678000+00:00,,0.2302
2023-08-17 14:25:40.693000+00:00,0.0015,
2023-08-17 14:25:40.708000+00:00,0.0025,
2023-08-17 14:25:40.716000+00:00,,0.2295
2023-08-17 14:25:40.718000+00:00,,0.2282
2023-08-17 14:25:40.723000+00:00,0.0035,
2023-08-17 14:25:40.724000+00:00,0.2643,
2023-08-17 14:25:40.758000+00:00,,0.3019
2023-08-17 14:25:40.787000+00:00,,0.2278
2023-08-17 14:25:40.792000+00:00,,0.2284
2023-08-17 14:25:40.795000+00:00,,0.2288
2023-08-17 14:25:40.801000+00:00,0.0015,
2023-08-17 14:25:40.805000+00:00,,0.2316
2023-08-17 14:25:40.827000+00:00,0.003,
2023-08-17 14:25:40.881000+00:00,,0.2284
2023-08-17 14:25:40.888000+00:00,0.2827,
2023-08-17 14:25:40.896000+00:00,0.0025,
2023-08-17 14:25:40.900000+00:00,0.0005,
2023-08-17 14:25:40.901000+00:00,,0.2269
2023-08-17 14:25:40.931000+00:00,0.0005,
2023-08-17 14:25:40.944000+00:00,0.2291,
2023-08-17 14:25:40.951000+00:00,,0.229
2023-08-17 14:25:40.959000+00:00,,0.2266
2023-08-17 14:25:40.989000+00:00,0.001,
2023-08-17 14:25:40.995000+00:00,,0.2294
2023-08-17 14:25:41.003000+00:00,,0.2277
2023-08-17 14:25:41.020000+00:00,0.002,
2023-08-17 14:25:41.036000+00:00,0.002,
2023-08-17 14:25:41.042000+00:00,0.0025,
2023-08-17 14:25:41.051000+00:00,,0.2297
2023-08-17 14:25:41.066000+00:00,0.002,0.2313
2023-08-17 14:25:41.071000+00:00,0.2268,
2023-08-17 14:25:41.103000+00:00,,0.2274
2023-08-17 14:25:41.107000+00:00,0.001,
2023-08-17 14:25:41.113000+00:00,0.002,
2023-08-17 14:25:41.129000+00:00,,0.2305
2023-08-17 14:25:41.133000+00:00,0.2065,
2023-08-17 14:25:41.178000+00:00,0.0025,0.2316
2023-08-17 14:25:41.187000+00:00,,0.2321
2023-08-17 14:25:41.193000+00:00,0.0025,
2023-08-17 14:25:41.197000+00:00,,0.2285
2023-08-17 14:25:41.199000+00:00,,0.2283
2023-08-17 14:25:41.200000+00:00,0.003,
2023-08-17 14:25:41.217000+00:00,,0.411
2023-08-17 14:25:41.238000+00:00,0.7374,0.2277
2023-08-17 14:25:41.264000+00:00,0.001,
2023-08-17 14:25:41.286000+00:00,,0.3359
2023-08-17 14:25:41.322000+00:00,,0.2289
2023-08-17 14:25:41.323000+00:00,0.003,
2023-08-17 14:25:41.328000+00:00,0.0025,
2023-08-17 14:25:41.354000+00:00,,0.3487
2023-08-17 14:25:41.367000+00:00,0.004,
2023-08-17 14:25:41.385000+00:00,,0.2302
2023-08-17 14:25:41.397000+00:00,,0.2302
2023-08-17 14:25:41.403000+00:00,,0.2288
2023-08-17 14:25:41.421000+00:00,0.3948,
2023-08-17 14:25:41.447000+00:00,0.0005,
2023-08-17 14:25:41.448000+00:00,0.002,
2023-08-17 14:25:41.481000+00:00,,0.2301
2023-08-17 14:25:41.502000+00:00,0.8489,
2023-08-17 14:25:41.512000+00:00,,0.2305
2023-08-17 14:25:41.539000+00:00,,0.2313
2023-08-17 14:25:41.550000+00:00,,0.2286
2023-08-17 14:25:41.553000+00:00,,0.231
2023-08-17 14:25:41.568000+00:00,,0.2314
2023-08-17 14:25:41.592000+00:00,,0.2288
2023-08-17 14:25:41.594000+00:00,,0.3472
2023-08-17 14:25:41.598000+00:00,0.005,
2023-08-17 14:25:41.602000+00:00,,0.2275
2023-08-17 14:25:41.619000+00:00,0.006,
2023-08-17 14:25:41.636000+00:00,0.3831,
2023-08-17 14:25:41.649000+00:00,,0.2296
2023-08-17 14:25:41.655000+00:00,0.003,
2023-08-17 14:25:41.682000+00:00,,0.2315
2023-08-17 14:25:41.734000+00:00,,0.2288
2023-08-17 14:25:41.737000+00:00,0.004,
2023-08-17 14:25:41.738000+00:00,,0.2296
2023-08-17 14:25:41.749000+00:00,0.6289,
2023-08-17 14:25:41.759000+00:00,,0.2275
2023-08-17 14:25:41.760000+00:00,0.3581,
2023-08-17 14:25:41.776000+00:00,0.0025,
2023-08-17 14:25:41.787000+00:00,,0.2274
2023-08-17 14:25:41.805000+00:00,0.0025,
2023-08-17 14:25:41.808000+00:00,,0.2307
2023-08-17 14:25:41.812000+00:00,,0.3409
2023-08-17 14:25:41.818000+00:00,0.003,
2023-08-17 14:25:41.819000+00:00,,0.4142
2023-08-17 14:25:41.845000+00:00,0.001,
2023-08-17 14:25:41.852000+00:00,0.001,
2023-08-17 14:25:41.855000+00:00,,0.2281
2023-08-17 14:25:41.870000+00:00,0.002,
2023-08-17 14:25:41.931000+00:00,0.003,
2023-08-17 14:25:41.937000+00:00,,0.2289
2023-08-17 14:25:41.940000+00:00,,0.3
2023-08-17 14:25:41.942000+00:00,,0.2311
2023-08-17 14:25:41.955000+00:00,,0.2296
2023-08-17 14:25:41.964000+00:00,,0.2307
2023-08-17 14:25:41.965000+00:00,0.0035,
2023-08-17 14:25:41.971000+00:00,0.0035,
2023-08-17 14:25:42.030000+00:00,0.003,
2023-08-17 14:25:42.046000+00:00,,0.3462
2023-08-17 14:25:42.068000+00:00,0.003,
2023-08-17 14:25:42.077000+00:00,0.2538,
2023-08-17 14:25:42.090000+00:00,0.0015,
2023-08-17 14:25:42.108000+00:00,,0.292
2023-08-17 14:25:42.131000+00:00,0.0005,
2023-08-17 14:25:42.147000+00:00,,0.2301
2023-08-17 14:25:42.158000+00:00,,0.2326
2023-08-17 14:25:42.161000+00:00,0.004,
2023-08-17 14:25:42.163000+00:00,,0.2306
2023-08-17 14:25:42.181000+00:00,,0.2288
2023-08-17 14:25:42.191000+00:00,0.2267,
2023-08-17 14:25:42.207000+00:00,0.004,
2023-08-17 14:25:42.208000+00:00,0.003,
2023-08-17 14:25:42.209000+00:00,,0.3436
2023-08-17 14:25:42.223000+00:00,0.0015,
2023-08-17 14:25:42.233000+00:00,,0.2282
2023-08-17 14:25:42.234000+00:00,,0.28859999999999997
2023-08-17 14:25:42.238000+00:00,,0.2273
2023-08-17 14:25:42.254000+00:00,0.001,
2023-08-17 14:25:42.295000+00:00,,0.2283
2023-08-17 14:25:42.303000+00:00,0.003,
2023-08-17 14:25:42.309000+00:00,,0.2301
2023-08-17 14:25:42.322000+00:00,,0.2307
2023-08-17 14:25:42.342000+00:00,0.6701,
2023-08-17 14:25:42.375000+00:00,,0.3404
2023-08-17 14:25:42.383000+00:00,,0.3448
2023-08-17 14:25:42.397000+00:00,,0.2296
2023-08-17 14:25:42.429000+00:00,0.1706,
2023-08-17 14:25:42.453000+00:00,0.0015,
2023-08-17 14:25:42.466000+00:00,0.003,
2023-08-17 14:25:42.469000+00:00,0.0025,
2023-08-17 14:25:42.474000+00:00,0.1906,
2023-08-17 14:25:42.479000+00:00,0.003,0.3453
2023-08-17 14:25:42.486000+00:00,0.00125,
2023-08-17 14:25:42.496000+00:00,,0.2277
2023-08-17 14:25:42.500000+00:00,0.004,
2023-08-17 14:25:42.506000+00:00,,0.2303
2023-08-17 14:25:42.523000+00:00,,0.23
2023-08-17 14:25:42.556000+00:00,0.6688,
2023-08-17 14:25:42.562000+00:00,,0.2296
2023-08-17 14:25:42.582000+00:00,,0.2311
2023-08-17 14:25:42.599000+00:00,,0.3429
2023-08-17 14:25:42.658000+00:00,,0.3276
2023-08-17 14:25:42.668000+00:00,0.0015,
2023-08-17 14:25:42.670000+00:00,,0.2984
2023-08-17 14:25:42.679000+00:00,,0.3237
2023-08-17 14:25:42.685000+00:00,0.0015,
2023-08-17 14:25:42.686000+00:00,,0.3015
2023-08-17 14:25:42.700000+00:00,,0.2302
2023-08-17 14:25:42.704000+00:00,0.0015,
2023-08-17 14:25:42.710000+00:00,,0.2287
2023-08-17 14:25:42.725000+00:00,,0.2298
2023-08-17 14:25:42.753000+00:00,0.003,
2023-08-17 14:25:42.758000+00:00,,0.2284
2023-08-17 14:25:42.776000+00:00,0.681,
2023-08-17 14:25:42.786000+00:00,,0.4161
2023-08-17 14:25:42.801000+00:00,0.1814,
2023-08-17 14:25:42.814000+00:00,0.004,
2023-08-17 14:25:42.827000+00:00,0.0025,
2023-08-17 14:25:42.828000+00:00,,0.2276
2023-08-17 14:25:42.842000+00:00,0.0015,
2023-08-17 14:25:42.864000+00:00,,0.2287
2023-08-17 14:25:42.889000+00:00,,0.3112
2023-08-17 14:25:42.903000+00:00,0.003,0.2305
2023-08-17 14:25:42.960000+00:00,,0.2306
2023-08-17 14:25:42.974000+00:00,0.0015,
2023-08-17 14:25:43.015000+00:00,,0.2279
2023-08-17 14:25:43.032000+00:00,0.0005,
2023-08-17 14:25:43.040000+00:00,,0.2316
2023-08-17 14:25:43.069000+00:00,0.0005,
2023-08-17 14:25:43.074000+00:00,0.002,
2023-08-17 14:25:43.076000+00:00,,0.2312
2023-08-17 14:25:43.077000+00:00,0.7183,
2023-08-17 14:25:43.078000+00:00,,0.2292
2023-08-17 14:25:43.121000+00:00,,0.275
2023-08-17 14:25:43.124000+00:00,,0.2311
2023-08-17 14:25:43.142000+00:00,0.003,
2023-08-17 14:25:43.148000+00:00,,0.3018
2023-08-17 14:25:43.160000+00:00,0.0045,
2023-08-17 14:25:43.165000+00:00,,0.2298
2023-08-17 14:25:43.194000+00:00,0.4372,
2023-08-17 14:25:43.197000+00:00,,0.2301
2023-08-17 14:25:43.204000+00:00,,0.2292
2023-08-17 14:25:43.207000+00:00,,0.2278
2023-08-17 14:25:43.226000+00:00,,0.2291
2023-08-17 14:25:43.235000+00:00,0.0025,
2023-08-17 14:25:43.308000+00:00,0.003,
2023-08-17 14:25:43.311000+00:00,,0.2303
2023-08-17 14:25:43.353000+00:00,,0.2285
2023-08-17 14:25:43.383000+00:00,0.0025,
2023-08-17 14:25:43.411000+00:00,0.1136,0.4084
2023-08-17 14:25:43.461000+00:00,0.2101,
2023-08-17 14:25:43.496000+00:00,0.002,
2023-08-17 14:25:43.521000+00:00,,0.2317
2023-08-17 14:25:43.543000+00:00,0.0015,
2023-08-17 14:25:43.549000+00:00,0.001,
2023-08-17 14:25:43.615000+00:00,,0.2289
2023-08-17 14:25:43.653000+00:00,,0.3384
2023-08-17 14:25:43.674000+00:00,,0.4303
2023-08-17 14:25:43.678000+00:00,,0.34
2023-08-17 14:25:43.681000+00:00,0.0005,
2023-08-17 14:25:43.691000+00:00,0.001,
2023-08-17 14:25:43.696000+00:00,0.003,
2023-08-17 14:25:43.704000+00:00,,0.2291
2023-08-17 14:25:43.715000+00:00,,0.2286
2023-08-17 14:25:43.732000+00:00,0.0005,
2023-08-17 14:25:43.759000+00:00,0.2519,
2023-08-17 14:25:43.774000+00:00,,0.229
2023-08-17 14:25:43.775000+00:00,0.4344,
2023-08-17 14:25:43.818000+00:00,0.0,
2023-08-17 14:25:43.828000+00:00,,0.3473
2023-08-17 14:25:43.829000+00:00,0.0035,
2023-08-17 14:25:43.850000+00:00,,0.2658
2023-08-17 14:25:43.854000+00:00,,0.2289
2023-08-17 14:25:43.862000+00:00,,0.2314
2023-08-17 14:25:43.868000+00:00,,0.3552
2023-08-17 14:25:43.873000+00:00,0.003,
2023-08-17 14:25:43.890000+00:00,0.3844,
2023-08-17 14:25:43.917000+00:00,0.0076,
2023-08-17 14:25:43.934000+00:00,0.0095,
2023-08-17 14:25:43.939000+00:00,0.3636,
2023-08-17 14:25:43.949000+00:00,,0.2302
2023-08-17 14:25:43.971000+00:00,,0.2281
2023-08-17 14:25:43.977000+00:00,0.0015,
2023-08-17 14:25:43.979000+00:00,,0.2299
2023-08-17 14:25:43.988000+00:00,,0.2273
2023-08-17 14:25:44.013000+00:00,0.001,
2023-08-17 14:25:44.014000+00:00,0.0025,
2023-08-17 14:25:44.016000+00:00,,0.2308
2023-08-17 14:25:44.059000+00:00,,0.2295
2023-08-17 14:25:44.065000+00:00,0.5811,
2023-08-17 14:25:44.066000+00:00,,0.2301
2023-08-17 14:25:44.073000+00:00,0.0015,
2023-08-17 14:25:44.082000+00:00,0.7626,
2023-08-17 14:25:44.085000+00:00,,0.3458
2023-08-17 14:25:44.094000+00:00,0.003,
2023-08-17 14:25:44.116000+00:00,,0.2287
2023-08-17 14:25:44.117000+00:00,,0.3947
2023-08-17 14:25:44.128000+00:00,,0.3034
2023-08-17 14:25:44.154000+00:00,,0.3276
2023-08-17 14:25:44.185000+00:00,0.002,
2023-08-17 14:25:44.196000+00:00,0.473,
2023-08-17 14:25:44.205000+00:00,0.0035,
2023-08-17 14:25:44.212000+00:00,,0.2271
2023-08-17 14:25:44.221000+00:00,,0.3442
2023-08-17 14:25:44.228000+00:00,0.0015,
2023-08-17 14:25:44.232000+00:00,,0.2292
2023-08-17 14:25:44.243000+00:00,0.0015,
2023-08-17 14:25:44.245000+00:00,0.0025,
2023-08-17 14:25:44.253000+00:00,,0.2272
2023-08-17 14:25:44.280000+00:00,,0.2295
2023-08-17 14:25:44.283000+00:00,,0.2923
2023-08-17 14:25:44.286000+00:00,,0.2331
2023-08-17 14:25:44.293000+00:00,0.0034999999999999996,
2023-08-17 14:25:44.309000+00:00,0.0015,
2023-08-17 14:25:44.337000+00:00,,0.2275
2023-08-17 14:25:44.342000+00:00,,0.2281
2023-08-17 14:25:44.347000+00:00,,0.2311
2023-08-17 14:25:44.352000+00:00,0.0015,
2023-08-17 14:25:44.371000+00:00,,0.3104
2023-08-17 14:25:44.415000+00:00,0.6587,
2023-08-17 14:25:44.447000+00:00,0.6375,
2023-08-17 14:25:44.451000+00:00,0.0025,
2023-08-17 14:25:44.452000+00:00,0.30955,
2023-08-17 14:25:44.471000+00:00,,0.3422
2023-08-17 14:25:44.481000+00:00,0.0005,
2023-08-17 14:25:44.482000+00:00,0.001,
2023-08-17 14:25:44.499000+00:00,,0.2289
2023-08-17 14:25:44.509000+00:00,0.002,
2023-08-17 14:25:44.518000+00:00,0.001,
2023-08-17 14:25:44.542000+00:00,0.0035,
2023-08-17 14:25:44.548000+00:00,,0.2308
2023-08-17 14:25:44.555000+00:00,0.7229,
2023-08-17 14:25:44.591000+00:00,0.0125,
2023-08-17 14:25:44.602000+00:00,0.0005,
2023-08-17 14:25:44.606000+00:00,,0.3439
2023-08-17 14:25:44.614000+00:00,,0.228
2023-08-17 14:25:44.620000+00:00,,0.2343
2023-08-17 14:25:44.628000+00:00,,0.2303
2023-08-17 14:25:44.636000+00:00,0.001,
2023-08-17 14:25:44.639000+00:00,0.003,
2023-08-17 14:25:44.657000+00:00,,0.2289
2023-08-17 14:25:44.664000+00:00,,0.2335
2023-08-17 14:25:44.675000+00:00,0.0035,
2023-08-17 14:25:44.676000+00:00,0.0015,
2023-08-17 14:25:44.685000+00:00,0.0005,
2023-08-17 14:25:44.752000+00:00,0.001,
2023-08-17 14:25:44.788000+00:00,,0.2925
2023-08-17 14:25:44.809000+00:00,,0.2292
2023-08-17 14:25:44.812000+00:00,0.0015,
2023-08-17 14:25:44.821000+00:00,0.0035,
2023-08-17 14:25:44.835000+00:00,,0.2297
2023-08-17 14:25:44.843000+00:00,0.001,
2023-08-17 14:25:44.848000+00:00,,0.2303
2023-08-17 14:25:44.866000+00:00,0.0,
2023-08-17 14:25:44.869000+00:00,0.0025,
2023-08-17 14:25:44.870000+00:00,,0.2289
2023-08-17 14:25:44.886000+00:00,,0.2291
2023-08-17 14:25:44.894000+00:00,,0.234
2023-08-17 14:25:44.909000+00:00,0.0005,0.2295
2023-08-17 14:25:44.925000+00:00,,0.341
2023-08-17 14:25:44.930000+00:00,,0.2308
2023-08-17 14:25:44.933000+00:00,,0.231
2023-08-17 14:25:44.941000+00:00,0.5384,
2023-08-17 14:25:44.943000+00:00,0.4086,
2023-08-17 14:25:44.951000+00:00,0.001,
2023-08-17 14:25:44.958000+00:00,0.0095,0.2314
2023-08-17 14:25:44.959000+00:00,0.0075,
2023-08-17 14:25:44.970000+00:00,,0.2312
2023-08-17 14:25:44.985000+00:00,,0.2307
2023-08-17 14:25:44.989000+00:00,,0.23185
2023-08-17 14:25:44.995000+00:00,0.5103,
2023-08-17 14:25:45.020000+00:00,,0.2347
2023-08-17 14:25:45.027000+00:00,0.0015,
2023-08-17 14:25:45.030000+00:00,0.3576,
2023-08-17 14:25:45.050000+00:00,0.2363,
2023-08-17 14:25:45.051000+00:00,0.001,
2023-08-17 14:25:45.056000+00:00,0.5557,
