@timestamp,memory,cpu
2023-08-02 08:37:28.452000+00:00,0.2276,
2023-08-02 08:37:28.453000+00:00,0.3015,
2023-08-02 08:37:28.498000+00:00,0.2285,
2023-08-02 08:37:28.508000+00:00,,0.0
2023-08-02 08:37:28.683000+00:00,,0.0015
2023-08-02 08:37:28.710000+00:00,0.22955,
2023-08-02 08:37:28.715000+00:00,0.3573,
2023-08-02 08:37:28.751000+00:00,,0.0015
2023-08-02 08:37:28.765000+00:00,0.2928,
2023-08-02 08:37:28.900000+00:00,,0.0005
2023-08-02 08:37:28.907000+00:00,,0.004
2023-08-02 08:37:28.940000+00:00,0.2297,
2023-08-02 08:37:28.978000+00:00,0.356,
2023-08-02 08:37:29.017000+00:00,0.2858,
2023-08-02 08:37:29.027000+00:00,,0.0005
2023-08-02 08:37:29.043000+00:00,0.4145,
2023-08-02 08:37:29.061000+00:00,0.2294,
2023-08-02 08:37:29.085000+00:00,,0.1953
2023-08-02 08:37:29.104000+00:00,,0.0311
2023-08-02 08:37:29.113000+00:00,,0.0025
2023-08-02 08:37:29.134000+00:00,,0.0
2023-08-02 08:37:29.220000+00:00,,0.0045
2023-08-02 08:37:29.238000+00:00,0.2285,
2023-08-02 08:37:29.338000+00:00,,0.0025
2023-08-02 08:37:29.343000+00:00,,0.3883
2023-08-02 08:37:29.372000+00:00,0.2279,
2023-08-02 08:37:29.373000+00:00,0.2868,
2023-08-02 08:37:29.394000+00:00,0.2319,
2023-08-02 08:37:29.432000+00:00,0.3832,
2023-08-02 08:37:29.489000+00:00,0.2282,
2023-08-02 08:37:29.497000+00:00,0.4134,
2023-08-02 08:37:29.527000+00:00,0.2314,
2023-08-02 08:37:29.528000+00:00,0.2308,
2023-08-02 08:37:29.533000+00:00,0.229,
2023-08-02 08:37:29.564000+00:00,,0.1502
2023-08-02 08:37:29.626000+00:00,,0.042
2023-08-02 08:37:29.656000+00:00,0.356,
2023-08-02 08:37:29.672000+00:00,0.2278,
2023-08-02 08:37:29.690000+00:00,,0.039
2023-08-02 08:37:29.734000+00:00,0.3558,
2023-08-02 08:37:29.751000+00:00,0.2915,
2023-08-02 08:37:29.767000+00:00,,0.0015
2023-08-02 08:37:29.775000+00:00,0.2267,
2023-08-02 08:37:29.816000+00:00,,0.0391
2023-08-02 08:37:29.828000+00:00,0.2295,
2023-08-02 08:37:29.844000+00:00,0.2281,0.0035
2023-08-02 08:37:29.864000+00:00,0.3556,
2023-08-02 08:37:29.882000+00:00,,0.0005
2023-08-02 08:37:29.953000+00:00,0.2301,
2023-08-02 08:37:30+00:00,0.2284,
2023-08-02 08:37:30.012000+00:00,0.319,
2023-08-02 08:37:30.025000+00:00,0.2296,
2023-08-02 08:37:30.100000+00:00,0.2266,
2023-08-02 08:37:30.116000+00:00,0.3136,
2023-08-02 08:37:30.119000+00:00,,0.1625
2023-08-02 08:37:30.126000+00:00,,0.0025
2023-08-02 08:37:30.154000+00:00,0.2286,
2023-08-02 08:37:30.170000+00:00,0.2292,
2023-08-02 08:37:30.184000+00:00,0.2337,
2023-08-02 08:37:30.230000+00:00,,0.002
2023-08-02 08:37:30.261000+00:00,0.4114,
2023-08-02 08:37:30.285000+00:00,,0.041
2023-08-02 08:37:30.297000+00:00,0.4075,
2023-08-02 08:37:30.311000+00:00,0.2286,
2023-08-02 08:37:30.330000+00:00,,0.0025
2023-08-02 08:37:30.345000+00:00,,0.0015
2023-08-02 08:37:30.353000+00:00,0.2321,
2023-08-02 08:37:30.375000+00:00,,0.1517
2023-08-02 08:37:30.417000+00:00,0.2271,
2023-08-02 08:37:30.423000+00:00,,0.0
2023-08-02 08:37:30.443000+00:00,0.3178,
2023-08-02 08:37:30.450000+00:00,,0.0301
2023-08-02 08:37:30.459000+00:00,0.3571,
2023-08-02 08:37:30.499000+00:00,,0.0005
2023-08-02 08:37:30.510000+00:00,,0.0005
2023-08-02 08:37:30.525000+00:00,,0.0025
2023-08-02 08:37:30.540000+00:00,,0.0276
2023-08-02 08:37:30.552000+00:00,,0.1701
2023-08-02 08:37:30.588000+00:00,,0.3799
2023-08-02 08:37:30.592000+00:00,,0.145
2023-08-02 08:37:30.599000+00:00,0.2318,
2023-08-02 08:37:30.612000+00:00,,0.2577
2023-08-02 08:37:30.629000+00:00,0.2279,
2023-08-02 08:37:30.663000+00:00,0.2937,
2023-08-02 08:37:30.667000+00:00,0.3373,
2023-08-02 08:37:30.677000+00:00,0.2293,
2023-08-02 08:37:30.720000+00:00,0.2315,
2023-08-02 08:37:30.754000+00:00,0.2279,
2023-08-02 08:37:30.791000+00:00,,0.3218
2023-08-02 08:37:30.805000+00:00,,0.1533
2023-08-02 08:37:30.819000+00:00,0.3587,
2023-08-02 08:37:30.821000+00:00,,0.2618
2023-08-02 08:37:30.840000+00:00,0.227,
2023-08-02 08:37:30.847000+00:00,,0.003
2023-08-02 08:37:30.855000+00:00,0.4016,
2023-08-02 08:37:30.868000+00:00,,0.2928
2023-08-02 08:37:30.889000+00:00,,0.0
2023-08-02 08:37:30.952000+00:00,,0.0275
2023-08-02 08:37:30.962000+00:00,,0.4089
2023-08-02 08:37:30.999000+00:00,,0.0015
2023-08-02 08:37:31.026000+00:00,0.2304,
2023-08-02 08:37:31.045000+00:00,,0.0015
2023-08-02 08:37:31.080000+00:00,,0.003
2023-08-02 08:37:31.101000+00:00,,0.003
2023-08-02 08:37:31.139000+00:00,,0.0015
2023-08-02 08:37:31.154000+00:00,0.3283,
2023-08-02 08:37:31.239000+00:00,0.2302,
2023-08-02 08:37:31.244000+00:00,0.3587,
2023-08-02 08:37:31.247000+00:00,,0.0035
2023-08-02 08:37:31.250000+00:00,0.3151,
2023-08-02 08:37:31.289000+00:00,0.3567,
2023-08-02 08:37:31.358000+00:00,,0.0025
2023-08-02 08:37:31.378000+00:00,,0.002
2023-08-02 08:37:31.415000+00:00,0.2286,
2023-08-02 08:37:31.437000+00:00,0.2289,
2023-08-02 08:37:31.463000+00:00,0.3135,
2023-08-02 08:37:31.498000+00:00,0.317,
2023-08-02 08:37:31.516000+00:00,,0.001
2023-08-02 08:37:31.525000+00:00,,0.0436
2023-08-02 08:37:31.548000+00:00,,0.002
2023-08-02 08:37:31.552000+00:00,,0.001
2023-08-02 08:37:31.576000+00:00,0.2309,
2023-08-02 08:37:31.590000+00:00,,0.388
2023-08-02 08:37:31.608000+00:00,,0.4781
2023-08-02 08:37:31.644000+00:00,,0.0015
2023-08-02 08:37:31.725000+00:00,,0.0
2023-08-02 08:37:31.797000+00:00,,0.178
2023-08-02 08:37:31.820000+00:00,,0.0528
2023-08-02 08:37:31.842000+00:00,0.23,
2023-08-02 08:37:31.863000+00:00,,0.0045
2023-08-02 08:37:31.917000+00:00,,0.001
2023-08-02 08:37:31.941000+00:00,0.2289,
2023-08-02 08:37:31.981000+00:00,,0.0005
2023-08-02 08:37:32.010000+00:00,0.3201,
2023-08-02 08:37:32.044000+00:00,,0.5871
2023-08-02 08:37:32.096000+00:00,,0.002
2023-08-02 08:37:32.141000+00:00,0.2264,
2023-08-02 08:37:32.150000+00:00,0.3609,
2023-08-02 08:37:32.168000+00:00,0.2284,
2023-08-02 08:37:32.199000+00:00,0.2282,
2023-08-02 08:37:32.200000+00:00,0.2267,
2023-08-02 08:37:32.227000+00:00,,0.001
2023-08-02 08:37:32.246000+00:00,0.3351,
2023-08-02 08:37:32.276000+00:00,,0.1701
2023-08-02 08:37:32.295000+00:00,,0.0005
2023-08-02 08:37:32.330000+00:00,0.2283,
2023-08-02 08:37:32.333000+00:00,,0.003
2023-08-02 08:37:32.334000+00:00,0.2284,
2023-08-02 08:37:32.339000+00:00,0.23,
2023-08-02 08:37:32.345000+00:00,0.2292,
2023-08-02 08:37:32.362000+00:00,,0.0005
2023-08-02 08:37:32.375000+00:00,0.2286,
2023-08-02 08:37:32.414000+00:00,0.2334,0.0025
2023-08-02 08:37:32.421000+00:00,0.4147,
2023-08-02 08:37:32.528000+00:00,,0.2247
2023-08-02 08:37:32.572000+00:00,,0.4353
2023-08-02 08:37:32.575000+00:00,0.227,
2023-08-02 08:37:32.576000+00:00,,0.3692
2023-08-02 08:37:32.630000+00:00,,0.0005
2023-08-02 08:37:32.678000+00:00,,0.1789
2023-08-02 08:37:32.717000+00:00,,0.3394
2023-08-02 08:37:32.747000+00:00,,0.0025
2023-08-02 08:37:32.780000+00:00,,0.1452
2023-08-02 08:37:32.784000+00:00,0.2315,
2023-08-02 08:37:32.787000+00:00,,0.001
2023-08-02 08:37:32.794000+00:00,0.4059,
2023-08-02 08:37:32.795000+00:00,0.2316,
2023-08-02 08:37:32.823000+00:00,,0.0005
2023-08-02 08:37:32.826000+00:00,0.2302,
2023-08-02 08:37:32.845000+00:00,,0.0846
2023-08-02 08:37:32.849000+00:00,0.3264,0.002
2023-08-02 08:37:32.886000+00:00,0.2261,
2023-08-02 08:37:32.899000+00:00,,0.001
2023-08-02 08:37:32.920000+00:00,,0.002
2023-08-02 08:37:32.931000+00:00,0.2295,
2023-08-02 08:37:32.992000+00:00,0.2331,
2023-08-02 08:37:33.024000+00:00,,0.0025
2023-08-02 08:37:33.038000+00:00,0.2295,
2023-08-02 08:37:33.051000+00:00,0.2294,
2023-08-02 08:37:33.073000+00:00,0.2948,
2023-08-02 08:37:33.085000+00:00,,0.001
2023-08-02 08:37:33.090000+00:00,0.2282,
2023-08-02 08:37:33.121000+00:00,,0.0005
2023-08-02 08:37:33.123000+00:00,0.2272,
2023-08-02 08:37:33.161000+00:00,,0.002
2023-08-02 08:37:33.175000+00:00,0.3627,
2023-08-02 08:37:33.205000+00:00,0.2984,
2023-08-02 08:37:33.246000+00:00,,0.1025
2023-08-02 08:37:33.249000+00:00,0.3284,
2023-08-02 08:37:33.263000+00:00,,0.1794
2023-08-02 08:37:33.269000+00:00,,0.0015
2023-08-02 08:37:33.296000+00:00,,0.0015
2023-08-02 08:37:33.311000+00:00,,0.001
2023-08-02 08:37:33.377000+00:00,,0.0
2023-08-02 08:37:33.393000+00:00,,0.0025
2023-08-02 08:37:33.452000+00:00,0.2276,
2023-08-02 08:37:33.453000+00:00,0.3246,
2023-08-02 08:37:33.498000+00:00,0.2285,
2023-08-02 08:37:33.508000+00:00,,0.0
2023-08-02 08:37:33.683000+00:00,,0.0015
2023-08-02 08:37:33.710000+00:00,0.22955,
2023-08-02 08:37:33.715000+00:00,0.364,
2023-08-02 08:37:33.751000+00:00,,0.0015
2023-08-02 08:37:33.765000+00:00,0.3024,
2023-08-02 08:37:33.900000+00:00,,0.001
2023-08-02 08:37:33.907000+00:00,,0.004
2023-08-02 08:37:33.940000+00:00,0.2297,
2023-08-02 08:37:33.979000+00:00,0.3655,
2023-08-02 08:37:34.017000+00:00,0.3577,
2023-08-02 08:37:34.027000+00:00,,0.001
2023-08-02 08:37:34.043000+00:00,0.4219,
2023-08-02 08:37:34.061000+00:00,0.2294,
2023-08-02 08:37:34.085000+00:00,,0.4019
2023-08-02 08:37:34.104000+00:00,,0.1422
2023-08-02 08:37:34.113000+00:00,,0.003
2023-08-02 08:37:34.134000+00:00,,0.001
2023-08-02 08:37:34.220000+00:00,,0.0015
2023-08-02 08:37:34.238000+00:00,0.2285,
2023-08-02 08:37:34.338000+00:00,,0.002
2023-08-02 08:37:34.343000+00:00,,0.638
2023-08-02 08:37:34.372000+00:00,0.228,
2023-08-02 08:37:34.373000+00:00,0.2972,
2023-08-02 08:37:34.394000+00:00,0.2319,
2023-08-02 08:37:34.432000+00:00,0.4102,
2023-08-02 08:37:34.489000+00:00,0.2282,
2023-08-02 08:37:34.497000+00:00,0.4235,
2023-08-02 08:37:34.527000+00:00,0.2314,
2023-08-02 08:37:34.528000+00:00,0.2309,
2023-08-02 08:37:34.533000+00:00,0.229,
2023-08-02 08:37:34.564000+00:00,,0.2342
2023-08-02 08:37:34.626000+00:00,,0.1474
2023-08-02 08:37:34.656000+00:00,0.3657,
2023-08-02 08:37:34.672000+00:00,0.2278,
2023-08-02 08:37:34.690000+00:00,,0.1452
2023-08-02 08:37:34.734000+00:00,0.3665,
2023-08-02 08:37:34.751000+00:00,0.3027,
2023-08-02 08:37:34.767000+00:00,,0.0015
2023-08-02 08:37:34.775000+00:00,0.2267,
2023-08-02 08:37:34.816000+00:00,,0.1506
2023-08-02 08:37:34.828000+00:00,0.2296,
2023-08-02 08:37:34.844000+00:00,0.2281,0.005
2023-08-02 08:37:34.864000+00:00,0.3656,
2023-08-02 08:37:34.882000+00:00,,0.001
2023-08-02 08:37:34.953000+00:00,0.2301,
2023-08-02 08:37:35+00:00,0.2284,
2023-08-02 08:37:35.012000+00:00,0.3004,
2023-08-02 08:37:35.025000+00:00,0.2296,
2023-08-02 08:37:35.100000+00:00,0.2266,
2023-08-02 08:37:35.117000+00:00,0.3274,
2023-08-02 08:37:35.119000+00:00,,0.1619
2023-08-02 08:37:35.126000+00:00,,0.0015
2023-08-02 08:37:35.154000+00:00,0.2286,
2023-08-02 08:37:35.170000+00:00,0.2292,
2023-08-02 08:37:35.184000+00:00,0.2337,
2023-08-02 08:37:35.230000+00:00,,0.0015
2023-08-02 08:37:35.261000+00:00,0.4228,
2023-08-02 08:37:35.285000+00:00,,0.1776
2023-08-02 08:37:35.297000+00:00,0.4183,
2023-08-02 08:37:35.311000+00:00,0.2286,
2023-08-02 08:37:35.330000+00:00,,0.003
2023-08-02 08:37:35.345000+00:00,,0.0
2023-08-02 08:37:35.353000+00:00,0.2321,
2023-08-02 08:37:35.375000+00:00,,0.1795
2023-08-02 08:37:35.417000+00:00,0.2271,
2023-08-02 08:37:35.423000+00:00,,0.0005
2023-08-02 08:37:35.443000+00:00,0.333,
2023-08-02 08:37:35.450000+00:00,,0.1871
2023-08-02 08:37:35.459000+00:00,0.3676,
2023-08-02 08:37:35.499000+00:00,,0.001
2023-08-02 08:37:35.510000+00:00,,0.0015
2023-08-02 08:37:35.525000+00:00,,0.0025
2023-08-02 08:37:35.540000+00:00,,0.1637
2023-08-02 08:37:35.552000+00:00,,0.2102
2023-08-02 08:37:35.588000+00:00,,0.5397
2023-08-02 08:37:35.592000+00:00,,0.3935
2023-08-02 08:37:35.599000+00:00,0.2318,
2023-08-02 08:37:35.612000+00:00,,0.5279
2023-08-02 08:37:35.629000+00:00,0.2279,
2023-08-02 08:37:35.663000+00:00,0.2985,
2023-08-02 08:37:35.667000+00:00,0.3036,
2023-08-02 08:37:35.677000+00:00,0.2293,
2023-08-02 08:37:35.720000+00:00,0.2315,
2023-08-02 08:37:35.754000+00:00,0.2279,
2023-08-02 08:37:35.791000+00:00,,0.4247
2023-08-02 08:37:35.805000+00:00,,0.1883
2023-08-02 08:37:35.819000+00:00,0.368,
2023-08-02 08:37:35.821000+00:00,,0.3224
2023-08-02 08:37:35.840000+00:00,0.227,
2023-08-02 08:37:35.847000+00:00,,0.0035
2023-08-02 08:37:35.855000+00:00,0.4134,
2023-08-02 08:37:35.868000+00:00,,0.3179
2023-08-02 08:37:35.889000+00:00,,0.003
2023-08-02 08:37:35.952000+00:00,,0.2111
2023-08-02 08:37:35.962000+00:00,,0.4915
2023-08-02 08:37:35.999000+00:00,,0.0015
2023-08-02 08:37:36.026000+00:00,0.2304,
2023-08-02 08:37:36.045000+00:00,,0.0
2023-08-02 08:37:36.080000+00:00,,0.0035
2023-08-02 08:37:36.101000+00:00,,0.001
2023-08-02 08:37:36.139000+00:00,,0.0005
2023-08-02 08:37:36.154000+00:00,0.3359,
2023-08-02 08:37:36.239000+00:00,0.2302,
2023-08-02 08:37:36.244000+00:00,0.3681,
2023-08-02 08:37:36.247000+00:00,,0.0035
2023-08-02 08:37:36.249000+00:00,0.3221,
2023-08-02 08:37:36.289000+00:00,0.3659,
2023-08-02 08:37:36.358000+00:00,,0.003
2023-08-02 08:37:36.378000+00:00,,0.0005
2023-08-02 08:37:36.415000+00:00,0.2286,
2023-08-02 08:37:36.437000+00:00,0.2289,
2023-08-02 08:37:36.463000+00:00,0.3181,
2023-08-02 08:37:36.498000+00:00,0.3229,
2023-08-02 08:37:36.516000+00:00,,0.0015
2023-08-02 08:37:36.525000+00:00,,0.2222
2023-08-02 08:37:36.548000+00:00,,0.0045
2023-08-02 08:37:36.552000+00:00,,0.002
2023-08-02 08:37:36.576000+00:00,0.2309,
2023-08-02 08:37:36.590000+00:00,,0.3448
2023-08-02 08:37:36.608000+00:00,,0.4514
2023-08-02 08:37:36.644000+00:00,,0.0015
2023-08-02 08:37:36.725000+00:00,,0.0
2023-08-02 08:37:36.797000+00:00,,0.4325
2023-08-02 08:37:36.820000+00:00,,0.2263
2023-08-02 08:37:36.842000+00:00,0.23,
2023-08-02 08:37:36.863000+00:00,,0.003
2023-08-02 08:37:36.917000+00:00,,0.002
2023-08-02 08:37:36.941000+00:00,0.2289,
2023-08-02 08:37:36.981000+00:00,,0.0005
2023-08-02 08:37:37.010000+00:00,0.3203,
2023-08-02 08:37:37.044000+00:00,,0.5695
2023-08-02 08:37:37.096000+00:00,,0.0005
2023-08-02 08:37:37.141000+00:00,0.2264,
2023-08-02 08:37:37.150000+00:00,0.3684,
2023-08-02 08:37:37.168000+00:00,0.2284,
2023-08-02 08:37:37.199000+00:00,0.2282,
2023-08-02 08:37:37.200000+00:00,0.2267,
2023-08-02 08:37:37.227000+00:00,,0.002
2023-08-02 08:37:37.246000+00:00,0.3034,
2023-08-02 08:37:37.276000+00:00,,0.1947
2023-08-02 08:37:37.295000+00:00,,0.0005
2023-08-02 08:37:37.330000+00:00,0.2283,
2023-08-02 08:37:37.333000+00:00,,0.0025
2023-08-02 08:37:37.334000+00:00,0.2284,
2023-08-02 08:37:37.339000+00:00,0.23,
2023-08-02 08:37:37.345000+00:00,0.2292,
2023-08-02 08:37:37.362000+00:00,,0.0
2023-08-02 08:37:37.375000+00:00,0.2286,
2023-08-02 08:37:37.414000+00:00,0.2334,0.0005
2023-08-02 08:37:37.421000+00:00,0.4247,
2023-08-02 08:37:37.528000+00:00,,0.1705
2023-08-02 08:37:37.572000+00:00,,0.3075
2023-08-02 08:37:37.575000+00:00,0.227,
2023-08-02 08:37:37.576000+00:00,,0.2358
2023-08-02 08:37:37.630000+00:00,,0.001
2023-08-02 08:37:37.678000+00:00,,0.1962
2023-08-02 08:37:37.717000+00:00,,0.5972
2023-08-02 08:37:37.747000+00:00,,0.002
2023-08-02 08:37:37.780000+00:00,,0.3205
2023-08-02 08:37:37.784000+00:00,0.233,
2023-08-02 08:37:37.787000+00:00,,0.001
2023-08-02 08:37:37.794000+00:00,0.4127,
2023-08-02 08:37:37.795000+00:00,0.2316,
2023-08-02 08:37:37.823000+00:00,,0.0015
2023-08-02 08:37:37.826000+00:00,0.2302,
2023-08-02 08:37:37.845000+00:00,,0.2539
2023-08-02 08:37:37.849000+00:00,0.3228,0.003
2023-08-02 08:37:37.886000+00:00,0.2278,
2023-08-02 08:37:37.899000+00:00,,0.004
2023-08-02 08:37:37.920000+00:00,,0.0015
2023-08-02 08:37:37.931000+00:00,0.2295,
2023-08-02 08:37:37.992000+00:00,0.2374,
2023-08-02 08:37:38.024000+00:00,,0.0025
2023-08-02 08:37:38.038000+00:00,0.2295,
2023-08-02 08:37:38.051000+00:00,0.2294,
2023-08-02 08:37:38.073000+00:00,0.2948,
2023-08-02 08:37:38.085000+00:00,,0.004
2023-08-02 08:37:38.090000+00:00,0.2282,
2023-08-02 08:37:38.121000+00:00,,0.006
2023-08-02 08:37:38.123000+00:00,0.2272,
2023-08-02 08:37:38.161000+00:00,,0.2137
2023-08-02 08:37:38.175000+00:00,0.3717,
2023-08-02 08:37:38.205000+00:00,0.3019,
2023-08-02 08:37:38.246000+00:00,,0.253
2023-08-02 08:37:38.249000+00:00,0.3233,
2023-08-02 08:37:38.263000+00:00,,0.3946
2023-08-02 08:37:38.269000+00:00,,0.0035
2023-08-02 08:37:38.296000+00:00,,0.0056
2023-08-02 08:37:38.311000+00:00,,0.0
2023-08-02 08:37:38.377000+00:00,,0.001
2023-08-02 08:37:38.393000+00:00,,0.008
2023-08-02 08:37:38.452000+00:00,0.2276,
2023-08-02 08:37:38.453000+00:00,0.3251,
2023-08-02 08:37:38.498000+00:00,0.2285,
2023-08-02 08:37:38.508000+00:00,,0.0005
2023-08-02 08:37:38.683000+00:00,,0.0005
2023-08-02 08:37:38.710000+00:00,0.22955,
2023-08-02 08:37:38.715000+00:00,0.3711,
2023-08-02 08:37:38.751000+00:00,,0.008
2023-08-02 08:37:38.765000+00:00,0.309,
2023-08-02 08:37:38.900000+00:00,,0.001
2023-08-02 08:37:38.907000+00:00,,0.0035
2023-08-02 08:37:38.940000+00:00,0.2297,
2023-08-02 08:37:38.978000+00:00,0.3708,
2023-08-02 08:37:39.017000+00:00,0.3098,
2023-08-02 08:37:39.027000+00:00,,0.0005
2023-08-02 08:37:39.043000+00:00,0.4297,
2023-08-02 08:37:39.061000+00:00,0.2294,
2023-08-02 08:37:39.085000+00:00,,0.1668
2023-08-02 08:37:39.104000+00:00,,0.265
2023-08-02 08:37:39.113000+00:00,,0.002
2023-08-02 08:37:39.134000+00:00,,0.0
2023-08-02 08:37:39.220000+00:00,,0.001
2023-08-02 08:37:39.238000+00:00,0.2333,
2023-08-02 08:37:39.338000+00:00,,0.0095
2023-08-02 08:37:39.343000+00:00,,0.4191
2023-08-02 08:37:39.372000+00:00,0.228,
2023-08-02 08:37:39.373000+00:00,0.3002,
2023-08-02 08:37:39.394000+00:00,0.2319,
2023-08-02 08:37:39.432000+00:00,0.415,
2023-08-02 08:37:39.489000+00:00,0.2282,
2023-08-02 08:37:39.497000+00:00,0.4398,
2023-08-02 08:37:39.527000+00:00,0.2314,
2023-08-02 08:37:39.528000+00:00,0.2309,
2023-08-02 08:37:39.533000+00:00,0.229,
2023-08-02 08:37:39.564000+00:00,,0.2329
2023-08-02 08:37:39.626000+00:00,,0.2623
2023-08-02 08:37:39.656000+00:00,0.3706,
2023-08-02 08:37:39.672000+00:00,0.2278,
2023-08-02 08:37:39.689000+00:00,,0.2633
2023-08-02 08:37:39.734000+00:00,0.3714,
2023-08-02 08:37:39.751000+00:00,0.3097,
2023-08-02 08:37:39.767000+00:00,,0.001
2023-08-02 08:37:39.775000+00:00,0.2267,
2023-08-02 08:37:39.816000+00:00,,0.2637
2023-08-02 08:37:39.828000+00:00,0.2296,
2023-08-02 08:37:39.844000+00:00,0.2281,0.004
2023-08-02 08:37:39.864000+00:00,0.3705,
2023-08-02 08:37:39.882000+00:00,,0.0005
2023-08-02 08:37:39.953000+00:00,0.2301,
2023-08-02 08:37:40+00:00,0.2284,
2023-08-02 08:37:40.012000+00:00,0.3058,
2023-08-02 08:37:40.025000+00:00,0.2296,
2023-08-02 08:37:40.100000+00:00,0.2266,
2023-08-02 08:37:40.117000+00:00,0.3272,
2023-08-02 08:37:40.119000+00:00,,0.1751
2023-08-02 08:37:40.126000+00:00,,0.002
2023-08-02 08:37:40.154000+00:00,0.2348,
2023-08-02 08:37:40.170000+00:00,0.2292,
2023-08-02 08:37:40.184000+00:00,0.2337,
2023-08-02 08:37:40.230000+00:00,,0.0025
2023-08-02 08:37:40.261000+00:00,0.4443,
2023-08-02 08:37:40.285000+00:00,,0.2633
2023-08-02 08:37:40.298000+00:00,0.429,
2023-08-02 08:37:40.311000+00:00,0.2286,
2023-08-02 08:37:40.330000+00:00,,0.0025
2023-08-02 08:37:40.345000+00:00,,0.0
2023-08-02 08:37:40.353000+00:00,0.2321,
2023-08-02 08:37:40.375000+00:00,,0.208
2023-08-02 08:37:40.417000+00:00,0.2271,
2023-08-02 08:37:40.423000+00:00,,0.0015
2023-08-02 08:37:40.443000+00:00,0.3306,
2023-08-02 08:37:40.450000+00:00,,0.3548
2023-08-02 08:37:40.459000+00:00,0.3724,
2023-08-02 08:37:40.499000+00:00,,0.001
2023-08-02 08:37:40.510000+00:00,,0.001
2023-08-02 08:37:40.525000+00:00,,0.0105
2023-08-02 08:37:40.540000+00:00,,0.2636
2023-08-02 08:37:40.552000+00:00,,0.2182
2023-08-02 08:37:40.588000+00:00,,0.788
2023-08-02 08:37:40.592000+00:00,,0.5396
2023-08-02 08:37:40.599000+00:00,0.2366,
2023-08-02 08:37:40.612000+00:00,,0.6188
2023-08-02 08:37:40.629000+00:00,0.2279,
2023-08-02 08:37:40.663000+00:00,0.3039,
2023-08-02 08:37:40.667000+00:00,0.3069,
2023-08-02 08:37:40.677000+00:00,0.2293,
2023-08-02 08:37:40.720000+00:00,0.2315,
2023-08-02 08:37:40.754000+00:00,0.2279,
2023-08-02 08:37:40.791000+00:00,,0.2683
2023-08-02 08:37:40.805000+00:00,,0.2132
2023-08-02 08:37:40.819000+00:00,0.3725,
2023-08-02 08:37:40.821000+00:00,,0.1554
2023-08-02 08:37:40.840000+00:00,0.227,
2023-08-02 08:37:40.847000+00:00,,0.001
2023-08-02 08:37:40.855000+00:00,0.4231,
2023-08-02 08:37:40.868000+00:00,,0.1648
2023-08-02 08:37:40.889000+00:00,,0.0
2023-08-02 08:37:40.952000+00:00,,0.3998
2023-08-02 08:37:40.962000+00:00,,0.3299
2023-08-02 08:37:40.999000+00:00,,0.002
2023-08-02 08:37:41.026000+00:00,0.2304,
2023-08-02 08:37:41.045000+00:00,,0.001
2023-08-02 08:37:41.080000+00:00,,0.0035
2023-08-02 08:37:41.101000+00:00,,0.0005
2023-08-02 08:37:41.139000+00:00,,0.0005
2023-08-02 08:37:41.154000+00:00,0.3339,
2023-08-02 08:37:41.239000+00:00,0.235,
2023-08-02 08:37:41.244000+00:00,0.3729,
2023-08-02 08:37:41.247000+00:00,,0.002
2023-08-02 08:37:41.249000+00:00,0.3215,
2023-08-02 08:37:41.289000+00:00,0.4077,
2023-08-02 08:37:41.358000+00:00,,0.002
2023-08-02 08:37:41.378000+00:00,,0.008
2023-08-02 08:37:41.415000+00:00,0.2286,
2023-08-02 08:37:41.437000+00:00,0.2289,
2023-08-02 08:37:41.463000+00:00,0.3186,
2023-08-02 08:37:41.498000+00:00,0.3255,
2023-08-02 08:37:41.516000+00:00,,0.0005
2023-08-02 08:37:41.525000+00:00,,0.264
2023-08-02 08:37:41.548000+00:00,,0.003
2023-08-02 08:37:41.552000+00:00,,0.006
2023-08-02 08:37:41.576000+00:00,0.2309,
2023-08-02 08:37:41.590000+00:00,,0.2266
2023-08-02 08:37:41.608000+00:00,,0.3209
2023-08-02 08:37:41.644000+00:00,,0.0005
2023-08-02 08:37:41.725000+00:00,,0.0005
2023-08-02 08:37:41.797000+00:00,,0.5605
2023-08-02 08:37:41.820000+00:00,,0.2632
2023-08-02 08:37:41.842000+00:00,0.23,
2023-08-02 08:37:41.863000+00:00,,0.001
2023-08-02 08:37:41.917000+00:00,,0.001
2023-08-02 08:37:41.941000+00:00,0.2289,
2023-08-02 08:37:41.981000+00:00,,0.001
2023-08-02 08:37:42.010000+00:00,0.3208,
2023-08-02 08:37:42.044000+00:00,,0.4317
2023-08-02 08:37:42.096000+00:00,,0.002
2023-08-02 08:37:42.141000+00:00,0.2265,
2023-08-02 08:37:42.150000+00:00,0.4164,
2023-08-02 08:37:42.168000+00:00,0.2365,
2023-08-02 08:37:42.199000+00:00,0.22744999999999999,
2023-08-02 08:37:42.227000+00:00,,0.0
2023-08-02 08:37:42.246000+00:00,0.3046,
2023-08-02 08:37:42.276000+00:00,,0.3138
2023-08-02 08:37:42.295000+00:00,,0.0005
2023-08-02 08:37:42.330000+00:00,0.2283,
2023-08-02 08:37:42.333000+00:00,,0.0005
2023-08-02 08:37:42.334000+00:00,0.2284,
2023-08-02 08:37:42.339000+00:00,0.2376,
2023-08-02 08:37:42.345000+00:00,0.2292,
2023-08-02 08:37:42.362000+00:00,,0.0005
2023-08-02 08:37:42.375000+00:00,0.2286,
2023-08-02 08:37:42.414000+00:00,0.2334,0.002
2023-08-02 08:37:42.421000+00:00,0.4355,
2023-08-02 08:37:42.528000+00:00,,0.3107
2023-08-02 08:37:42.572000+00:00,,0.2456
2023-08-02 08:37:42.575000+00:00,0.227,
2023-08-02 08:37:42.576000+00:00,,0.1606
2023-08-02 08:37:42.630000+00:00,,0.0015
2023-08-02 08:37:42.678000+00:00,,0.2816
2023-08-02 08:37:42.717000+00:00,,0.7423
2023-08-02 08:37:42.747000+00:00,,0.002
2023-08-02 08:37:42.780000+00:00,,0.3289
2023-08-02 08:37:42.784000+00:00,0.2422,
2023-08-02 08:37:42.787000+00:00,,0.001
2023-08-02 08:37:42.794000+00:00,0.4182,
2023-08-02 08:37:42.795000+00:00,0.2316,
2023-08-02 08:37:42.823000+00:00,,0.002
2023-08-02 08:37:42.826000+00:00,0.2302,
2023-08-02 08:37:42.845000+00:00,,0.4561
2023-08-02 08:37:42.849000+00:00,0.3233,0.003
2023-08-02 08:37:42.886000+00:00,0.2364,
2023-08-02 08:37:42.900000+00:00,,0.012
2023-08-02 08:37:42.920000+00:00,,0.004
2023-08-02 08:37:42.931000+00:00,0.2295,
2023-08-02 08:37:42.992000+00:00,0.2556,
2023-08-02 08:37:43.024000+00:00,,0.002
2023-08-02 08:37:43.038000+00:00,0.2295,
2023-08-02 08:37:43.051000+00:00,0.2295,
2023-08-02 08:37:43.073000+00:00,0.2946,
2023-08-02 08:37:43.085000+00:00,,0.004
2023-08-02 08:37:43.090000+00:00,0.2283,
2023-08-02 08:37:43.121000+00:00,,0.008
2023-08-02 08:37:43.123000+00:00,0.2272,
2023-08-02 08:37:43.161000+00:00,,0.2304
2023-08-02 08:37:43.175000+00:00,0.4901,
2023-08-02 08:37:43.205000+00:00,0.3078,
2023-08-02 08:37:43.246000+00:00,,0.2307
2023-08-02 08:37:43.249000+00:00,0.3245,
2023-08-02 08:37:43.263000+00:00,,0.4934
2023-08-02 08:37:43.269000+00:00,,0.003
2023-08-02 08:37:43.296000+00:00,,0.0075
2023-08-02 08:37:43.311000+00:00,,0.002
2023-08-02 08:37:43.377000+00:00,,0.0015
2023-08-02 08:37:43.393000+00:00,,0.01
2023-08-02 08:37:43.452000+00:00,0.2276,
2023-08-02 08:37:43.453000+00:00,0.328,
2023-08-02 08:37:43.498000+00:00,0.2286,
2023-08-02 08:37:43.508000+00:00,,0.001
2023-08-02 08:37:43.683000+00:00,,0.0005
2023-08-02 08:37:43.710000+00:00,0.22955,
2023-08-02 08:37:43.715000+00:00,0.348,
2023-08-02 08:37:43.751000+00:00,,0.009
2023-08-02 08:37:43.765000+00:00,0.2867,
2023-08-02 08:37:43.900000+00:00,,0.001
2023-08-02 08:37:43.907000+00:00,,0.0025
2023-08-02 08:37:43.940000+00:00,0.2297,
2023-08-02 08:37:43.978000+00:00,0.35,
2023-08-02 08:37:44.017000+00:00,0.3093,
2023-08-02 08:37:44.027000+00:00,,0.0015
2023-08-02 08:37:44.043000+00:00,0.4366,
2023-08-02 08:37:44.061000+00:00,0.2294,
2023-08-02 08:37:44.085000+00:00,,0.1704
2023-08-02 08:37:44.104000+00:00,,0.2223
2023-08-02 08:37:44.113000+00:00,,0.002
2023-08-02 08:37:44.134000+00:00,,0.0005
2023-08-02 08:37:44.220000+00:00,,0.0035
2023-08-02 08:37:44.238000+00:00,0.2401,
2023-08-02 08:37:44.338000+00:00,,0.0115
2023-08-02 08:37:44.343000+00:00,,0.4648
2023-08-02 08:37:44.372000+00:00,0.228,
2023-08-02 08:37:44.373000+00:00,0.3058,
2023-08-02 08:37:44.394000+00:00,0.2319,
2023-08-02 08:37:44.432000+00:00,0.4176,
2023-08-02 08:37:44.489000+00:00,0.2282,
2023-08-02 08:37:44.497000+00:00,0.4535,
2023-08-02 08:37:44.527000+00:00,0.2314,
2023-08-02 08:37:44.528000+00:00,0.2309,
2023-08-02 08:37:44.533000+00:00,0.229,
2023-08-02 08:37:44.564000+00:00,,0.3771
2023-08-02 08:37:44.626000+00:00,,0.2385
2023-08-02 08:37:44.656000+00:00,0.3522,
2023-08-02 08:37:44.672000+00:00,0.2278,
2023-08-02 08:37:44.690000+00:00,,0.2491
2023-08-02 08:37:44.734000+00:00,0.3516,
2023-08-02 08:37:44.751000+00:00,0.3104,
2023-08-02 08:37:44.767000+00:00,,0.00175
2023-08-02 08:37:44.775000+00:00,0.2267,
2023-08-02 08:37:44.816000+00:00,,0.2093
2023-08-02 08:37:44.828000+00:00,0.2296,
2023-08-02 08:37:44.844000+00:00,0.2281,0.003
2023-08-02 08:37:44.864000+00:00,0.3505,
2023-08-02 08:37:44.882000+00:00,,0.0
2023-08-02 08:37:44.953000+00:00,0.2301,
2023-08-02 08:37:45+00:00,0.2284,
2023-08-02 08:37:45.012000+00:00,0.3077,
2023-08-02 08:37:45.025000+00:00,0.2296,
2023-08-02 08:37:45.100000+00:00,0.2266,
2023-08-02 08:37:45.117000+00:00,0.3272,
2023-08-02 08:37:45.119000+00:00,,0.2851
2023-08-02 08:37:45.126000+00:00,,0.0035
2023-08-02 08:37:45.154000+00:00,0.239,
2023-08-02 08:37:45.170000+00:00,0.2292,
2023-08-02 08:37:45.184000+00:00,0.2337,
2023-08-02 08:37:45.230000+00:00,,0.0025
2023-08-02 08:37:45.261000+00:00,0.4233,
2023-08-02 08:37:45.285000+00:00,,0.2264
2023-08-02 08:37:45.297000+00:00,0.4063,
2023-08-02 08:37:45.311000+00:00,0.2286,
2023-08-02 08:37:45.330000+00:00,,0.003
2023-08-02 08:37:45.345000+00:00,,0.001
2023-08-02 08:37:45.353000+00:00,0.2321,
2023-08-02 08:37:45.375000+00:00,,0.2772
2023-08-02 08:37:45.417000+00:00,0.2271,
2023-08-02 08:37:45.423000+00:00,,0.0
2023-08-02 08:37:45.443000+00:00,0.3314,
2023-08-02 08:37:45.450000+00:00,,0.4907
2023-08-02 08:37:45.459000+00:00,0.3399,
2023-08-02 08:37:45.499000+00:00,,0.0166
2023-08-02 08:37:45.510000+00:00,,0.0005
2023-08-02 08:37:45.525000+00:00,,0.0115
2023-08-02 08:37:45.540000+00:00,,0.2361
2023-08-02 08:37:45.552000+00:00,,0.3058
2023-08-02 08:37:45.588000+00:00,,0.7365
2023-08-02 08:37:45.592000+00:00,,0.5599
2023-08-02 08:37:45.599000+00:00,0.2471,
2023-08-02 08:37:45.612000+00:00,,0.618
2023-08-02 08:37:45.629000+00:00,0.2279,
2023-08-02 08:37:45.663000+00:00,0.3077,
2023-08-02 08:37:45.667000+00:00,0.308,
2023-08-02 08:37:45.677000+00:00,0.2293,
2023-08-02 08:37:45.720000+00:00,0.2315,
2023-08-02 08:37:45.754000+00:00,0.228,
2023-08-02 08:37:45.791000+00:00,,0.2926
2023-08-02 08:37:45.805000+00:00,,0.304
2023-08-02 08:37:45.819000+00:00,0.3411,
2023-08-02 08:37:45.821000+00:00,,0.1878
2023-08-02 08:37:45.840000+00:00,0.227,
2023-08-02 08:37:45.847000+00:00,,0.0005
2023-08-02 08:37:45.855000+00:00,0.4093,
2023-08-02 08:37:45.868000+00:00,,0.1744
2023-08-02 08:37:45.889000+00:00,,0.002
2023-08-02 08:37:45.952000+00:00,,0.441
2023-08-02 08:37:45.962000+00:00,,0.3718
2023-08-02 08:37:45.999000+00:00,,0.002
2023-08-02 08:37:46.026000+00:00,0.2304,
2023-08-02 08:37:46.045000+00:00,,0.001
2023-08-02 08:37:46.080000+00:00,,0.003
2023-08-02 08:37:46.101000+00:00,,0.0005
2023-08-02 08:37:46.139000+00:00,,0.0015
2023-08-02 08:37:46.154000+00:00,0.3346,
2023-08-02 08:37:46.239000+00:00,0.2473,
2023-08-02 08:37:46.244000+00:00,0.3402,
2023-08-02 08:37:46.247000+00:00,,0.0025
2023-08-02 08:37:46.249000+00:00,0.3199,
2023-08-02 08:37:46.289000+00:00,0.4459,
2023-08-02 08:37:46.358000+00:00,,0.0025
2023-08-02 08:37:46.378000+00:00,,0.011
2023-08-02 08:37:46.415000+00:00,0.2287,
2023-08-02 08:37:46.437000+00:00,0.229,
2023-08-02 08:37:46.463000+00:00,0.3179,
2023-08-02 08:37:46.498000+00:00,0.3244,
2023-08-02 08:37:46.516000+00:00,,0.001
2023-08-02 08:37:46.525000+00:00,,0.2078
2023-08-02 08:37:46.548000+00:00,,0.0005
2023-08-02 08:37:46.552000+00:00,,0.003
2023-08-02 08:37:46.576000+00:00,0.2309,
2023-08-02 08:37:46.590000+00:00,,0.2701
2023-08-02 08:37:46.608000+00:00,,0.3553
2023-08-02 08:37:46.644000+00:00,,0.002
2023-08-02 08:37:46.725000+00:00,,0.0005
2023-08-02 08:37:46.797000+00:00,,0.5785
2023-08-02 08:37:46.820000+00:00,,0.2128
2023-08-02 08:37:46.842000+00:00,0.23,
2023-08-02 08:37:46.863000+00:00,,0.0025
2023-08-02 08:37:46.917000+00:00,,0.0005
2023-08-02 08:37:46.941000+00:00,0.2289,
2023-08-02 08:37:46.981000+00:00,,0.0005
2023-08-02 08:37:47.010000+00:00,0.32,
2023-08-02 08:37:47.044000+00:00,,0.4802
2023-08-02 08:37:47.096000+00:00,,0.001
2023-08-02 08:37:47.141000+00:00,0.2265,
2023-08-02 08:37:47.150000+00:00,0.3789,
2023-08-02 08:37:47.168000+00:00,0.2473,
2023-08-02 08:37:47.199000+00:00,0.2283,
2023-08-02 08:37:47.200000+00:00,0.2267,
2023-08-02 08:37:47.227000+00:00,,0.0015
2023-08-02 08:37:47.246000+00:00,0.3091,
2023-08-02 08:37:47.276000+00:00,,0.3325
2023-08-02 08:37:47.295000+00:00,,0.002
2023-08-02 08:37:47.330000+00:00,0.2284,
2023-08-02 08:37:47.333000+00:00,,0.001
2023-08-02 08:37:47.334000+00:00,0.2284,
2023-08-02 08:37:47.339000+00:00,0.2494,
2023-08-02 08:37:47.345000+00:00,0.2292,
2023-08-02 08:37:47.362000+00:00,,0.0005
2023-08-02 08:37:47.375000+00:00,0.2286,
2023-08-02 08:37:47.414000+00:00,0.2334,0.005
2023-08-02 08:37:47.421000+00:00,0.4162,
2023-08-02 08:37:47.528000+00:00,,0.3335
2023-08-02 08:37:47.572000+00:00,,0.2857
2023-08-02 08:37:47.575000+00:00,0.227,
2023-08-02 08:37:47.576000+00:00,,0.1897
2023-08-02 08:37:47.630000+00:00,,0.0035
2023-08-02 08:37:47.678000+00:00,,0.3048
2023-08-02 08:37:47.717000+00:00,,0.534
2023-08-02 08:37:47.747000+00:00,,0.002
2023-08-02 08:37:47.780000+00:00,,0.3296
2023-08-02 08:37:47.784000+00:00,0.2534,
2023-08-02 08:37:47.787000+00:00,,0.0005
2023-08-02 08:37:47.794000+00:00,0.3792,
2023-08-02 08:37:47.795000+00:00,0.2316,
2023-08-02 08:37:47.823000+00:00,,0.0025
2023-08-02 08:37:47.826000+00:00,0.2302,
2023-08-02 08:37:47.845000+00:00,,0.3466
2023-08-02 08:37:47.849000+00:00,0.3241,0.002
2023-08-02 08:37:47.886000+00:00,0.2482,
2023-08-02 08:37:47.899000+00:00,,0.0274
2023-08-02 08:37:47.920000+00:00,,0.0025
2023-08-02 08:37:47.931000+00:00,0.2295,
2023-08-02 08:37:47.992000+00:00,0.2815,
2023-08-02 08:37:48.024000+00:00,,0.0025
2023-08-02 08:37:48.038000+00:00,0.2295,
2023-08-02 08:37:48.051000+00:00,0.2295,
2023-08-02 08:37:48.073000+00:00,0.2946,
2023-08-02 08:37:48.085000+00:00,,0.003
2023-08-02 08:37:48.090000+00:00,0.2283,
2023-08-02 08:37:48.121000+00:00,,0.0296
2023-08-02 08:37:48.123000+00:00,0.2272,
2023-08-02 08:37:48.161000+00:00,,0.1577
2023-08-02 08:37:48.175000+00:00,0.3755,
2023-08-02 08:37:48.205000+00:00,0.3092,
2023-08-02 08:37:48.246000+00:00,,0.2332
2023-08-02 08:37:48.249000+00:00,0.3244,
2023-08-02 08:37:48.263000+00:00,,0.5696
2023-08-02 08:37:48.269000+00:00,,0.0015
2023-08-02 08:37:48.296000+00:00,,0.0361
2023-08-02 08:37:48.311000+00:00,,0.0
2023-08-02 08:37:48.377000+00:00,,0.0005
2023-08-02 08:37:48.393000+00:00,,0.036
2023-08-02 08:37:48.452000+00:00,0.2276,
2023-08-02 08:37:48.453000+00:00,0.3285,
2023-08-02 08:37:48.498000+00:00,0.2286,
2023-08-02 08:37:48.508000+00:00,,0.0005
2023-08-02 08:37:48.683000+00:00,,0.0
2023-08-02 08:37:48.710000+00:00,0.22955,
2023-08-02 08:37:48.715000+00:00,0.3321,
2023-08-02 08:37:48.751000+00:00,,0.039
2023-08-02 08:37:48.765000+00:00,0.2994,
2023-08-02 08:37:48.900000+00:00,,0.001
2023-08-02 08:37:48.907000+00:00,,0.003
2023-08-02 08:37:48.940000+00:00,0.2298,
2023-08-02 08:37:48.978000+00:00,0.3404,
2023-08-02 08:37:49.017000+00:00,0.3099,
2023-08-02 08:37:49.027000+00:00,,0.0015
2023-08-02 08:37:49.043000+00:00,0.4229,
2023-08-02 08:37:49.061000+00:00,0.2294,
2023-08-02 08:37:49.085000+00:00,,0.1737
2023-08-02 08:37:49.104000+00:00,,0.2498
2023-08-02 08:37:49.113000+00:00,,0.0025
2023-08-02 08:37:49.134000+00:00,,0.0005
2023-08-02 08:37:49.220000+00:00,,0.0025
2023-08-02 08:37:49.238000+00:00,0.2582,
2023-08-02 08:37:49.338000+00:00,,0.0632
2023-08-02 08:37:49.343000+00:00,,0.4516
2023-08-02 08:37:49.372000+00:00,0.228,
2023-08-02 08:37:49.373000+00:00,0.3069,
2023-08-02 08:37:49.394000+00:00,0.2319,
2023-08-02 08:37:49.432000+00:00,0.4057,
2023-08-02 08:37:49.489000+00:00,0.2282,
2023-08-02 08:37:49.497000+00:00,0.4289,
2023-08-02 08:37:49.527000+00:00,0.2314,
2023-08-02 08:37:49.528000+00:00,0.231,
2023-08-02 08:37:49.533000+00:00,0.229,
2023-08-02 08:37:49.564000+00:00,,0.3731
2023-08-02 08:37:49.626000+00:00,,0.2476
2023-08-02 08:37:49.656000+00:00,0.3413,
2023-08-02 08:37:49.672000+00:00,0.2278,
2023-08-02 08:37:49.690000+00:00,,0.2231
2023-08-02 08:37:49.734000+00:00,0.3404,
2023-08-02 08:37:49.751000+00:00,0.3102,
2023-08-02 08:37:49.767000+00:00,,0.002
2023-08-02 08:37:49.775000+00:00,0.2267,
2023-08-02 08:37:49.816000+00:00,,0.2437
2023-08-02 08:37:49.828000+00:00,0.2296,
2023-08-02 08:37:49.844000+00:00,0.2281,0.0015
2023-08-02 08:37:49.864000+00:00,0.3405,
2023-08-02 08:37:49.882000+00:00,,0.0015
2023-08-02 08:37:49.953000+00:00,0.2301,
2023-08-02 08:37:50+00:00,0.2284,
2023-08-02 08:37:50.012000+00:00,0.3078,
2023-08-02 08:37:50.025000+00:00,0.2296,
2023-08-02 08:37:50.100000+00:00,0.2266,
2023-08-02 08:37:50.117000+00:00,0.3279,
2023-08-02 08:37:50.119000+00:00,,0.3188
2023-08-02 08:37:50.126000+00:00,,0.0025
2023-08-02 08:37:50.154000+00:00,0.2518,
2023-08-02 08:37:50.170000+00:00,0.2292,
2023-08-02 08:37:50.184000+00:00,0.2337,
2023-08-02 08:37:50.230000+00:00,,0.0025
2023-08-02 08:37:50.261000+00:00,0.4059,
2023-08-02 08:37:50.285000+00:00,,0.2479
2023-08-02 08:37:50.297000+00:00,0.4102,
2023-08-02 08:37:50.311000+00:00,0.2286,
2023-08-02 08:37:50.330000+00:00,,0.002
2023-08-02 08:37:50.345000+00:00,,0.0005
2023-08-02 08:37:50.353000+00:00,0.2321,
2023-08-02 08:37:50.375000+00:00,,0.2989
2023-08-02 08:37:50.417000+00:00,0.2273,
2023-08-02 08:37:50.423000+00:00,,0.0
2023-08-02 08:37:50.443000+00:00,0.3306,
2023-08-02 08:37:50.450000+00:00,,0.3308
2023-08-02 08:37:50.459000+00:00,0.3456,
2023-08-02 08:37:50.499000+00:00,,0.002
2023-08-02 08:37:50.510000+00:00,,0.0005
2023-08-02 08:37:50.525000+00:00,,0.0733
2023-08-02 08:37:50.540000+00:00,,0.2184
2023-08-02 08:37:50.552000+00:00,,0.3288
2023-08-02 08:37:50.588000+00:00,,0.5427
2023-08-02 08:37:50.592000+00:00,,0.7265
2023-08-02 08:37:50.599000+00:00,0.2787,
2023-08-02 08:37:50.612000+00:00,,0.7342
2023-08-02 08:37:50.629000+00:00,0.2279,
2023-08-02 08:37:50.663000+00:00,0.3076,
2023-08-02 08:37:50.667000+00:00,0.3084,
2023-08-02 08:37:50.677000+00:00,0.2293,
2023-08-02 08:37:50.720000+00:00,0.2315,
2023-08-02 08:37:50.754000+00:00,0.2281,
2023-08-02 08:37:50.791000+00:00,,0.2907
2023-08-02 08:37:50.805000+00:00,,0.3156
2023-08-02 08:37:50.819000+00:00,0.3469,
2023-08-02 08:37:50.821000+00:00,,0.1787
2023-08-02 08:37:50.840000+00:00,0.2271,
2023-08-02 08:37:50.847000+00:00,,0.0005
2023-08-02 08:37:50.855000+00:00,0.3991,
2023-08-02 08:37:50.868000+00:00,,0.1674
2023-08-02 08:37:50.889000+00:00,,0.004
2023-08-02 08:37:50.952000+00:00,,0.3476
2023-08-02 08:37:50.962000+00:00,,0.365
2023-08-02 08:37:50.999000+00:00,,0.0
2023-08-02 08:37:51.026000+00:00,0.2304,
2023-08-02 08:37:51.045000+00:00,,0.0005
2023-08-02 08:37:51.080000+00:00,,0.0025
2023-08-02 08:37:51.101000+00:00,,0.001
2023-08-02 08:37:51.139000+00:00,,0.0005
2023-08-02 08:37:51.154000+00:00,0.3343,
2023-08-02 08:37:51.239000+00:00,0.285,
2023-08-02 08:37:51.244000+00:00,0.3466,
2023-08-02 08:37:51.247000+00:00,,0.003
2023-08-02 08:37:51.249000+00:00,0.3191,
2023-08-02 08:37:51.289000+00:00,0.3849,
2023-08-02 08:37:51.358000+00:00,,0.002
2023-08-02 08:37:51.378000+00:00,,0.0556
2023-08-02 08:37:51.415000+00:00,0.2287,
2023-08-02 08:37:51.437000+00:00,0.229,
2023-08-02 08:37:51.463000+00:00,0.3186,
2023-08-02 08:37:51.498000+00:00,0.3253,
2023-08-02 08:37:51.516000+00:00,,0.001
2023-08-02 08:37:51.525000+00:00,,0.2289
2023-08-02 08:37:51.548000+00:00,,0.003
2023-08-02 08:37:51.552000+00:00,,0.002
2023-08-02 08:37:51.576000+00:00,0.2309,
2023-08-02 08:37:51.590000+00:00,,0.2519
2023-08-02 08:37:51.608000+00:00,,0.3299
2023-08-02 08:37:51.644000+00:00,,0.003
2023-08-02 08:37:51.725000+00:00,,0.0
2023-08-02 08:37:51.797000+00:00,,0.7725
2023-08-02 08:37:51.820000+00:00,,0.1942
2023-08-02 08:37:51.842000+00:00,0.23,
2023-08-02 08:37:51.863000+00:00,,0.003
2023-08-02 08:37:51.917000+00:00,,0.001
2023-08-02 08:37:51.941000+00:00,0.2289,
2023-08-02 08:37:51.981000+00:00,,0.001
2023-08-02 08:37:52.010000+00:00,0.3209,
2023-08-02 08:37:52.044000+00:00,,0.4515
2023-08-02 08:37:52.096000+00:00,,0.0005
2023-08-02 08:37:52.141000+00:00,0.2265,
2023-08-02 08:37:52.150000+00:00,0.401,
2023-08-02 08:37:52.168000+00:00,0.2873,
2023-08-02 08:37:52.199000+00:00,0.2283,
2023-08-02 08:37:52.200000+00:00,0.2267,
2023-08-02 08:37:52.227000+00:00,,0.002
2023-08-02 08:37:52.246000+00:00,0.3091,
2023-08-02 08:37:52.276000+00:00,,0.3278
2023-08-02 08:37:52.295000+00:00,,0.0005
2023-08-02 08:37:52.330000+00:00,0.2284,
2023-08-02 08:37:52.333000+00:00,,0.001
2023-08-02 08:37:52.334000+00:00,0.2284,
2023-08-02 08:37:52.339000+00:00,0.2901,
2023-08-02 08:37:52.345000+00:00,0.2292,
2023-08-02 08:37:52.362000+00:00,,0.0
2023-08-02 08:37:52.375000+00:00,0.2286,
2023-08-02 08:37:52.414000+00:00,0.2334,0.004
2023-08-02 08:37:52.421000+00:00,0.4168,
2023-08-02 08:37:52.528000+00:00,,0.3135
2023-08-02 08:37:52.572000+00:00,,0.2623
2023-08-02 08:37:52.575000+00:00,0.227,
2023-08-02 08:37:52.576000+00:00,,0.1791
2023-08-02 08:37:52.630000+00:00,,0.003
2023-08-02 08:37:52.678000+00:00,,0.2924
2023-08-02 08:37:52.717000+00:00,,0.543
2023-08-02 08:37:52.747000+00:00,,0.002
2023-08-02 08:37:52.780000+00:00,,0.5647
2023-08-02 08:37:52.784000+00:00,0.2927,
2023-08-02 08:37:52.787000+00:00,,0.0015
2023-08-02 08:37:52.794000+00:00,0.4204,
2023-08-02 08:37:52.795000+00:00,0.2317,
2023-08-02 08:37:52.823000+00:00,,0.0015
2023-08-02 08:37:52.826000+00:00,0.2302,
2023-08-02 08:37:52.845000+00:00,,0.2711
2023-08-02 08:37:52.849000+00:00,0.3242,0.003
2023-08-02 08:37:52.886000+00:00,0.2879,
2023-08-02 08:37:52.899000+00:00,,0.1647
2023-08-02 08:37:52.920000+00:00,,0.003
2023-08-02 08:37:52.931000+00:00,0.2295,
2023-08-02 08:37:52.992000+00:00,0.3362,
2023-08-02 08:37:53.024000+00:00,,0.003
2023-08-02 08:37:53.038000+00:00,0.2295,
2023-08-02 08:37:53.051000+00:00,0.2295,
2023-08-02 08:37:53.073000+00:00,0.2946,
2023-08-02 08:37:53.085000+00:00,,0.0035
2023-08-02 08:37:53.090000+00:00,0.2283,
2023-08-02 08:37:53.121000+00:00,,0.1623
2023-08-02 08:37:53.123000+00:00,0.2272,
2023-08-02 08:37:53.161000+00:00,,0.3871
2023-08-02 08:37:53.175000+00:00,0.3982,
2023-08-02 08:37:53.205000+00:00,0.3091,
2023-08-02 08:37:53.246000+00:00,,0.1962
2023-08-02 08:37:53.249000+00:00,0.3239,
2023-08-02 08:37:53.263000+00:00,,0.7809
2023-08-02 08:37:53.269000+00:00,,0.002
2023-08-02 08:37:53.296000+00:00,,0.1524
2023-08-02 08:37:53.311000+00:00,,0.0005
2023-08-02 08:37:53.377000+00:00,,0.0005
2023-08-02 08:37:53.393000+00:00,,0.1484
2023-08-02 08:37:53.452000+00:00,0.2276,
2023-08-02 08:37:53.453000+00:00,0.3278,
2023-08-02 08:37:53.498000+00:00,0.2286,
2023-08-02 08:37:53.508000+00:00,,0.0005
2023-08-02 08:37:53.683000+00:00,,0.0005
