@timestamp,memory,cpu
2023-07-24 12:07:48.511000+00:00,0.2899,
2023-07-24 12:07:48.523000+00:00,,0.0005
2023-07-24 12:07:48.525000+00:00,0.2952,
2023-07-24 12:07:48.535000+00:00,0.2924,
2023-07-24 12:07:48.565000+00:00,,0.0035
2023-07-24 12:07:48.580000+00:00,0.2317,
2023-07-24 12:07:48.592000+00:00,,0.003
2023-07-24 12:07:48.620000+00:00,0.2328,
2023-07-24 12:07:48.626000+00:00,,0.003
2023-07-24 12:07:48.636000+00:00,0.2305,0.003
2023-07-24 12:07:48.642000+00:00,,0.0005
2023-07-24 12:07:48.646000+00:00,0.2348,
2023-07-24 12:07:48.669000+00:00,0.229,
2023-07-24 12:07:48.671000+00:00,,0.0035
2023-07-24 12:07:48.674000+00:00,,0.0005
2023-07-24 12:07:48.684000+00:00,,0.0005
2023-07-24 12:07:48.689000+00:00,,0.2481
2023-07-24 12:07:48.704000+00:00,,0.0035
2023-07-24 12:07:48.717000+00:00,,0.0025
2023-07-24 12:07:48.718000+00:00,0.2331,
2023-07-24 12:07:48.740000+00:00,0.22955,
2023-07-24 12:07:48.741000+00:00,,0.002
2023-07-24 12:07:48.744000+00:00,,0.0005
2023-07-24 12:07:48.760000+00:00,,0.0005
2023-07-24 12:07:48.766000+00:00,0.229,
2023-07-24 12:07:48.775000+00:00,0.2344,
2023-07-24 12:07:48.813000+00:00,,0.003
2023-07-24 12:07:48.825000+00:00,0.3128,
2023-07-24 12:07:48.866000+00:00,,0.002
2023-07-24 12:07:48.903000+00:00,0.2965,
2023-07-24 12:07:48.937000+00:00,0.229,
2023-07-24 12:07:48.946000+00:00,0.2341,
2023-07-24 12:07:48.947000+00:00,,0.0035
2023-07-24 12:07:48.962000+00:00,0.2273,
2023-07-24 12:07:48.970000+00:00,,0.0025
2023-07-24 12:07:48.971000+00:00,0.2974,
2023-07-24 12:07:48.988000+00:00,0.2346,
2023-07-24 12:07:49.002000+00:00,,0.0005
2023-07-24 12:07:49.007000+00:00,,0.1471
2023-07-24 12:07:49.009000+00:00,0.2295,
2023-07-24 12:07:49.013000+00:00,0.2975,
2023-07-24 12:07:49.036000+00:00,0.2282,
2023-07-24 12:07:49.058000+00:00,,0.0025
2023-07-24 12:07:49.062000+00:00,0.2288,
2023-07-24 12:07:49.079000+00:00,,0.001
2023-07-24 12:07:49.086000+00:00,,0.001
2023-07-24 12:07:49.096000+00:00,,0.0015
2023-07-24 12:07:49.116000+00:00,,0.0005
2023-07-24 12:07:49.123000+00:00,0.2303,
2023-07-24 12:07:49.129000+00:00,,0.0015
2023-07-24 12:07:49.144000+00:00,0.229,
2023-07-24 12:07:49.148000+00:00,0.2296,
2023-07-24 12:07:49.153000+00:00,0.2326,
2023-07-24 12:07:49.166000+00:00,,0.0015
2023-07-24 12:07:49.174000+00:00,0.2296,
2023-07-24 12:07:49.176000+00:00,,0.0
2023-07-24 12:07:49.189000+00:00,0.2289,
2023-07-24 12:07:49.203000+00:00,0.2307,
2023-07-24 12:07:49.205000+00:00,0.22999999999999998,
2023-07-24 12:07:49.220000+00:00,,0.0
2023-07-24 12:07:49.240000+00:00,0.2283,
2023-07-24 12:07:49.241000+00:00,0.2314,
2023-07-24 12:07:49.242000+00:00,,0.182
2023-07-24 12:07:49.256000+00:00,0.2269,
2023-07-24 12:07:49.272000+00:00,0.2315,
2023-07-24 12:07:49.273000+00:00,0.233,
2023-07-24 12:07:49.280000+00:00,,0.002
2023-07-24 12:07:49.302000+00:00,0.2355,
2023-07-24 12:07:49.303000+00:00,0.2295,
2023-07-24 12:07:49.309000+00:00,,0.0
2023-07-24 12:07:49.318000+00:00,0.2312,
2023-07-24 12:07:49.327000+00:00,0.229,
2023-07-24 12:07:49.342000+00:00,,0.003
2023-07-24 12:07:49.344000+00:00,,0.0005
2023-07-24 12:07:49.348000+00:00,,0.002
2023-07-24 12:07:49.350000+00:00,0.2921,
2023-07-24 12:07:49.351000+00:00,,0.2314
2023-07-24 12:07:49.354000+00:00,0.2947,
2023-07-24 12:07:49.416000+00:00,0.2287,
2023-07-24 12:07:49.438000+00:00,,0.0025
2023-07-24 12:07:49.445000+00:00,,0.2352
2023-07-24 12:07:49.447000+00:00,,0.004
2023-07-24 12:07:49.451000+00:00,0.2882,
2023-07-24 12:07:49.453000+00:00,0.3023,
2023-07-24 12:07:49.455000+00:00,,0.002
2023-07-24 12:07:49.462000+00:00,,0.0015
2023-07-24 12:07:49.468000+00:00,0.2303,
2023-07-24 12:07:49.473000+00:00,,0.5265
2023-07-24 12:07:49.476000+00:00,,0.5253
2023-07-24 12:07:49.485000+00:00,0.2928,
2023-07-24 12:07:49.494000+00:00,0.2303,
2023-07-24 12:07:49.497000+00:00,0.2299,
2023-07-24 12:07:49.502000+00:00,0.2309,
2023-07-24 12:07:49.505000+00:00,0.2319,
2023-07-24 12:07:49.509000+00:00,,0.5334
2023-07-24 12:07:49.517000+00:00,0.2955,
2023-07-24 12:07:49.519000+00:00,,0.0005
2023-07-24 12:07:49.524000+00:00,,0.0005
2023-07-24 12:07:49.551000+00:00,,0.5377
2023-07-24 12:07:49.552000+00:00,0.231,
2023-07-24 12:07:49.630000+00:00,0.2303,
2023-07-24 12:07:49.633000+00:00,0.294,
2023-07-24 12:07:49.643000+00:00,0.2284,
2023-07-24 12:07:49.676000+00:00,,0.0025
2023-07-24 12:07:49.691000+00:00,0.2307,
2023-07-24 12:07:49.708000+00:00,,0.0025
2023-07-24 12:07:49.712000+00:00,0.2281,
2023-07-24 12:07:49.739000+00:00,0.2331,
2023-07-24 12:07:49.742000+00:00,,0.0025
2023-07-24 12:07:49.766000+00:00,0.2341,
2023-07-24 12:07:49.774000+00:00,0.3064,
2023-07-24 12:07:49.783000+00:00,,0.0015
2023-07-24 12:07:49.793000+00:00,0.2317,
2023-07-24 12:07:49.830000+00:00,0.2291,
2023-07-24 12:07:49.837000+00:00,,0.002
2023-07-24 12:07:49.850000+00:00,0.2285,
2023-07-24 12:07:49.860000+00:00,,0.004
2023-07-24 12:07:49.867000+00:00,0.234,
2023-07-24 12:07:49.896000+00:00,0.2323,
2023-07-24 12:07:49.913000+00:00,0.2256,
2023-07-24 12:07:49.915000+00:00,,0.0005
2023-07-24 12:07:49.916000+00:00,0.2978,
2023-07-24 12:07:49.937000+00:00,,0.0025
2023-07-24 12:07:49.950000+00:00,,0.0005
2023-07-24 12:07:49.961000+00:00,,0.6076
2023-07-24 12:07:49.978000+00:00,0.306,
2023-07-24 12:07:49.979000+00:00,0.2975,
2023-07-24 12:07:49.984000+00:00,0.2237,
2023-07-24 12:07:50.023000+00:00,,0.003
2023-07-24 12:07:50.067000+00:00,,0.002
2023-07-24 12:07:50.091000+00:00,,0.003
2023-07-24 12:07:50.109000+00:00,0.2299,
2023-07-24 12:07:50.114000+00:00,,0.0015
2023-07-24 12:07:50.134000+00:00,0.2274,
2023-07-24 12:07:50.140000+00:00,0.2983,
2023-07-24 12:07:50.144000+00:00,0.2913,
2023-07-24 12:07:50.165000+00:00,0.2332,
2023-07-24 12:07:50.182000+00:00,0.3077,
2023-07-24 12:07:50.202000+00:00,,0.0
2023-07-24 12:07:50.228000+00:00,0.2316,
2023-07-24 12:07:50.229000+00:00,0.2338,
2023-07-24 12:07:50.239000+00:00,,0.0
2023-07-24 12:07:50.250000+00:00,0.2304,
2023-07-24 12:07:50.271000+00:00,0.2977,
2023-07-24 12:07:50.274000+00:00,,0.0015
2023-07-24 12:07:50.284000+00:00,0.2309,
2023-07-24 12:07:50.290000+00:00,0.3358,
2023-07-24 12:07:50.292000+00:00,,0.0025
2023-07-24 12:07:50.304000+00:00,,0.0005
2023-07-24 12:07:50.318000+00:00,,0.001
2023-07-24 12:07:50.338000+00:00,,0.6093
2023-07-24 12:07:50.343000+00:00,0.2302,
2023-07-24 12:07:50.347000+00:00,,0.001
2023-07-24 12:07:50.370000+00:00,0.2314,
2023-07-24 12:07:50.394000+00:00,0.228,
2023-07-24 12:07:50.396000+00:00,0.2317,
2023-07-24 12:07:50.410000+00:00,,0.0005
2023-07-24 12:07:50.428000+00:00,0.2313,
2023-07-24 12:07:50.449000+00:00,0.2286,
2023-07-24 12:07:50.469000+00:00,0.2947,
2023-07-24 12:07:50.484000+00:00,0.2338,
2023-07-24 12:07:50.488000+00:00,,0.0015
2023-07-24 12:07:50.491000+00:00,,0.002
2023-07-24 12:07:50.493000+00:00,,0.0035
2023-07-24 12:07:50.498000+00:00,0.3194,0.002
2023-07-24 12:07:50.524000+00:00,0.2271,
2023-07-24 12:07:50.540000+00:00,0.3702,
2023-07-24 12:07:50.553000+00:00,0.2943,
2023-07-24 12:07:50.566000+00:00,,0.002
2023-07-24 12:07:50.571000+00:00,0.2291,
2023-07-24 12:07:50.583000+00:00,,0.003
2023-07-24 12:07:50.604000+00:00,0.3419,
2023-07-24 12:07:50.608000+00:00,,0.0
2023-07-24 12:07:50.616000+00:00,0.3193,
2023-07-24 12:07:50.640000+00:00,,0.2185
2023-07-24 12:07:50.648000+00:00,0.2281,
2023-07-24 12:07:50.654000+00:00,,0.0005
2023-07-24 12:07:50.663000+00:00,,0.002
2023-07-24 12:07:50.664000+00:00,,0.0035
2023-07-24 12:07:50.667000+00:00,,0.001
2023-07-24 12:07:50.670000+00:00,,0.0005
2023-07-24 12:07:50.693000+00:00,,0.001
2023-07-24 12:07:50.704000+00:00,,0.0025
2023-07-24 12:07:50.742000+00:00,,0.0055
2023-07-24 12:07:50.784000+00:00,0.2269,
2023-07-24 12:07:50.785000+00:00,,0.0035
2023-07-24 12:07:50.788000+00:00,,0.0005
2023-07-24 12:07:50.792000+00:00,0.2293,
2023-07-24 12:07:50.796000+00:00,,0.0005
2023-07-24 12:07:50.820000+00:00,,0.002
2023-07-24 12:07:50.822000+00:00,,0.0015
2023-07-24 12:07:50.824000+00:00,0.2303,
2023-07-24 12:07:50.827000+00:00,,0.0015
2023-07-24 12:07:50.892000+00:00,,0.002
2023-07-24 12:07:50.939000+00:00,,0.001
2023-07-24 12:07:50.951000+00:00,,0.0015
2023-07-24 12:07:50.956000+00:00,,0.0005
2023-07-24 12:07:50.964000+00:00,,0.002
2023-07-24 12:07:50.976000+00:00,,0.0015
2023-07-24 12:07:50.986000+00:00,0.228,
2023-07-24 12:07:50.992000+00:00,,0.002
2023-07-24 12:07:50.999000+00:00,,0.0
2023-07-24 12:07:51.005000+00:00,0.2307,0.0005
2023-07-24 12:07:51.006000+00:00,0.2307,
2023-07-24 12:07:51.028000+00:00,0.2314,
2023-07-24 12:07:51.065000+00:00,,0.0
2023-07-24 12:07:51.071000+00:00,0.2302,
2023-07-24 12:07:51.080000+00:00,0.2295,
2023-07-24 12:07:51.093000+00:00,0.2281,
2023-07-24 12:07:51.103000+00:00,0.2285,
2023-07-24 12:07:51.121000+00:00,0.2294,
2023-07-24 12:07:51.124000+00:00,0.22895,
2023-07-24 12:07:51.139000+00:00,0.2303,
2023-07-24 12:07:51.160000+00:00,,0.0025
2023-07-24 12:07:51.199000+00:00,0.2284,
2023-07-24 12:07:51.200000+00:00,,0.0015
2023-07-24 12:07:51.222000+00:00,,0.0035
2023-07-24 12:07:51.252000+00:00,,0.001
2023-07-24 12:07:51.253000+00:00,,0.55
2023-07-24 12:07:51.257000+00:00,,0.0015
2023-07-24 12:07:51.258000+00:00,0.228,
2023-07-24 12:07:51.290000+00:00,0.3436,
2023-07-24 12:07:51.291000+00:00,0.2953,
2023-07-24 12:07:51.295000+00:00,0.2974,
2023-07-24 12:07:51.306000+00:00,0.2309,
2023-07-24 12:07:51.311000+00:00,,0.001
2023-07-24 12:07:51.318000+00:00,,0.002
2023-07-24 12:07:51.324000+00:00,0.2301,
2023-07-24 12:07:51.325000+00:00,0.3253,
2023-07-24 12:07:51.329000+00:00,0.23,
2023-07-24 12:07:51.330000+00:00,,0.001
2023-07-24 12:07:51.344000+00:00,,0.0005
2023-07-24 12:07:51.351000+00:00,,0.0
2023-07-24 12:07:51.353000+00:00,0.2309,
2023-07-24 12:07:51.376000+00:00,,0.003
2023-07-24 12:07:51.380000+00:00,0.2304,
2023-07-24 12:07:51.404000+00:00,,0.002
2023-07-24 12:07:51.405000+00:00,,0.2179
2023-07-24 12:07:51.417000+00:00,,0.0015
2023-07-24 12:07:51.423000+00:00,,0.001
2023-07-24 12:07:51.428000+00:00,0.2306,
2023-07-24 12:07:51.435000+00:00,,0.003
2023-07-24 12:07:51.439000+00:00,,0.6718
2023-07-24 12:07:51.442000+00:00,0.2284,
2023-07-24 12:07:51.463000+00:00,0.2297,
2023-07-24 12:07:51.483000+00:00,,0.0
2023-07-24 12:07:51.486000+00:00,,0.004
2023-07-24 12:07:51.497000+00:00,,0.0005
2023-07-24 12:07:51.499000+00:00,,0.001
2023-07-24 12:07:51.502000+00:00,0.2306,
2023-07-24 12:07:51.506000+00:00,,0.0025
2023-07-24 12:07:51.509000+00:00,,0.0
2023-07-24 12:07:51.514000+00:00,0.2299,
2023-07-24 12:07:51.520000+00:00,0.3616,
2023-07-24 12:07:51.528000+00:00,,0.0025
2023-07-24 12:07:51.530000+00:00,0.2346,0.0025
2023-07-24 12:07:51.531000+00:00,0.2295,
2023-07-24 12:07:51.556000+00:00,0.2301,
2023-07-24 12:07:51.560000+00:00,,0.0775
2023-07-24 12:07:51.596000+00:00,,0.003
2023-07-24 12:07:51.619000+00:00,0.2325,
2023-07-24 12:07:51.632000+00:00,,0.003
2023-07-24 12:07:51.639000+00:00,,0.0015
2023-07-24 12:07:51.674000+00:00,,0.32
2023-07-24 12:07:51.675000+00:00,0.2309,
2023-07-24 12:07:51.678000+00:00,0.2318,
2023-07-24 12:07:51.693000+00:00,0.229,
2023-07-24 12:07:51.706000+00:00,0.2987,
2023-07-24 12:07:51.726000+00:00,0.2303,
2023-07-24 12:07:51.727000+00:00,,0.0005
2023-07-24 12:07:51.732000+00:00,0.2302,
2023-07-24 12:07:51.771000+00:00,,0.2076
2023-07-24 12:07:51.774000+00:00,0.2311,
2023-07-24 12:07:51.777000+00:00,0.2292,
2023-07-24 12:07:51.780000+00:00,,0.002
2023-07-24 12:07:51.782000+00:00,0.2969,
2023-07-24 12:07:51.790000+00:00,0.2316,
2023-07-24 12:07:51.795000+00:00,0.2313,
2023-07-24 12:07:51.849000+00:00,0.2321,
2023-07-24 12:07:51.859000+00:00,,0.0
2023-07-24 12:07:51.871000+00:00,,0.002
2023-07-24 12:07:51.874000+00:00,0.2277,
2023-07-24 12:07:51.897000+00:00,,0.0005
2023-07-24 12:07:51.912000+00:00,0.2308,
2023-07-24 12:07:51.913000+00:00,0.2304,
2023-07-24 12:07:51.925000+00:00,,0.0
2023-07-24 12:07:51.977000+00:00,,0.001
2023-07-24 12:07:51.982000+00:00,0.2929,
2023-07-24 12:07:52.004000+00:00,0.2299,
2023-07-24 12:07:52.048000+00:00,,0.002
2023-07-24 12:07:52.061000+00:00,0.3316,
2023-07-24 12:07:52.088000+00:00,0.2946,
2023-07-24 12:07:52.126000+00:00,0.2933,
2023-07-24 12:07:52.136000+00:00,0.2295,
2023-07-24 12:07:52.149000+00:00,,0.0005
2023-07-24 12:07:52.162000+00:00,,0.2216
2023-07-24 12:07:52.176000+00:00,,0.0005
2023-07-24 12:07:52.185000+00:00,,0.003
2023-07-24 12:07:52.209000+00:00,,0.3703
2023-07-24 12:07:52.212000+00:00,,0.2312
2023-07-24 12:07:52.217000+00:00,0.3242,
2023-07-24 12:07:52.224000+00:00,0.2297,
2023-07-24 12:07:52.225000+00:00,,0.003
2023-07-24 12:07:52.262000+00:00,,0.0035
2023-07-24 12:07:52.268000+00:00,0.2294,
2023-07-24 12:07:52.273000+00:00,,0.0025
2023-07-24 12:07:52.293000+00:00,0.2975,
2023-07-24 12:07:52.312000+00:00,,0.0005
2023-07-24 12:07:52.328000+00:00,,0.003
2023-07-24 12:07:52.331000+00:00,,0.0005
2023-07-24 12:07:52.340000+00:00,,0.0025
2023-07-24 12:07:52.363000+00:00,0.2312,
2023-07-24 12:07:52.374000+00:00,,0.0
2023-07-24 12:07:52.377000+00:00,,0.0025
2023-07-24 12:07:52.387000+00:00,,0.0005
2023-07-24 12:07:52.398000+00:00,0.2271,
2023-07-24 12:07:52.408000+00:00,0.2284,0.0005
2023-07-24 12:07:52.416000+00:00,0.2312,
2023-07-24 12:07:52.438000+00:00,0.2354,
2023-07-24 12:07:52.450000+00:00,0.2242,
2023-07-24 12:07:52.455000+00:00,0.2968,
2023-07-24 12:07:52.490000+00:00,,0.002
2023-07-24 12:07:52.496000+00:00,,0.0
2023-07-24 12:07:52.505000+00:00,,0.0005
2023-07-24 12:07:52.539000+00:00,0.2296,
2023-07-24 12:07:52.574000+00:00,0.2266,
2023-07-24 12:07:52.578000+00:00,,0.0035
2023-07-24 12:07:52.584000+00:00,,0.6533
2023-07-24 12:07:52.592000+00:00,,0.0015
2023-07-24 12:07:52.593000+00:00,,0.002
2023-07-24 12:07:52.623000+00:00,,0.0
2023-07-24 12:07:52.625000+00:00,0.2291,
2023-07-24 12:07:52.651000+00:00,,0.001
2023-07-24 12:07:52.661000+00:00,,0.0
2023-07-24 12:07:52.677000+00:00,0.3335,
2023-07-24 12:07:52.680000+00:00,,0.7915
2023-07-24 12:07:52.694000+00:00,,0.0025
2023-07-24 12:07:52.706000+00:00,,0.0035
2023-07-24 12:07:52.725000+00:00,,0.0025
2023-07-24 12:07:52.734000+00:00,,0.0
2023-07-24 12:07:52.753000+00:00,0.2285,0.001
2023-07-24 12:07:52.771000+00:00,0.299,
2023-07-24 12:07:52.824000+00:00,,0.001
2023-07-24 12:07:52.842000+00:00,0.2979,
2023-07-24 12:07:52.882000+00:00,0.2298,
2023-07-24 12:07:52.899000+00:00,0.2287,
2023-07-24 12:07:52.912000+00:00,,0.003
2023-07-24 12:07:52.938000+00:00,0.2301,
2023-07-24 12:07:52.947000+00:00,,0.0005
2023-07-24 12:07:52.955000+00:00,0.2318,
2023-07-24 12:07:52.962000+00:00,,0.002
2023-07-24 12:07:52.969000+00:00,0.2267,
2023-07-24 12:07:53.002000+00:00,,0.001
2023-07-24 12:07:53.007000+00:00,,0.0
2023-07-24 12:07:53.034000+00:00,0.2278,
2023-07-24 12:07:53.035000+00:00,,0.0015
2023-07-24 12:07:53.049000+00:00,0.2291,
2023-07-24 12:07:53.079000+00:00,0.301,
2023-07-24 12:07:53.090000+00:00,0.2979,
2023-07-24 12:07:53.098000+00:00,0.2311,
2023-07-24 12:07:53.101000+00:00,,0.0025
2023-07-24 12:07:53.134000+00:00,,0.0035
2023-07-24 12:07:53.137000+00:00,,0.7423
2023-07-24 12:07:53.158000+00:00,0.2271,
2023-07-24 12:07:53.175000+00:00,,0.0
2023-07-24 12:07:53.186000+00:00,0.3045,
2023-07-24 12:07:53.233000+00:00,,0.002
2023-07-24 12:07:53.242000+00:00,,0.2687
2023-07-24 12:07:53.249000+00:00,,0.002
2023-07-24 12:07:53.278000+00:00,,0.0005
2023-07-24 12:07:53.297000+00:00,0.3253,
2023-07-24 12:07:53.305000+00:00,0.3337,
2023-07-24 12:07:53.308000+00:00,,0.0
2023-07-24 12:07:53.331000+00:00,,0.0015
2023-07-24 12:07:53.334000+00:00,0.2295,
2023-07-24 12:07:53.337000+00:00,,0.0025
2023-07-24 12:07:53.366000+00:00,0.2317,
2023-07-24 12:07:53.378000+00:00,0.2957,
2023-07-24 12:07:53.383000+00:00,,0.001
2023-07-24 12:07:53.395000+00:00,0.298,
2023-07-24 12:07:53.412000+00:00,0.2304,
2023-07-24 12:07:53.429000+00:00,,0.003
2023-07-24 12:07:53.475000+00:00,0.2308,
2023-07-24 12:07:53.480000+00:00,,0.7494
2023-07-24 12:07:53.489000+00:00,0.2298,
2023-07-24 12:07:53.493000+00:00,0.2316,
2023-07-24 12:07:53.501000+00:00,,0.003
2023-07-24 12:07:53.505000+00:00,0.293,
2023-07-24 12:07:53.510000+00:00,0.2971,
2023-07-24 12:07:53.523000+00:00,,0.0015
2023-07-24 12:07:53.525000+00:00,0.2952,
2023-07-24 12:07:53.535000+00:00,0.2924,
2023-07-24 12:07:53.565000+00:00,,0.0025
2023-07-24 12:07:53.580000+00:00,0.2317,
2023-07-24 12:07:53.592000+00:00,,0.0035
2023-07-24 12:07:53.620000+00:00,0.2328,
2023-07-24 12:07:53.626000+00:00,,0.0025
2023-07-24 12:07:53.636000+00:00,0.2305,0.003
2023-07-24 12:07:53.642000+00:00,,0.001
2023-07-24 12:07:53.646000+00:00,0.2348,
2023-07-24 12:07:53.669000+00:00,0.229,
2023-07-24 12:07:53.671000+00:00,,0.0035
2023-07-24 12:07:53.674000+00:00,,0.0
2023-07-24 12:07:53.684000+00:00,,0.0015
2023-07-24 12:07:53.689000+00:00,,0.393
2023-07-24 12:07:53.704000+00:00,,0.002
2023-07-24 12:07:53.717000+00:00,,0.003
2023-07-24 12:07:53.718000+00:00,0.2331,
2023-07-24 12:07:53.740000+00:00,0.22955,
2023-07-24 12:07:53.741000+00:00,,0.002
2023-07-24 12:07:53.744000+00:00,,0.0015
2023-07-24 12:07:53.760000+00:00,,0.0
2023-07-24 12:07:53.766000+00:00,0.229,
2023-07-24 12:07:53.775000+00:00,0.2344,
2023-07-24 12:07:53.813000+00:00,,0.0025
2023-07-24 12:07:53.825000+00:00,0.3465,
2023-07-24 12:07:53.867000+00:00,,0.0035
2023-07-24 12:07:53.903000+00:00,0.2965,
2023-07-24 12:07:53.937000+00:00,0.229,
2023-07-24 12:07:53.946000+00:00,0.2341,
2023-07-24 12:07:53.947000+00:00,,0.002
2023-07-24 12:07:53.962000+00:00,0.2273,
2023-07-24 12:07:53.970000+00:00,,0.0025
2023-07-24 12:07:53.971000+00:00,0.2974,
2023-07-24 12:07:53.988000+00:00,0.2347,
2023-07-24 12:07:54.002000+00:00,,0.001
2023-07-24 12:07:54.007000+00:00,,0.2678
2023-07-24 12:07:54.009000+00:00,0.2295,
2023-07-24 12:07:54.013000+00:00,0.2975,
2023-07-24 12:07:54.036000+00:00,0.2282,
2023-07-24 12:07:54.058000+00:00,,0.003
2023-07-24 12:07:54.062000+00:00,0.2288,
2023-07-24 12:07:54.079000+00:00,,0.001
2023-07-24 12:07:54.086000+00:00,,0.0
2023-07-24 12:07:54.096000+00:00,,0.0
2023-07-24 12:07:54.116000+00:00,,0.0005
2023-07-24 12:07:54.123000+00:00,0.2303,
2023-07-24 12:07:54.129000+00:00,,0.0005
2023-07-24 12:07:54.144000+00:00,0.229,
2023-07-24 12:07:54.148000+00:00,0.2296,
2023-07-24 12:07:54.153000+00:00,0.2326,
2023-07-24 12:07:54.166000+00:00,,0.0005
2023-07-24 12:07:54.174000+00:00,0.2296,
2023-07-24 12:07:54.176000+00:00,,0.0005
2023-07-24 12:07:54.189000+00:00,0.229,
2023-07-24 12:07:54.203000+00:00,0.2307,
2023-07-24 12:07:54.205000+00:00,0.22999999999999998,
2023-07-24 12:07:54.220000+00:00,,0.001
2023-07-24 12:07:54.240000+00:00,0.2284,
2023-07-24 12:07:54.241000+00:00,0.2314,
2023-07-24 12:07:54.242000+00:00,,0.3526
2023-07-24 12:07:54.256000+00:00,0.2269,
2023-07-24 12:07:54.272000+00:00,0.2315,
2023-07-24 12:07:54.273000+00:00,0.233,
2023-07-24 12:07:54.280000+00:00,,0.0
2023-07-24 12:07:54.302000+00:00,0.2355,
2023-07-24 12:07:54.303000+00:00,0.2295,
2023-07-24 12:07:54.309000+00:00,,0.0
2023-07-24 12:07:54.318000+00:00,0.2313,
2023-07-24 12:07:54.327000+00:00,0.229,
2023-07-24 12:07:54.342000+00:00,,0.0035
2023-07-24 12:07:54.344000+00:00,,0.001
2023-07-24 12:07:54.348000+00:00,,0.002
2023-07-24 12:07:54.350000+00:00,0.2921,
2023-07-24 12:07:54.351000+00:00,,0.0855
2023-07-24 12:07:54.354000+00:00,0.2947,
2023-07-24 12:07:54.416000+00:00,0.2287,
2023-07-24 12:07:54.438000+00:00,,0.0025
2023-07-24 12:07:54.445000+00:00,,0.186
2023-07-24 12:07:54.447000+00:00,,0.0035
2023-07-24 12:07:54.451000+00:00,0.2985,
2023-07-24 12:07:54.453000+00:00,0.31265,
2023-07-24 12:07:54.455000+00:00,,0.003
2023-07-24 12:07:54.462000+00:00,,0.0025
2023-07-24 12:07:54.468000+00:00,0.2303,
2023-07-24 12:07:54.473000+00:00,,0.8455
2023-07-24 12:07:54.476000+00:00,,0.8629
2023-07-24 12:07:54.485000+00:00,0.2928,
2023-07-24 12:07:54.493000+00:00,0.2304,
2023-07-24 12:07:54.497000+00:00,0.2299,
2023-07-24 12:07:54.502000+00:00,0.2309,
2023-07-24 12:07:54.505000+00:00,0.2319,
2023-07-24 12:07:54.509000+00:00,,0.8471
2023-07-24 12:07:54.517000+00:00,0.2955,
2023-07-24 12:07:54.519000+00:00,,0.0005
2023-07-24 12:07:54.524000+00:00,,0.0015
2023-07-24 12:07:54.551000+00:00,,0.8603
2023-07-24 12:07:54.552000+00:00,0.231,
2023-07-24 12:07:54.630000+00:00,0.2303,
2023-07-24 12:07:54.633000+00:00,0.294,
2023-07-24 12:07:54.643000+00:00,0.2284,
2023-07-24 12:07:54.676000+00:00,,0.002
2023-07-24 12:07:54.691000+00:00,0.2307,
2023-07-24 12:07:54.708000+00:00,,0.003
2023-07-24 12:07:54.712000+00:00,0.2281,
2023-07-24 12:07:54.739000+00:00,0.2331,
2023-07-24 12:07:54.742000+00:00,,0.0035
2023-07-24 12:07:54.766000+00:00,0.2341,
2023-07-24 12:07:54.774000+00:00,0.3271,
2023-07-24 12:07:54.783000+00:00,,0.002
2023-07-24 12:07:54.793000+00:00,0.2317,
2023-07-24 12:07:54.830000+00:00,0.2291,
2023-07-24 12:07:54.837000+00:00,,0.003
2023-07-24 12:07:54.850000+00:00,0.2285,
2023-07-24 12:07:54.860000+00:00,,0.0015
2023-07-24 12:07:54.867000+00:00,0.234,
2023-07-24 12:07:54.896000+00:00,0.2323,
2023-07-24 12:07:54.913000+00:00,0.2256,
2023-07-24 12:07:54.915000+00:00,,0.001
2023-07-24 12:07:54.916000+00:00,0.2986,
2023-07-24 12:07:54.937000+00:00,,0.0025
2023-07-24 12:07:54.950000+00:00,,0.001
2023-07-24 12:07:54.961000+00:00,,0.8317
2023-07-24 12:07:54.978000+00:00,0.3262,
2023-07-24 12:07:54.979000+00:00,0.2975,
2023-07-24 12:07:54.984000+00:00,0.2237,
2023-07-24 12:07:55.023000+00:00,,0.003
2023-07-24 12:07:55.067000+00:00,,0.0085
2023-07-24 12:07:55.091000+00:00,,0.002
2023-07-24 12:07:55.109000+00:00,0.2299,
2023-07-24 12:07:55.114000+00:00,,0.0
2023-07-24 12:07:55.134000+00:00,0.2274,
2023-07-24 12:07:55.140000+00:00,0.3046,
2023-07-24 12:07:55.144000+00:00,0.2913,
2023-07-24 12:07:55.165000+00:00,0.2332,
2023-07-24 12:07:55.182000+00:00,0.3305,
2023-07-24 12:07:55.202000+00:00,,0.001
2023-07-24 12:07:55.228000+00:00,0.2316,
2023-07-24 12:07:55.229000+00:00,0.2338,
2023-07-24 12:07:55.239000+00:00,,0.001
2023-07-24 12:07:55.250000+00:00,0.2304,
2023-07-24 12:07:55.271000+00:00,0.2977,
2023-07-24 12:07:55.274000+00:00,,0.001
2023-07-24 12:07:55.284000+00:00,0.2315,
2023-07-24 12:07:55.290000+00:00,0.304,
2023-07-24 12:07:55.292000+00:00,,0.0045
2023-07-24 12:07:55.304000+00:00,,0.0025
2023-07-24 12:07:55.318000+00:00,,0.0005
2023-07-24 12:07:55.338000+00:00,,0.8336
2023-07-24 12:07:55.343000+00:00,0.2302,
2023-07-24 12:07:55.347000+00:00,,0.0
2023-07-24 12:07:55.370000+00:00,0.2314,
2023-07-24 12:07:55.394000+00:00,0.228,
2023-07-24 12:07:55.396000+00:00,0.2317,
2023-07-24 12:07:55.410000+00:00,,0.001
2023-07-24 12:07:55.428000+00:00,0.2313,
2023-07-24 12:07:55.448000+00:00,0.2287,
2023-07-24 12:07:55.469000+00:00,0.2947,
2023-07-24 12:07:55.484000+00:00,0.2338,
2023-07-24 12:07:55.488000+00:00,,0.0035
2023-07-24 12:07:55.491000+00:00,,0.0025
2023-07-24 12:07:55.493000+00:00,,0.0025
2023-07-24 12:07:55.498000+00:00,0.3371,0.001
2023-07-24 12:07:55.524000+00:00,0.2271,
2023-07-24 12:07:55.540000+00:00,0.312,
2023-07-24 12:07:55.553000+00:00,0.2943,
2023-07-24 12:07:55.566000+00:00,,0.0035
2023-07-24 12:07:55.571000+00:00,0.2291,
2023-07-24 12:07:55.583000+00:00,,0.003
2023-07-24 12:07:55.604000+00:00,0.3086,
2023-07-24 12:07:55.608000+00:00,,0.0
2023-07-24 12:07:55.616000+00:00,0.3345,
2023-07-24 12:07:55.640000+00:00,,0.227
2023-07-24 12:07:55.648000+00:00,0.2323,
2023-07-24 12:07:55.654000+00:00,,0.0005
2023-07-24 12:07:55.663000+00:00,,0.0025
2023-07-24 12:07:55.664000+00:00,,0.002
2023-07-24 12:07:55.667000+00:00,,0.0
2023-07-24 12:07:55.670000+00:00,,0.002
2023-07-24 12:07:55.693000+00:00,,0.001
2023-07-24 12:07:55.704000+00:00,,0.004
2023-07-24 12:07:55.742000+00:00,,0.0025
2023-07-24 12:07:55.784000+00:00,0.2269,
2023-07-24 12:07:55.785000+00:00,,0.0045
2023-07-24 12:07:55.788000+00:00,,0.007
2023-07-24 12:07:55.792000+00:00,0.2293,
2023-07-24 12:07:55.796000+00:00,,0.0075
2023-07-24 12:07:55.820000+00:00,,0.0015
2023-07-24 12:07:55.822000+00:00,,0.0015
2023-07-24 12:07:55.824000+00:00,0.2303,
2023-07-24 12:07:55.827000+00:00,,0.0015
2023-07-24 12:07:55.892000+00:00,,0.004
2023-07-24 12:07:55.939000+00:00,,0.0
2023-07-24 12:07:55.951000+00:00,,0.003
2023-07-24 12:07:55.956000+00:00,,0.001
2023-07-24 12:07:55.964000+00:00,,0.0015
2023-07-24 12:07:55.976000+00:00,,0.0005
2023-07-24 12:07:55.986000+00:00,0.228,
2023-07-24 12:07:55.992000+00:00,,0.004
2023-07-24 12:07:55.999000+00:00,,0.0075
2023-07-24 12:07:56.005000+00:00,0.2307,0.003
2023-07-24 12:07:56.006000+00:00,0.2307,
2023-07-24 12:07:56.028000+00:00,0.2314,
2023-07-24 12:07:56.065000+00:00,,0.001
2023-07-24 12:07:56.071000+00:00,0.2302,
2023-07-24 12:07:56.080000+00:00,0.2295,
2023-07-24 12:07:56.093000+00:00,0.2281,
2023-07-24 12:07:56.103000+00:00,0.2285,
2023-07-24 12:07:56.121000+00:00,0.2294,
2023-07-24 12:07:56.124000+00:00,0.22899999999999998,
2023-07-24 12:07:56.139000+00:00,0.2304,
2023-07-24 12:07:56.160000+00:00,,0.0025
2023-07-24 12:07:56.199000+00:00,0.2284,
2023-07-24 12:07:56.200000+00:00,,0.0005
2023-07-24 12:07:56.222000+00:00,,0.0025
2023-07-24 12:07:56.252000+00:00,,0.005
2023-07-24 12:07:56.253000+00:00,,0.7857
2023-07-24 12:07:56.257000+00:00,,0.0015
2023-07-24 12:07:56.258000+00:00,0.228,
2023-07-24 12:07:56.290000+00:00,0.3084,
2023-07-24 12:07:56.291000+00:00,0.2977,
2023-07-24 12:07:56.295000+00:00,0.2974,
2023-07-24 12:07:56.306000+00:00,0.2357,
2023-07-24 12:07:56.311000+00:00,,0.001
2023-07-24 12:07:56.318000+00:00,,0.004
2023-07-24 12:07:56.324000+00:00,0.2301,
2023-07-24 12:07:56.325000+00:00,0.349,
2023-07-24 12:07:56.329000+00:00,0.23,
2023-07-24 12:07:56.330000+00:00,,0.0015
2023-07-24 12:07:56.344000+00:00,,0.0
2023-07-24 12:07:56.351000+00:00,,0.0005
2023-07-24 12:07:56.353000+00:00,0.2309,
2023-07-24 12:07:56.376000+00:00,,0.003
2023-07-24 12:07:56.380000+00:00,0.2304,
2023-07-24 12:07:56.404000+00:00,,0.002
2023-07-24 12:07:56.405000+00:00,,0.1111
2023-07-24 12:07:56.417000+00:00,,0.0015
2023-07-24 12:07:56.423000+00:00,,0.0
2023-07-24 12:07:56.428000+00:00,0.2306,
2023-07-24 12:07:56.435000+00:00,,0.0025
2023-07-24 12:07:56.439000+00:00,,0.8686
2023-07-24 12:07:56.442000+00:00,0.2284,
2023-07-24 12:07:56.463000+00:00,0.2297,
2023-07-24 12:07:56.483000+00:00,,0.0
2023-07-24 12:07:56.486000+00:00,,0.0
2023-07-24 12:07:56.497000+00:00,,0.0015
2023-07-24 12:07:56.499000+00:00,,0.004
2023-07-24 12:07:56.502000+00:00,0.2306,
2023-07-24 12:07:56.506000+00:00,,0.0035
2023-07-24 12:07:56.509000+00:00,,0.002
2023-07-24 12:07:56.514000+00:00,0.2299,
2023-07-24 12:07:56.520000+00:00,0.3656,
2023-07-24 12:07:56.528000+00:00,,0.0035
2023-07-24 12:07:56.530000+00:00,0.2346,0.001
2023-07-24 12:07:56.531000+00:00,0.2295,
2023-07-24 12:07:56.556000+00:00,0.2301,
2023-07-24 12:07:56.560000+00:00,,0.004
2023-07-24 12:07:56.596000+00:00,,0.0035
2023-07-24 12:07:56.619000+00:00,0.2325,
2023-07-24 12:07:56.632000+00:00,,0.0104
2023-07-24 12:07:56.639000+00:00,,0.001
2023-07-24 12:07:56.674000+00:00,,0.3111
2023-07-24 12:07:56.675000+00:00,0.231,
2023-07-24 12:07:56.678000+00:00,0.2318,
2023-07-24 12:07:56.693000+00:00,0.2291,
2023-07-24 12:07:56.706000+00:00,0.3029,
2023-07-24 12:07:56.726000+00:00,0.2303,
2023-07-24 12:07:56.727000+00:00,,0.011
2023-07-24 12:07:56.732000+00:00,0.2302,
2023-07-24 12:07:56.771000+00:00,,0.2463
2023-07-24 12:07:56.774000+00:00,0.2311,
2023-07-24 12:07:56.777000+00:00,0.2292,
2023-07-24 12:07:56.780000+00:00,,0.001
2023-07-24 12:07:56.782000+00:00,0.2969,
2023-07-24 12:07:56.790000+00:00,0.2316,
2023-07-24 12:07:56.795000+00:00,0.2313,
2023-07-24 12:07:56.849000+00:00,0.2321,
2023-07-24 12:07:56.859000+00:00,,0.001
2023-07-24 12:07:56.871000+00:00,,0.001
2023-07-24 12:07:56.874000+00:00,0.2277,
2023-07-24 12:07:56.897000+00:00,,0.0005
2023-07-24 12:07:56.912000+00:00,0.2308,
2023-07-24 12:07:56.913000+00:00,0.2304,
2023-07-24 12:07:56.925000+00:00,,0.0025
2023-07-24 12:07:56.977000+00:00,,0.0005
2023-07-24 12:07:56.982000+00:00,0.2929,
2023-07-24 12:07:57.004000+00:00,0.23,
2023-07-24 12:07:57.048000+00:00,,0.0035
2023-07-24 12:07:57.061000+00:00,0.3514,
2023-07-24 12:07:57.088000+00:00,0.2946,
2023-07-24 12:07:57.126000+00:00,0.2934,
2023-07-24 12:07:57.136000+00:00,0.2295,
2023-07-24 12:07:57.149000+00:00,,0.0005
2023-07-24 12:07:57.162000+00:00,,0.2839
2023-07-24 12:07:57.176000+00:00,,0.0025
2023-07-24 12:07:57.185000+00:00,,0.0025
2023-07-24 12:07:57.209000+00:00,,0.3833
2023-07-24 12:07:57.212000+00:00,,0.2856
2023-07-24 12:07:57.217000+00:00,0.3418,
2023-07-24 12:07:57.224000+00:00,0.2297,
2023-07-24 12:07:57.225000+00:00,,0.01
2023-07-24 12:07:57.262000+00:00,,0.0025
2023-07-24 12:07:57.268000+00:00,0.2294,
2023-07-24 12:07:57.273000+00:00,,0.003
2023-07-24 12:07:57.293000+00:00,0.2975,
2023-07-24 12:07:57.312000+00:00,,0.001
2023-07-24 12:07:57.328000+00:00,,0.0025
2023-07-24 12:07:57.331000+00:00,,0.0015
2023-07-24 12:07:57.340000+00:00,,0.0035
2023-07-24 12:07:57.363000+00:00,0.2312,
2023-07-24 12:07:57.374000+00:00,,0.0
2023-07-24 12:07:57.377000+00:00,,0.0105
2023-07-24 12:07:57.387000+00:00,,0.0
2023-07-24 12:07:57.398000+00:00,0.2271,
2023-07-24 12:07:57.408000+00:00,0.2351,0.0
2023-07-24 12:07:57.416000+00:00,0.2312,
2023-07-24 12:07:57.438000+00:00,0.2354,
2023-07-24 12:07:57.450000+00:00,0.2242,
2023-07-24 12:07:57.455000+00:00,0.2968,
2023-07-24 12:07:57.490000+00:00,,0.0025
2023-07-24 12:07:57.496000+00:00,,0.0005
2023-07-24 12:07:57.505000+00:00,,0.0005
2023-07-24 12:07:57.539000+00:00,0.2296,
2023-07-24 12:07:57.574000+00:00,0.2266,
2023-07-24 12:07:57.578000+00:00,,0.003
2023-07-24 12:07:57.584000+00:00,,0.7209
2023-07-24 12:07:57.592000+00:00,,0.002
2023-07-24 12:07:57.593000+00:00,,0.001
2023-07-24 12:07:57.623000+00:00,,0.0015
2023-07-24 12:07:57.625000+00:00,0.2291,
2023-07-24 12:07:57.651000+00:00,,0.002
2023-07-24 12:07:57.661000+00:00,,0.002
2023-07-24 12:07:57.676000+00:00,0.3508,
2023-07-24 12:07:57.680000+00:00,,0.8527
2023-07-24 12:07:57.694000+00:00,,0.0025
2023-07-24 12:07:57.706000+00:00,,0.003
2023-07-24 12:07:57.725000+00:00,,0.003
2023-07-24 12:07:57.734000+00:00,,0.0015
2023-07-24 12:07:57.753000+00:00,0.2285,0.0
2023-07-24 12:07:57.771000+00:00,0.306,
2023-07-24 12:07:57.824000+00:00,,0.0005
2023-07-24 12:07:57.842000+00:00,0.2979,
2023-07-24 12:07:57.882000+00:00,0.2299,
2023-07-24 12:07:57.899000+00:00,0.2288,
2023-07-24 12:07:57.912000+00:00,,0.0025
2023-07-24 12:07:57.938000+00:00,0.2301,
2023-07-24 12:07:57.947000+00:00,,0.0
2023-07-24 12:07:57.955000+00:00,0.2318,
2023-07-24 12:07:57.962000+00:00,,0.0025
2023-07-24 12:07:57.969000+00:00,0.2267,
2023-07-24 12:07:58.002000+00:00,,0.01
2023-07-24 12:07:58.007000+00:00,,0.0005
2023-07-24 12:07:58.034000+00:00,0.2278,
2023-07-24 12:07:58.035000+00:00,,0.003
2023-07-24 12:07:58.049000+00:00,0.2291,
2023-07-24 12:07:58.079000+00:00,0.3089,
2023-07-24 12:07:58.090000+00:00,0.2979,
2023-07-24 12:07:58.098000+00:00,0.2311,
2023-07-24 12:07:58.101000+00:00,,0.003
2023-07-24 12:07:58.134000+00:00,,0.016
2023-07-24 12:07:58.137000+00:00,,0.8072
2023-07-24 12:07:58.158000+00:00,0.2391,
2023-07-24 12:07:58.175000+00:00,,0.002
2023-07-24 12:07:58.186000+00:00,0.3162,
2023-07-24 12:07:58.233000+00:00,,0.0005
2023-07-24 12:07:58.242000+00:00,,0.3122
2023-07-24 12:07:58.249000+00:00,,0.003
2023-07-24 12:07:58.278000+00:00,,0.0
2023-07-24 12:07:58.297000+00:00,0.3388,
2023-07-24 12:07:58.305000+00:00,0.3434,
2023-07-24 12:07:58.308000+00:00,,0.0005
2023-07-24 12:07:58.331000+00:00,,0.001
2023-07-24 12:07:58.334000+00:00,0.2295,
2023-07-24 12:07:58.337000+00:00,,0.0015
2023-07-24 12:07:58.366000+00:00,0.2317,
2023-07-24 12:07:58.378000+00:00,0.2957,
2023-07-24 12:07:58.383000+00:00,,0.0005
2023-07-24 12:07:58.395000+00:00,0.3077,
2023-07-24 12:07:58.412000+00:00,0.2389,
2023-07-24 12:07:58.429000+00:00,,0.0025
2023-07-24 12:07:58.475000+00:00,0.2308,
2023-07-24 12:07:58.480000+00:00,,0.7231
2023-07-24 12:07:58.489000+00:00,0.2298,
2023-07-24 12:07:58.493000+00:00,0.2316,
2023-07-24 12:07:58.501000+00:00,,0.0035
2023-07-24 12:07:58.505000+00:00,0.293,
2023-07-24 12:07:58.510000+00:00,0.2986,
2023-07-24 12:07:58.523000+00:00,,0.0
2023-07-24 12:07:58.525000+00:00,0.2952,
2023-07-24 12:07:58.535000+00:00,0.2924,
2023-07-24 12:07:58.565000+00:00,,0.002
2023-07-24 12:07:58.580000+00:00,0.2399,
2023-07-24 12:07:58.592000+00:00,,0.0025
2023-07-24 12:07:58.620000+00:00,0.2328,
2023-07-24 12:07:58.626000+00:00,,0.0035
2023-07-24 12:07:58.636000+00:00,0.2355,0.0015
2023-07-24 12:07:58.642000+00:00,,0.001
2023-07-24 12:07:58.646000+00:00,0.2348,
2023-07-24 12:07:58.669000+00:00,0.2396,
2023-07-24 12:07:58.671000+00:00,,0.002
2023-07-24 12:07:58.674000+00:00,,0.0015
2023-07-24 12:07:58.684000+00:00,,0.1419
2023-07-24 12:07:58.689000+00:00,,0.5408
2023-07-24 12:07:58.704000+00:00,,0.0
2023-07-24 12:07:58.717000+00:00,,0.003
2023-07-24 12:07:58.718000+00:00,0.2331,
2023-07-24 12:07:58.740000+00:00,0.22965,
2023-07-24 12:07:58.741000+00:00,,0.0025
2023-07-24 12:07:58.744000+00:00,,0.0005
2023-07-24 12:07:58.760000+00:00,,0.001
2023-07-24 12:07:58.766000+00:00,0.2291,
2023-07-24 12:07:58.775000+00:00,0.2344,
2023-07-24 12:07:58.813000+00:00,,0.0025
2023-07-24 12:07:58.825000+00:00,0.3739,
2023-07-24 12:07:58.867000+00:00,,0.0155
2023-07-24 12:07:58.903000+00:00,0.2965,
2023-07-24 12:07:58.937000+00:00,0.229,
2023-07-24 12:07:58.946000+00:00,0.2422,
2023-07-24 12:07:58.947000+00:00,,0.0025
2023-07-24 12:07:58.962000+00:00,0.2273,
2023-07-24 12:07:58.970000+00:00,,0.0025
2023-07-24 12:07:58.971000+00:00,0.2974,
2023-07-24 12:07:58.988000+00:00,0.2347,
2023-07-24 12:07:59.002000+00:00,,0.001
2023-07-24 12:07:59.007000+00:00,,0.3207
2023-07-24 12:07:59.009000+00:00,0.2295,
2023-07-24 12:07:59.013000+00:00,0.2975,
2023-07-24 12:07:59.036000+00:00,0.2282,
2023-07-24 12:07:59.058000+00:00,,0.0025
2023-07-24 12:07:59.062000+00:00,0.2288,
2023-07-24 12:07:59.079000+00:00,,0.0005
2023-07-24 12:07:59.086000+00:00,,0.0005
2023-07-24 12:07:59.096000+00:00,,0.002
2023-07-24 12:07:59.116000+00:00,,0.001
2023-07-24 12:07:59.123000+00:00,0.2303,
2023-07-24 12:07:59.129000+00:00,,0.0015
2023-07-24 12:07:59.144000+00:00,0.229,
2023-07-24 12:07:59.148000+00:00,0.2296,
2023-07-24 12:07:59.153000+00:00,0.2327,
2023-07-24 12:07:59.166000+00:00,,0.001
2023-07-24 12:07:59.174000+00:00,0.2296,
2023-07-24 12:07:59.176000+00:00,,0.001
2023-07-24 12:07:59.189000+00:00,0.229,
2023-07-24 12:07:59.203000+00:00,0.2307,
2023-07-24 12:07:59.205000+00:00,0.23575000000000002,
2023-07-24 12:07:59.220000+00:00,,0.0
2023-07-24 12:07:59.240000+00:00,0.2284,
2023-07-24 12:07:59.241000+00:00,0.2314,
2023-07-24 12:07:59.242000+00:00,,0.3952
2023-07-24 12:07:59.256000+00:00,0.2269,
2023-07-24 12:07:59.272000+00:00,0.2315,
2023-07-24 12:07:59.273000+00:00,0.233,
2023-07-24 12:07:59.280000+00:00,,0.0005
2023-07-24 12:07:59.302000+00:00,0.2355,
2023-07-24 12:07:59.303000+00:00,0.2295,
2023-07-24 12:07:59.309000+00:00,,0.0
2023-07-24 12:07:59.318000+00:00,0.2313,
2023-07-24 12:07:59.327000+00:00,0.229,
2023-07-24 12:07:59.342000+00:00,,0.0025
2023-07-24 12:07:59.344000+00:00,,0.0015
2023-07-24 12:07:59.348000+00:00,,0.002
2023-07-24 12:07:59.350000+00:00,0.2921,
2023-07-24 12:07:59.351000+00:00,,0.1093
2023-07-24 12:07:59.354000+00:00,0.2947,
2023-07-24 12:07:59.416000+00:00,0.2287,
2023-07-24 12:07:59.438000+00:00,,0.003
2023-07-24 12:07:59.445000+00:00,,0.3324
2023-07-24 12:07:59.447000+00:00,,0.003
2023-07-24 12:07:59.451000+00:00,0.3077,
2023-07-24 12:07:59.453000+00:00,0.3182,
2023-07-24 12:07:59.455000+00:00,,0.003
2023-07-24 12:07:59.462000+00:00,,0.0035
2023-07-24 12:07:59.468000+00:00,0.2303,
2023-07-24 12:07:59.473000+00:00,,0.7938
2023-07-24 12:07:59.476000+00:00,,0.7711
2023-07-24 12:07:59.485000+00:00,0.2928,
2023-07-24 12:07:59.494000+00:00,0.2304,
2023-07-24 12:07:59.497000+00:00,0.2299,
2023-07-24 12:07:59.502000+00:00,0.2309,
2023-07-24 12:07:59.505000+00:00,0.2319,
2023-07-24 12:07:59.509000+00:00,,0.8329
2023-07-24 12:07:59.517000+00:00,0.3063,
2023-07-24 12:07:59.519000+00:00,,0.0015
2023-07-24 12:07:59.524000+00:00,,0.0005
2023-07-24 12:07:59.551000+00:00,,0.8105
2023-07-24 12:07:59.552000+00:00,0.231,
2023-07-24 12:07:59.630000+00:00,0.2303,
2023-07-24 12:07:59.633000+00:00,0.294,
2023-07-24 12:07:59.643000+00:00,0.2284,
2023-07-24 12:07:59.676000+00:00,,0.0
2023-07-24 12:07:59.691000+00:00,0.2307,
2023-07-24 12:07:59.708000+00:00,,0.0025
2023-07-24 12:07:59.712000+00:00,0.2281,
2023-07-24 12:07:59.739000+00:00,0.2331,
2023-07-24 12:07:59.742000+00:00,,0.0035
2023-07-24 12:07:59.766000+00:00,0.2341,
2023-07-24 12:07:59.774000+00:00,0.338,
2023-07-24 12:07:59.783000+00:00,,0.0025
2023-07-24 12:07:59.793000+00:00,0.2317,
2023-07-24 12:07:59.830000+00:00,0.2292,
2023-07-24 12:07:59.837000+00:00,,0.012
2023-07-24 12:07:59.850000+00:00,0.2285,
2023-07-24 12:07:59.860000+00:00,,0.0025
2023-07-24 12:07:59.867000+00:00,0.234,
2023-07-24 12:07:59.896000+00:00,0.2323,
2023-07-24 12:07:59.913000+00:00,0.2256,
2023-07-24 12:07:59.915000+00:00,,0.0015
2023-07-24 12:07:59.916000+00:00,0.3061,
2023-07-24 12:07:59.937000+00:00,,0.003
2023-07-24 12:07:59.950000+00:00,,0.0
2023-07-24 12:07:59.961000+00:00,,0.8223
2023-07-24 12:07:59.978000+00:00,0.336,
2023-07-24 12:07:59.979000+00:00,0.2975,
2023-07-24 12:07:59.984000+00:00,0.2237,
2023-07-24 12:08:00.023000+00:00,,0.0035
2023-07-24 12:08:00.067000+00:00,,0.008
2023-07-24 12:08:00.091000+00:00,,0.003
2023-07-24 12:08:00.109000+00:00,0.2299,
2023-07-24 12:08:00.114000+00:00,,0.0015
2023-07-24 12:08:00.134000+00:00,0.2275,
2023-07-24 12:08:00.140000+00:00,0.3119,
2023-07-24 12:08:00.144000+00:00,0.2913,
2023-07-24 12:08:00.165000+00:00,0.2332,
2023-07-24 12:08:00.182000+00:00,0.3358,
2023-07-24 12:08:00.202000+00:00,,0.0005
2023-07-24 12:08:00.228000+00:00,0.2316,
2023-07-24 12:08:00.229000+00:00,0.2338,
2023-07-24 12:08:00.239000+00:00,,0.0005
2023-07-24 12:08:00.250000+00:00,0.2305,
2023-07-24 12:08:00.271000+00:00,0.2977,
2023-07-24 12:08:00.274000+00:00,,0.0
2023-07-24 12:08:00.284000+00:00,0.2408,
2023-07-24 12:08:00.290000+00:00,0.3106,
2023-07-24 12:08:00.292000+00:00,,0.003
2023-07-24 12:08:00.304000+00:00,,0.0035
2023-07-24 12:08:00.318000+00:00,,0.0015
2023-07-24 12:08:00.338000+00:00,,0.7762
2023-07-24 12:08:00.343000+00:00,0.2302,
2023-07-24 12:08:00.347000+00:00,,0.0005
2023-07-24 12:08:00.370000+00:00,0.2314,
2023-07-24 12:08:00.394000+00:00,0.228,
2023-07-24 12:08:00.396000+00:00,0.2317,
2023-07-24 12:08:00.410000+00:00,,0.0035
2023-07-24 12:08:00.428000+00:00,0.2313,
2023-07-24 12:08:00.448000+00:00,0.2287,
2023-07-24 12:08:00.469000+00:00,0.2947,
2023-07-24 12:08:00.484000+00:00,0.2338,
2023-07-24 12:08:00.488000+00:00,,0.003
2023-07-24 12:08:00.491000+00:00,,0.002
2023-07-24 12:08:00.493000+00:00,,0.004
2023-07-24 12:08:00.498000+00:00,0.3459,0.0005
2023-07-24 12:08:00.524000+00:00,0.2272,
2023-07-24 12:08:00.540000+00:00,0.3155,
2023-07-24 12:08:00.553000+00:00,0.2943,
2023-07-24 12:08:00.566000+00:00,,0.002
2023-07-24 12:08:00.571000+00:00,0.2292,
2023-07-24 12:08:00.583000+00:00,,0.003
2023-07-24 12:08:00.604000+00:00,0.3106,
2023-07-24 12:08:00.608000+00:00,,0.001
2023-07-24 12:08:00.616000+00:00,0.3406,
2023-07-24 12:08:00.640000+00:00,,0.3767
2023-07-24 12:08:00.648000+00:00,0.2416,
2023-07-24 12:08:00.654000+00:00,,0.001
2023-07-24 12:08:00.663000+00:00,,0.002
2023-07-24 12:08:00.664000+00:00,,0.002
2023-07-24 12:08:00.667000+00:00,,0.0015
2023-07-24 12:08:00.670000+00:00,,0.0005
2023-07-24 12:08:00.693000+00:00,,0.001
2023-07-24 12:08:00.704000+00:00,,0.003
2023-07-24 12:08:00.742000+00:00,,0.0015
2023-07-24 12:08:00.784000+00:00,0.2269,
2023-07-24 12:08:00.785000+00:00,,0.0035
2023-07-24 12:08:00.788000+00:00,,0.011
2023-07-24 12:08:00.792000+00:00,0.2293,
2023-07-24 12:08:00.796000+00:00,,0.0105
2023-07-24 12:08:00.820000+00:00,,0.001
2023-07-24 12:08:00.822000+00:00,,0.001
2023-07-24 12:08:00.824000+00:00,0.2303,
2023-07-24 12:08:00.827000+00:00,,0.0015
2023-07-24 12:08:00.892000+00:00,,0.003
2023-07-24 12:08:00.939000+00:00,,0.004
2023-07-24 12:08:00.951000+00:00,,0.0025
2023-07-24 12:08:00.956000+00:00,,0.001
2023-07-24 12:08:00.964000+00:00,,0.0025
2023-07-24 12:08:00.976000+00:00,,0.0005
2023-07-24 12:08:00.986000+00:00,0.228,
2023-07-24 12:08:00.992000+00:00,,0.002
2023-07-24 12:08:00.999000+00:00,,0.0096
2023-07-24 12:08:01.005000+00:00,0.2307,0.0025
2023-07-24 12:08:01.006000+00:00,0.2307,
