@timestamp,memory,cpu
2023-08-02 09:41:36.092000+00:00,,0.0025
2023-08-02 09:41:36.139000+00:00,0.2293,
2023-08-02 09:41:36.153000+00:00,,0.3743
2023-08-02 09:41:36.156000+00:00,0.3176,
2023-08-02 09:41:36.167000+00:00,0.2282,
2023-08-02 09:41:36.177000+00:00,0.3846,
2023-08-02 09:41:36.200000+00:00,,0.0025
2023-08-02 09:41:36.207000+00:00,,0.0291
2023-08-02 09:41:36.210000+00:00,0.23,
2023-08-02 09:41:36.218000+00:00,0.227,
2023-08-02 09:41:36.228000+00:00,,0.003
2023-08-02 09:41:36.258000+00:00,0.2286,
2023-08-02 09:41:36.280000+00:00,0.3105,
2023-08-02 09:41:36.309000+00:00,0.2488,
2023-08-02 09:41:36.311000+00:00,0.2567,
2023-08-02 09:41:36.342000+00:00,,0.0015
2023-08-02 09:41:36.347000+00:00,,0.0356
2023-08-02 09:41:36.355000+00:00,0.2306,
2023-08-02 09:41:36.380000+00:00,,0.002
2023-08-02 09:41:36.421000+00:00,,0.1703
2023-08-02 09:41:36.463000+00:00,0.2298,
2023-08-02 09:41:36.473000+00:00,,0.5321
2023-08-02 09:41:36.496000+00:00,0.2902,
2023-08-02 09:41:36.529000+00:00,,0.002
2023-08-02 09:41:36.545000+00:00,,0.001
2023-08-02 09:41:36.580000+00:00,0.2311,
2023-08-02 09:41:36.607000+00:00,,0.0035
2023-08-02 09:41:36.631000+00:00,,0.029
2023-08-02 09:41:36.771000+00:00,0.2941,
2023-08-02 09:41:36.854000+00:00,0.2516,
2023-08-02 09:41:36.880000+00:00,,0.0367
2023-08-02 09:41:36.928000+00:00,,0.001
2023-08-02 09:41:36.989000+00:00,0.3197,
2023-08-02 09:41:36.994000+00:00,,0.0307
2023-08-02 09:41:36.995000+00:00,0.2308,
2023-08-02 09:41:37.003000+00:00,,0.0015
2023-08-02 09:41:37.004000+00:00,0.2283,
2023-08-02 09:41:37.036000+00:00,0.2576,
2023-08-02 09:41:37.037000+00:00,0.2275,
2023-08-02 09:41:37.078000+00:00,,0.5213
2023-08-02 09:41:37.083000+00:00,,0.0015
2023-08-02 09:41:37.095000+00:00,0.2924,
2023-08-02 09:41:37.127000+00:00,0.2313,
2023-08-02 09:41:37.155000+00:00,0.3399,
2023-08-02 09:41:37.178000+00:00,,0.0005
2023-08-02 09:41:37.182000+00:00,,0.002
2023-08-02 09:41:37.201000+00:00,0.3168,
2023-08-02 09:41:37.251000+00:00,0.3114,0.0025
2023-08-02 09:41:37.261000+00:00,0.2723,
2023-08-02 09:41:37.297000+00:00,0.2273,
2023-08-02 09:41:37.340000+00:00,0.2323,
2023-08-02 09:41:37.370000+00:00,0.3819,
2023-08-02 09:41:37.391000+00:00,0.2299,
2023-08-02 09:41:37.409000+00:00,,0.002
2023-08-02 09:41:37.438000+00:00,0.2293,
2023-08-02 09:41:37.463000+00:00,,0.0319
2023-08-02 09:41:37.470000+00:00,0.3371,
2023-08-02 09:41:37.478000+00:00,,0.002
2023-08-02 09:41:37.486000+00:00,0.2309,
2023-08-02 09:41:37.515000+00:00,,0.0015
2023-08-02 09:41:37.532000+00:00,0.2286,
2023-08-02 09:41:37.629000+00:00,0.309,
2023-08-02 09:41:37.693000+00:00,0.2281,
2023-08-02 09:41:37.695000+00:00,,0.1922
2023-08-02 09:41:37.795000+00:00,0.2292,
2023-08-02 09:41:37.818000+00:00,,0.0005
2023-08-02 09:41:37.862000+00:00,0.2292,0.038
2023-08-02 09:41:37.886000+00:00,,0.4593
2023-08-02 09:41:37.894000+00:00,,0.0025
2023-08-02 09:41:37.895000+00:00,0.3181,
2023-08-02 09:41:37.909000+00:00,,0.0315
2023-08-02 09:41:37.940000+00:00,0.2291,
2023-08-02 09:41:37.952000+00:00,,0.0045
2023-08-02 09:41:37.956000+00:00,,0.003
2023-08-02 09:41:37.959000+00:00,,0.3889
2023-08-02 09:41:37.961000+00:00,,0.5449
2023-08-02 09:41:37.970000+00:00,0.267,
2023-08-02 09:41:37.975000+00:00,0.2324,
2023-08-02 09:41:38.005000+00:00,,0.0035
2023-08-02 09:41:38.024000+00:00,0.2279,
2023-08-02 09:41:38.026000+00:00,,0.001
2023-08-02 09:41:38.048000+00:00,0.2267,
2023-08-02 09:41:38.164000+00:00,0.2566,
2023-08-02 09:41:38.197000+00:00,0.2283,0.003
2023-08-02 09:41:38.221000+00:00,0.227,
2023-08-02 09:41:38.231000+00:00,0.3082,
2023-08-02 09:41:38.250000+00:00,,0.0621
2023-08-02 09:41:38.279000+00:00,0.259,
2023-08-02 09:41:38.292000+00:00,0.3425,0.5385
2023-08-02 09:41:38.296000+00:00,0.4043,
2023-08-02 09:41:38.300000+00:00,,0.0341
2023-08-02 09:41:38.307000+00:00,0.2307,
2023-08-02 09:41:38.368000+00:00,0.2755,
2023-08-02 09:41:38.406000+00:00,0.2279,
2023-08-02 09:41:38.465000+00:00,,0.0035
2023-08-02 09:41:38.466000+00:00,0.2293,
2023-08-02 09:41:38.481000+00:00,,0.001
2023-08-02 09:41:38.521000+00:00,,0.0005
2023-08-02 09:41:38.527000+00:00,,0.0035
2023-08-02 09:41:38.534000+00:00,,0.003
2023-08-02 09:41:38.546000+00:00,0.2276,
2023-08-02 09:41:38.566000+00:00,,0.5839
2023-08-02 09:41:38.596000+00:00,0.3695,
2023-08-02 09:41:38.678000+00:00,,0.0005
2023-08-02 09:41:38.711000+00:00,0.3368,
2023-08-02 09:41:38.758000+00:00,,0.003
2023-08-02 09:41:38.809000+00:00,0.2254,
2023-08-02 09:41:38.836000+00:00,0.2896,
2023-08-02 09:41:38.878000+00:00,0.228,
2023-08-02 09:41:38.939000+00:00,,0.002
2023-08-02 09:41:38.951000+00:00,,0.0015
2023-08-02 09:41:38.955000+00:00,,0.595
2023-08-02 09:41:38.981000+00:00,,0.0005
2023-08-02 09:41:38.990000+00:00,0.229,
2023-08-02 09:41:39.020000+00:00,,0.0005
2023-08-02 09:41:39.047000+00:00,,0.2071
2023-08-02 09:41:39.051000+00:00,,0.001
2023-08-02 09:41:39.093000+00:00,0.2327,
2023-08-02 09:41:39.114000+00:00,,0.0005
2023-08-02 09:41:39.132000+00:00,0.2281,
2023-08-02 09:41:39.135000+00:00,0.2284,
2023-08-02 09:41:39.191000+00:00,,0.002
2023-08-02 09:41:39.202000+00:00,,0.0
2023-08-02 09:41:39.208000+00:00,,0.2025
2023-08-02 09:41:39.221000+00:00,0.2289,
2023-08-02 09:41:39.225000+00:00,0.2285,
2023-08-02 09:41:39.316000+00:00,0.2692,
2023-08-02 09:41:39.342000+00:00,0.2918,
2023-08-02 09:41:39.367000+00:00,0.2302,
2023-08-02 09:41:39.420000+00:00,0.2311,0.001
2023-08-02 09:41:39.468000+00:00,0.2279,
2023-08-02 09:41:39.481000+00:00,,0.003
2023-08-02 09:41:39.499000+00:00,,0.0887
2023-08-02 09:41:39.507000+00:00,,0.0491
2023-08-02 09:41:39.514000+00:00,0.23,
2023-08-02 09:41:39.537000+00:00,0.2302,
2023-08-02 09:41:39.555000+00:00,,0.0462
2023-08-02 09:41:39.627000+00:00,,0.1623
2023-08-02 09:41:39.640000+00:00,,0.0015
2023-08-02 09:41:39.657000+00:00,0.3404,
2023-08-02 09:41:39.671000+00:00,,0.4912
2023-08-02 09:41:39.681000+00:00,,0.4707
2023-08-02 09:41:39.688000+00:00,0.2695,
2023-08-02 09:41:39.712000+00:00,0.3169,
2023-08-02 09:41:39.714000+00:00,,0.1624
2023-08-02 09:41:39.749000+00:00,,0.1479
2023-08-02 09:41:39.774000+00:00,0.3402,
2023-08-02 09:41:39.780000+00:00,0.2317,
2023-08-02 09:41:39.787000+00:00,,0.002
2023-08-02 09:41:39.879000+00:00,,0.0035
2023-08-02 09:41:39.914000+00:00,,0.0005
2023-08-02 09:41:39.941000+00:00,0.2277,
2023-08-02 09:41:39.946000+00:00,,0.0
2023-08-02 09:41:39.995000+00:00,0.2282,
2023-08-02 09:41:40.003000+00:00,,0.0015
2023-08-02 09:41:40.085000+00:00,,0.002
2023-08-02 09:41:40.104000+00:00,,0.001
2023-08-02 09:41:40.172000+00:00,0.2956,
2023-08-02 09:41:40.185000+00:00,0.2299,
2023-08-02 09:41:40.233000+00:00,0.2285,
2023-08-02 09:41:40.234000+00:00,,0.001
2023-08-02 09:41:40.238000+00:00,,0.0
2023-08-02 09:41:40.244000+00:00,,0.5564
2023-08-02 09:41:40.248000+00:00,,0.0005
2023-08-02 09:41:40.290000+00:00,,0.001
2023-08-02 09:41:40.292000+00:00,,0.051
2023-08-02 09:41:40.304000+00:00,0.2292,
2023-08-02 09:41:40.306000+00:00,0.2292,
2023-08-02 09:41:40.312000+00:00,0.2288,
2023-08-02 09:41:40.364000+00:00,0.2296,
2023-08-02 09:41:40.377000+00:00,0.2325,0.003
2023-08-02 09:41:40.406000+00:00,0.2297,
2023-08-02 09:41:40.449000+00:00,,0.001
2023-08-02 09:41:40.461000+00:00,,0.0005
2023-08-02 09:41:40.523000+00:00,0.2292,
2023-08-02 09:41:40.594000+00:00,0.3271,
2023-08-02 09:41:40.659000+00:00,,0.8729
2023-08-02 09:41:40.680000+00:00,0.327,
2023-08-02 09:41:40.687000+00:00,0.2908,
2023-08-02 09:41:40.709000+00:00,,0.0015
2023-08-02 09:41:40.746000+00:00,,0.0005
2023-08-02 09:41:40.831000+00:00,,0.0452
2023-08-02 09:41:40.832000+00:00,,0.004
2023-08-02 09:41:40.833000+00:00,,0.0025
2023-08-02 09:41:40.869000+00:00,0.287,
2023-08-02 09:41:40.879000+00:00,0.2906,
2023-08-02 09:41:40.921000+00:00,,0.0015
2023-08-02 09:41:40.933000+00:00,0.4091,
2023-08-02 09:41:40.973000+00:00,,0.0025
2023-08-02 09:41:40.979000+00:00,0.227,
2023-08-02 09:41:41.046000+00:00,,0.001
2023-08-02 09:41:41.057000+00:00,,0.003
2023-08-02 09:41:41.092000+00:00,,0.0025
2023-08-02 09:41:41.139000+00:00,0.2293,
2023-08-02 09:41:41.153000+00:00,,0.5366
2023-08-02 09:41:41.156000+00:00,0.3293,
2023-08-02 09:41:41.167000+00:00,0.2282,
2023-08-02 09:41:41.177000+00:00,0.3929,
2023-08-02 09:41:41.200000+00:00,,0.001
2023-08-02 09:41:41.207000+00:00,,0.1656
2023-08-02 09:41:41.210000+00:00,0.23,
2023-08-02 09:41:41.218000+00:00,0.227,
2023-08-02 09:41:41.228000+00:00,,0.002
2023-08-02 09:41:41.258000+00:00,0.2286,
2023-08-02 09:41:41.280000+00:00,0.3253,
2023-08-02 09:41:41.309000+00:00,0.2888,
2023-08-02 09:41:41.311000+00:00,0.2939,
2023-08-02 09:41:41.342000+00:00,,0.0015
2023-08-02 09:41:41.347000+00:00,,0.0447
2023-08-02 09:41:41.356000+00:00,0.2306,
2023-08-02 09:41:41.380000+00:00,,0.001
2023-08-02 09:41:41.421000+00:00,,0.1656
2023-08-02 09:41:41.463000+00:00,0.2298,
2023-08-02 09:41:41.473000+00:00,,0.6899
2023-08-02 09:41:41.496000+00:00,0.2902,
2023-08-02 09:41:41.529000+00:00,,0.002
2023-08-02 09:41:41.545000+00:00,,0.0005
2023-08-02 09:41:41.580000+00:00,0.2311,
2023-08-02 09:41:41.607000+00:00,,0.0015
2023-08-02 09:41:41.631000+00:00,,0.1593
2023-08-02 09:41:41.771000+00:00,0.2941,
2023-08-02 09:41:41.854000+00:00,0.2917,
2023-08-02 09:41:41.880000+00:00,,0.0488
2023-08-02 09:41:41.928000+00:00,,0.0015
2023-08-02 09:41:41.989000+00:00,0.3369,
2023-08-02 09:41:41.994000+00:00,,0.1856
2023-08-02 09:41:41.995000+00:00,0.2308,
2023-08-02 09:41:42.003000+00:00,,0.003
2023-08-02 09:41:42.004000+00:00,0.2283,
2023-08-02 09:41:42.036000+00:00,0.291,
2023-08-02 09:41:42.037000+00:00,0.2275,
2023-08-02 09:41:42.078000+00:00,,0.7119
2023-08-02 09:41:42.083000+00:00,,0.0025
2023-08-02 09:41:42.095000+00:00,0.2924,
2023-08-02 09:41:42.127000+00:00,0.2313,
2023-08-02 09:41:42.155000+00:00,0.3472,
2023-08-02 09:41:42.178000+00:00,,0.0015
2023-08-02 09:41:42.182000+00:00,,0.0025
2023-08-02 09:41:42.201000+00:00,0.3354,
2023-08-02 09:41:42.251000+00:00,0.3311,0.003
2023-08-02 09:41:42.261000+00:00,0.282,
2023-08-02 09:41:42.297000+00:00,0.2273,
2023-08-02 09:41:42.340000+00:00,0.2323,
2023-08-02 09:41:42.370000+00:00,0.4017,
2023-08-02 09:41:42.391000+00:00,0.2299,
2023-08-02 09:41:42.409000+00:00,,0.002
2023-08-02 09:41:42.438000+00:00,0.2294,
2023-08-02 09:41:42.463000+00:00,,0.1594
2023-08-02 09:41:42.470000+00:00,0.346,
2023-08-02 09:41:42.478000+00:00,,0.0025
2023-08-02 09:41:42.486000+00:00,0.2309,
2023-08-02 09:41:42.515000+00:00,,0.0015
2023-08-02 09:41:42.532000+00:00,0.2286,
2023-08-02 09:41:42.629000+00:00,0.3134,
2023-08-02 09:41:42.693000+00:00,0.2282,
2023-08-02 09:41:42.695000+00:00,,0.2049
2023-08-02 09:41:42.795000+00:00,0.2292,
2023-08-02 09:41:42.817000+00:00,,0.0005
2023-08-02 09:41:42.862000+00:00,0.2292,0.1428
2023-08-02 09:41:42.886000+00:00,,0.701
2023-08-02 09:41:42.894000+00:00,,0.0035
2023-08-02 09:41:42.895000+00:00,0.3357,
2023-08-02 09:41:42.909000+00:00,,0.1673
2023-08-02 09:41:42.940000+00:00,0.2291,
2023-08-02 09:41:42.952000+00:00,,0.003
2023-08-02 09:41:42.956000+00:00,,0.003
2023-08-02 09:41:42.959000+00:00,,0.6323
2023-08-02 09:41:42.961000+00:00,,0.7511
2023-08-02 09:41:42.970000+00:00,0.334,
2023-08-02 09:41:42.975000+00:00,0.2325,
2023-08-02 09:41:43.005000+00:00,,0.0035
2023-08-02 09:41:43.024000+00:00,0.2279,
2023-08-02 09:41:43.026000+00:00,,0.0015
2023-08-02 09:41:43.048000+00:00,0.2267,
2023-08-02 09:41:43.164000+00:00,0.2861,
2023-08-02 09:41:43.197000+00:00,0.2283,0.0025
2023-08-02 09:41:43.221000+00:00,0.227,
2023-08-02 09:41:43.231000+00:00,0.3283,
2023-08-02 09:41:43.250000+00:00,,0.2081
2023-08-02 09:41:43.279000+00:00,0.2906,
2023-08-02 09:41:43.292000+00:00,0.3517,0.7572
2023-08-02 09:41:43.296000+00:00,0.4126,
2023-08-02 09:41:43.300000+00:00,,0.084
2023-08-02 09:41:43.307000+00:00,0.2307,
2023-08-02 09:41:43.368000+00:00,0.3396,
2023-08-02 09:41:43.406000+00:00,0.2279,
2023-08-02 09:41:43.465000+00:00,,0.0035
2023-08-02 09:41:43.466000+00:00,0.2293,
2023-08-02 09:41:43.481000+00:00,,0.0005
2023-08-02 09:41:43.521000+00:00,,0.0005
2023-08-02 09:41:43.527000+00:00,,0.003
2023-08-02 09:41:43.534000+00:00,,0.002
2023-08-02 09:41:43.546000+00:00,0.2277,
2023-08-02 09:41:43.566000+00:00,,0.7695
2023-08-02 09:41:43.596000+00:00,0.3801,
2023-08-02 09:41:43.678000+00:00,,0.0005
2023-08-02 09:41:43.711000+00:00,0.3468,
2023-08-02 09:41:43.758000+00:00,,0.0015
2023-08-02 09:41:43.809000+00:00,0.2255,
2023-08-02 09:41:43.836000+00:00,0.2897,
2023-08-02 09:41:43.878000+00:00,0.228,
2023-08-02 09:41:43.939000+00:00,,0.004
2023-08-02 09:41:43.951000+00:00,,0.002
2023-08-02 09:41:43.955000+00:00,,0.7532
2023-08-02 09:41:43.981000+00:00,,0.001
2023-08-02 09:41:43.990000+00:00,0.229,
2023-08-02 09:41:44.020000+00:00,,0.001
2023-08-02 09:41:44.047000+00:00,,0.2121
2023-08-02 09:41:44.051000+00:00,,0.001
2023-08-02 09:41:44.093000+00:00,0.2327,
2023-08-02 09:41:44.114000+00:00,,0.0015
2023-08-02 09:41:44.132000+00:00,0.2282,
2023-08-02 09:41:44.135000+00:00,0.2284,
2023-08-02 09:41:44.191000+00:00,,0.0025
2023-08-02 09:41:44.202000+00:00,,0.0
2023-08-02 09:41:44.208000+00:00,,0.175
2023-08-02 09:41:44.221000+00:00,0.2289,
2023-08-02 09:41:44.226000+00:00,0.2285,
2023-08-02 09:41:44.316000+00:00,0.3045,
2023-08-02 09:41:44.342000+00:00,0.2918,
2023-08-02 09:41:44.367000+00:00,0.2302,
2023-08-02 09:41:44.420000+00:00,0.2311,0.002
2023-08-02 09:41:44.468000+00:00,0.2279,
2023-08-02 09:41:44.481000+00:00,,0.0035
2023-08-02 09:41:44.499000+00:00,,0.2149
2023-08-02 09:41:44.507000+00:00,,0.0867
2023-08-02 09:41:44.514000+00:00,0.23,
2023-08-02 09:41:44.537000+00:00,0.2302,
2023-08-02 09:41:44.555000+00:00,,0.0848
2023-08-02 09:41:44.627000+00:00,,0.1754
2023-08-02 09:41:44.640000+00:00,,0.0015
2023-08-02 09:41:44.657000+00:00,0.3497,
2023-08-02 09:41:44.671000+00:00,,0.6308
2023-08-02 09:41:44.681000+00:00,,0.5916
2023-08-02 09:41:44.688000+00:00,0.346,
2023-08-02 09:41:44.712000+00:00,0.3338,
2023-08-02 09:41:44.714000+00:00,,0.2539
2023-08-02 09:41:44.749000+00:00,,0.1748
2023-08-02 09:41:44.774000+00:00,0.35,
2023-08-02 09:41:44.780000+00:00,0.2317,
2023-08-02 09:41:44.787000+00:00,,0.001
2023-08-02 09:41:44.879000+00:00,,0.0035
2023-08-02 09:41:44.914000+00:00,,0.001
2023-08-02 09:41:44.941000+00:00,0.2277,
2023-08-02 09:41:44.946000+00:00,,0.001
2023-08-02 09:41:44.995000+00:00,0.2282,
2023-08-02 09:41:45.003000+00:00,,0.0005
2023-08-02 09:41:45.085000+00:00,,0.0015
2023-08-02 09:41:45.104000+00:00,,0.0015
2023-08-02 09:41:45.172000+00:00,0.3049,
2023-08-02 09:41:45.185000+00:00,0.2299,
2023-08-02 09:41:45.233000+00:00,0.2285,
2023-08-02 09:41:45.234000+00:00,,0.002
2023-08-02 09:41:45.238000+00:00,,0.002
2023-08-02 09:41:45.244000+00:00,,0.6457
2023-08-02 09:41:45.248000+00:00,,0.0005
2023-08-02 09:41:45.290000+00:00,,0.001
2023-08-02 09:41:45.292000+00:00,,0.0927
2023-08-02 09:41:45.304000+00:00,0.2292,
2023-08-02 09:41:45.306000+00:00,0.2292,
2023-08-02 09:41:45.312000+00:00,0.2288,
2023-08-02 09:41:45.364000+00:00,0.2296,
2023-08-02 09:41:45.377000+00:00,0.2325,0.0025
2023-08-02 09:41:45.406000+00:00,0.2297,
2023-08-02 09:41:45.449000+00:00,,0.001
2023-08-02 09:41:45.461000+00:00,,0.0
2023-08-02 09:41:45.523000+00:00,0.2292,
2023-08-02 09:41:45.594000+00:00,0.3395,
2023-08-02 09:41:45.659000+00:00,,0.9188
2023-08-02 09:41:45.680000+00:00,0.3401,
2023-08-02 09:41:45.687000+00:00,0.2908,
2023-08-02 09:41:45.709000+00:00,,0.002
2023-08-02 09:41:45.746000+00:00,,0.002
2023-08-02 09:41:45.831000+00:00,,0.097
2023-08-02 09:41:45.832000+00:00,,0.003
2023-08-02 09:41:45.833000+00:00,,0.0035
2023-08-02 09:41:45.869000+00:00,0.2917,
2023-08-02 09:41:45.879000+00:00,0.2906,
2023-08-02 09:41:45.921000+00:00,,0.0045
2023-08-02 09:41:45.933000+00:00,0.4171,
2023-08-02 09:41:45.973000+00:00,,0.002
2023-08-02 09:41:45.979000+00:00,0.227,
2023-08-02 09:41:46.046000+00:00,,0.0005
2023-08-02 09:41:46.057000+00:00,,0.002
2023-08-02 09:41:46.092000+00:00,,0.0015
2023-08-02 09:41:46.139000+00:00,0.2293,
2023-08-02 09:41:46.153000+00:00,,0.5218
2023-08-02 09:41:46.156000+00:00,0.3419,
2023-08-02 09:41:46.167000+00:00,0.2282,
2023-08-02 09:41:46.177000+00:00,0.4004,
2023-08-02 09:41:46.200000+00:00,,0.0025
2023-08-02 09:41:46.207000+00:00,,0.2064
2023-08-02 09:41:46.210000+00:00,0.23,
2023-08-02 09:41:46.218000+00:00,0.2271,
2023-08-02 09:41:46.228000+00:00,,0.003
2023-08-02 09:41:46.258000+00:00,0.2287,
2023-08-02 09:41:46.280000+00:00,0.3349,
2023-08-02 09:41:46.309000+00:00,0.299,
2023-08-02 09:41:46.311000+00:00,0.3017,
2023-08-02 09:41:46.342000+00:00,,0.002
2023-08-02 09:41:46.347000+00:00,,0.0917
2023-08-02 09:41:46.356000+00:00,0.2307,
2023-08-02 09:41:46.380000+00:00,,0.0015
2023-08-02 09:41:46.421000+00:00,,0.2268
2023-08-02 09:41:46.463000+00:00,0.2298,
2023-08-02 09:41:46.473000+00:00,,0.6881
2023-08-02 09:41:46.496000+00:00,0.2903,
2023-08-02 09:41:46.529000+00:00,,0.003
2023-08-02 09:41:46.545000+00:00,,0.002
2023-08-02 09:41:46.580000+00:00,0.2312,
2023-08-02 09:41:46.607000+00:00,,0.0025
2023-08-02 09:41:46.631000+00:00,,0.1133
2023-08-02 09:41:46.771000+00:00,0.2941,
2023-08-02 09:41:46.854000+00:00,0.3,
2023-08-02 09:41:46.880000+00:00,,0.0803
2023-08-02 09:41:46.928000+00:00,,0.0015
2023-08-02 09:41:46.989000+00:00,0.3434,
2023-08-02 09:41:46.994000+00:00,,0.1961
2023-08-02 09:41:46.995000+00:00,0.2308,
2023-08-02 09:41:47.003000+00:00,,0.003
2023-08-02 09:41:47.004000+00:00,0.2283,
2023-08-02 09:41:47.036000+00:00,0.2991,
2023-08-02 09:41:47.037000+00:00,0.2275,
2023-08-02 09:41:47.078000+00:00,,0.6447
2023-08-02 09:41:47.083000+00:00,,0.003
2023-08-02 09:41:47.095000+00:00,0.2924,
2023-08-02 09:41:47.127000+00:00,0.2313,
2023-08-02 09:41:47.155000+00:00,0.357,
2023-08-02 09:41:47.178000+00:00,,0.0005
2023-08-02 09:41:47.182000+00:00,,0.003
2023-08-02 09:41:47.201000+00:00,0.339,
2023-08-02 09:41:47.251000+00:00,0.3334,0.0025
2023-08-02 09:41:47.261000+00:00,0.2846,
2023-08-02 09:41:47.297000+00:00,0.2316,
2023-08-02 09:41:47.340000+00:00,0.2323,
2023-08-02 09:41:47.370000+00:00,0.4032,
2023-08-02 09:41:47.391000+00:00,0.2298,
2023-08-02 09:41:47.409000+00:00,,0.002
2023-08-02 09:41:47.438000+00:00,0.2294,
2023-08-02 09:41:47.463000+00:00,,0.181
2023-08-02 09:41:47.470000+00:00,0.3525,
2023-08-02 09:41:47.478000+00:00,,0.003
2023-08-02 09:41:47.486000+00:00,0.231,
2023-08-02 09:41:47.515000+00:00,,0.005
2023-08-02 09:41:47.532000+00:00,0.2287,
2023-08-02 09:41:47.629000+00:00,0.3223,
2023-08-02 09:41:47.693000+00:00,0.2282,
2023-08-02 09:41:47.695000+00:00,,0.2184
2023-08-02 09:41:47.795000+00:00,0.2292,
2023-08-02 09:41:47.817000+00:00,,0.0005
2023-08-02 09:41:47.862000+00:00,0.2292,0.1193
2023-08-02 09:41:47.886000+00:00,,0.5292
2023-08-02 09:41:47.894000+00:00,,0.003
2023-08-02 09:41:47.895000+00:00,0.3388,
2023-08-02 09:41:47.909000+00:00,,0.1758
2023-08-02 09:41:47.940000+00:00,0.2292,
2023-08-02 09:41:47.952000+00:00,,0.002
2023-08-02 09:41:47.956000+00:00,,0.0025
2023-08-02 09:41:47.959000+00:00,,0.4405
2023-08-02 09:41:47.961000+00:00,,0.6539
2023-08-02 09:41:47.970000+00:00,0.301,
2023-08-02 09:41:47.975000+00:00,0.2325,
2023-08-02 09:41:48.005000+00:00,,0.0035
2023-08-02 09:41:48.024000+00:00,0.228,
2023-08-02 09:41:48.026000+00:00,,0.0025
2023-08-02 09:41:48.048000+00:00,0.2267,
2023-08-02 09:41:48.164000+00:00,0.2904,
2023-08-02 09:41:48.197000+00:00,0.2283,0.003
2023-08-02 09:41:48.221000+00:00,0.227,
2023-08-02 09:41:48.231000+00:00,0.3308,
2023-08-02 09:41:48.250000+00:00,,0.1513
2023-08-02 09:41:48.279000+00:00,0.2985,
2023-08-02 09:41:48.292000+00:00,0.3592,0.6152
2023-08-02 09:41:48.296000+00:00,0.4245,
2023-08-02 09:41:48.300000+00:00,,0.042
2023-08-02 09:41:48.307000+00:00,0.2307,
2023-08-02 09:41:48.368000+00:00,0.3012,
2023-08-02 09:41:48.406000+00:00,0.2279,
2023-08-02 09:41:48.464000+00:00,,0.003
2023-08-02 09:41:48.466000+00:00,0.2293,
2023-08-02 09:41:48.481000+00:00,,0.0015
2023-08-02 09:41:48.521000+00:00,,0.0015
2023-08-02 09:41:48.527000+00:00,,0.0035
2023-08-02 09:41:48.534000+00:00,,0.003
2023-08-02 09:41:48.546000+00:00,0.2278,
2023-08-02 09:41:48.565000+00:00,,0.6393
2023-08-02 09:41:48.596000+00:00,0.3927,
2023-08-02 09:41:48.678000+00:00,,0.0015
2023-08-02 09:41:48.711000+00:00,0.3534,
2023-08-02 09:41:48.758000+00:00,,0.0025
2023-08-02 09:41:48.809000+00:00,0.2255,
2023-08-02 09:41:48.836000+00:00,0.2897,
2023-08-02 09:41:48.878000+00:00,0.228,
2023-08-02 09:41:48.939000+00:00,,0.003
2023-08-02 09:41:48.951000+00:00,,0.0015
2023-08-02 09:41:48.955000+00:00,,0.6632
2023-08-02 09:41:48.981000+00:00,,0.0015
2023-08-02 09:41:48.990000+00:00,0.229,
2023-08-02 09:41:49.020000+00:00,,0.1487
2023-08-02 09:41:49.047000+00:00,,0.1964
2023-08-02 09:41:49.051000+00:00,,0.0
2023-08-02 09:41:49.093000+00:00,0.2327,
2023-08-02 09:41:49.114000+00:00,,0.001
2023-08-02 09:41:49.132000+00:00,0.2282,
2023-08-02 09:41:49.135000+00:00,0.2284,
2023-08-02 09:41:49.191000+00:00,,0.0035
2023-08-02 09:41:49.202000+00:00,,0.0005
2023-08-02 09:41:49.208000+00:00,,0.2027
2023-08-02 09:41:49.221000+00:00,0.2289,
2023-08-02 09:41:49.226000+00:00,0.2285,
2023-08-02 09:41:49.316000+00:00,0.3149,
2023-08-02 09:41:49.342000+00:00,0.2918,
2023-08-02 09:41:49.367000+00:00,0.2302,
2023-08-02 09:41:49.420000+00:00,0.2311,0.002
2023-08-02 09:41:49.468000+00:00,0.2279,
2023-08-02 09:41:49.481000+00:00,,0.002
2023-08-02 09:41:49.499000+00:00,,0.1214
2023-08-02 09:41:49.507000+00:00,,0.0416
2023-08-02 09:41:49.514000+00:00,0.23,
2023-08-02 09:41:49.537000+00:00,0.2302,
2023-08-02 09:41:49.555000+00:00,,0.0435
2023-08-02 09:41:49.627000+00:00,,0.1694
2023-08-02 09:41:49.640000+00:00,,0.001
2023-08-02 09:41:49.657000+00:00,0.3576,
2023-08-02 09:41:49.671000+00:00,,0.4063
2023-08-02 09:41:49.681000+00:00,,0.3881
2023-08-02 09:41:49.688000+00:00,0.3025,
2023-08-02 09:41:49.712000+00:00,0.3324,
2023-08-02 09:41:49.714000+00:00,,0.276
2023-08-02 09:41:49.749000+00:00,,0.1687
2023-08-02 09:41:49.774000+00:00,0.3579,
2023-08-02 09:41:49.780000+00:00,0.2317,
2023-08-02 09:41:49.787000+00:00,,0.0015
2023-08-02 09:41:49.879000+00:00,,0.0025
2023-08-02 09:41:49.914000+00:00,,0.002
2023-08-02 09:41:49.941000+00:00,0.2278,
2023-08-02 09:41:49.946000+00:00,,0.0
2023-08-02 09:41:49.995000+00:00,0.2282,
2023-08-02 09:41:50.003000+00:00,,0.002
2023-08-02 09:41:50.085000+00:00,,0.0005
2023-08-02 09:41:50.104000+00:00,,0.0015
2023-08-02 09:41:50.172000+00:00,0.3139,
2023-08-02 09:41:50.185000+00:00,0.2299,
2023-08-02 09:41:50.233000+00:00,0.2285,
2023-08-02 09:41:50.234000+00:00,,0.0
2023-08-02 09:41:50.238000+00:00,,0.0015
2023-08-02 09:41:50.244000+00:00,,0.4438
2023-08-02 09:41:50.248000+00:00,,0.001
2023-08-02 09:41:50.290000+00:00,,0.0015
2023-08-02 09:41:50.292000+00:00,,0.0475
2023-08-02 09:41:50.304000+00:00,0.2292,
2023-08-02 09:41:50.306000+00:00,0.2293,
2023-08-02 09:41:50.312000+00:00,0.2288,
2023-08-02 09:41:50.364000+00:00,0.2296,
2023-08-02 09:41:50.377000+00:00,0.2325,0.003
2023-08-02 09:41:50.406000+00:00,0.2297,
2023-08-02 09:41:50.449000+00:00,,0.001
2023-08-02 09:41:50.461000+00:00,,0.0005
2023-08-02 09:41:50.523000+00:00,0.2292,
2023-08-02 09:41:50.594000+00:00,0.3358,
2023-08-02 09:41:50.659000+00:00,,0.9208
2023-08-02 09:41:50.680000+00:00,0.3371,
2023-08-02 09:41:50.687000+00:00,0.2908,
2023-08-02 09:41:50.709000+00:00,,0.0005
2023-08-02 09:41:50.746000+00:00,,0.0005
2023-08-02 09:41:50.831000+00:00,,0.0576
2023-08-02 09:41:50.832000+00:00,,0.0015
2023-08-02 09:41:50.833000+00:00,,0.0025
2023-08-02 09:41:50.869000+00:00,0.2924,
2023-08-02 09:41:50.879000+00:00,0.2906,
2023-08-02 09:41:50.921000+00:00,,0.0035
2023-08-02 09:41:50.933000+00:00,0.4261,
2023-08-02 09:41:50.973000+00:00,,0.0005
2023-08-02 09:41:50.979000+00:00,0.227,
2023-08-02 09:41:51.046000+00:00,,0.0005
2023-08-02 09:41:51.057000+00:00,,0.0025
2023-08-02 09:41:51.092000+00:00,,0.001
2023-08-02 09:41:51.139000+00:00,0.2293,
2023-08-02 09:41:51.153000+00:00,,0.3822
2023-08-02 09:41:51.156000+00:00,0.34,
2023-08-02 09:41:51.167000+00:00,0.2282,
2023-08-02 09:41:51.177000+00:00,0.4119,
2023-08-02 09:41:51.200000+00:00,,0.0005
2023-08-02 09:41:51.207000+00:00,,0.1916
2023-08-02 09:41:51.210000+00:00,0.23,
2023-08-02 09:41:51.218000+00:00,0.2271,
2023-08-02 09:41:51.228000+00:00,,0.0025
2023-08-02 09:41:51.258000+00:00,0.2287,
2023-08-02 09:41:51.280000+00:00,0.333,
2023-08-02 09:41:51.309000+00:00,0.3035,
2023-08-02 09:41:51.311000+00:00,0.3057,
2023-08-02 09:41:51.342000+00:00,,0.001
2023-08-02 09:41:51.347000+00:00,,0.0821
2023-08-02 09:41:51.355000+00:00,0.2307,
2023-08-02 09:41:51.380000+00:00,,0.0025
2023-08-02 09:41:51.421000+00:00,,0.2469
2023-08-02 09:41:51.463000+00:00,0.2298,
2023-08-02 09:41:51.473000+00:00,,0.5791
2023-08-02 09:41:51.496000+00:00,0.2903,
2023-08-02 09:41:51.529000+00:00,,0.0015
2023-08-02 09:41:51.545000+00:00,,0.0005
2023-08-02 09:41:51.580000+00:00,0.2312,
2023-08-02 09:41:51.607000+00:00,,0.0025
2023-08-02 09:41:51.631000+00:00,,0.0638
2023-08-02 09:41:51.771000+00:00,0.2941,
2023-08-02 09:41:51.854000+00:00,0.3049,
2023-08-02 09:41:51.880000+00:00,,0.0926
2023-08-02 09:41:51.928000+00:00,,0.0
2023-08-02 09:41:51.989000+00:00,0.3431,
2023-08-02 09:41:51.994000+00:00,,0.2468
2023-08-02 09:41:51.995000+00:00,0.2308,
2023-08-02 09:41:52.003000+00:00,,0.002
2023-08-02 09:41:52.004000+00:00,0.2283,
2023-08-02 09:41:52.036000+00:00,0.3053,
2023-08-02 09:41:52.037000+00:00,0.2275,
2023-08-02 09:41:52.078000+00:00,,0.5697
2023-08-02 09:41:52.083000+00:00,,0.0025
2023-08-02 09:41:52.095000+00:00,0.2924,
2023-08-02 09:41:52.127000+00:00,0.2313,
2023-08-02 09:41:52.155000+00:00,0.3663,
2023-08-02 09:41:52.178000+00:00,,0.001
2023-08-02 09:41:52.182000+00:00,,0.0025
2023-08-02 09:41:52.201000+00:00,0.3403,
2023-08-02 09:41:52.251000+00:00,0.3358,0.0025
2023-08-02 09:41:52.261000+00:00,0.2835,
2023-08-02 09:41:52.297000+00:00,0.2319,
2023-08-02 09:41:52.340000+00:00,0.2323,
2023-08-02 09:41:52.370000+00:00,0.4059,
2023-08-02 09:41:52.391000+00:00,0.2298,
2023-08-02 09:41:52.409000+00:00,,0.0025
2023-08-02 09:41:52.438000+00:00,0.2294,
2023-08-02 09:41:52.463000+00:00,,0.1636
2023-08-02 09:41:52.470000+00:00,0.3647,
2023-08-02 09:41:52.478000+00:00,,0.003
2023-08-02 09:41:52.486000+00:00,0.231,
2023-08-02 09:41:52.515000+00:00,,0.003
2023-08-02 09:41:52.532000+00:00,0.2287,
2023-08-02 09:41:52.629000+00:00,0.3279,
2023-08-02 09:41:52.693000+00:00,0.2282,
2023-08-02 09:41:52.695000+00:00,,0.1428
2023-08-02 09:41:52.795000+00:00,0.2292,
2023-08-02 09:41:52.817000+00:00,,0.0005
2023-08-02 09:41:52.862000+00:00,0.2292,0.0573
2023-08-02 09:41:52.886000+00:00,,0.5226
2023-08-02 09:41:52.894000+00:00,,0.002
2023-08-02 09:41:52.895000+00:00,0.3391,
2023-08-02 09:41:52.909000+00:00,,0.2376
2023-08-02 09:41:52.940000+00:00,0.2292,
2023-08-02 09:41:52.952000+00:00,,0.0035
2023-08-02 09:41:52.956000+00:00,,0.003
2023-08-02 09:41:52.959000+00:00,,0.4082
2023-08-02 09:41:52.961000+00:00,,0.607
2023-08-02 09:41:52.970000+00:00,0.3048,
2023-08-02 09:41:52.975000+00:00,0.2325,
2023-08-02 09:41:53.005000+00:00,,0.0025
2023-08-02 09:41:53.024000+00:00,0.228,
2023-08-02 09:41:53.026000+00:00,,0.0025
2023-08-02 09:41:53.048000+00:00,0.2267,
2023-08-02 09:41:53.164000+00:00,0.2919,
2023-08-02 09:41:53.197000+00:00,0.2283,0.0035
2023-08-02 09:41:53.221000+00:00,0.227,
2023-08-02 09:41:53.231000+00:00,0.3337,
2023-08-02 09:41:53.250000+00:00,,0.1936
2023-08-02 09:41:53.279000+00:00,0.3025,
2023-08-02 09:41:53.292000+00:00,0.3699,0.5955
2023-08-02 09:41:53.296000+00:00,0.4557,
2023-08-02 09:41:53.300000+00:00,,0.1422
2023-08-02 09:41:53.307000+00:00,0.2308,
2023-08-02 09:41:53.368000+00:00,0.3034,
2023-08-02 09:41:53.406000+00:00,0.2279,
2023-08-02 09:41:53.465000+00:00,,0.004
2023-08-02 09:41:53.466000+00:00,0.2293,
2023-08-02 09:41:53.481000+00:00,,0.0005
2023-08-02 09:41:53.521000+00:00,,0.001
2023-08-02 09:41:53.527000+00:00,,0.002
2023-08-02 09:41:53.534000+00:00,,0.0015
2023-08-02 09:41:53.546000+00:00,0.2278,
2023-08-02 09:41:53.566000+00:00,,0.6296
2023-08-02 09:41:53.596000+00:00,0.4071,
2023-08-02 09:41:53.678000+00:00,,0.0
2023-08-02 09:41:53.711000+00:00,0.3646,
2023-08-02 09:41:53.758000+00:00,,0.0025
2023-08-02 09:41:53.809000+00:00,0.2255,
2023-08-02 09:41:53.836000+00:00,0.2911,
2023-08-02 09:41:53.878000+00:00,0.228,
2023-08-02 09:41:53.939000+00:00,,0.002
2023-08-02 09:41:53.951000+00:00,,0.002
2023-08-02 09:41:53.955000+00:00,,0.6342
2023-08-02 09:41:53.981000+00:00,,0.0015
2023-08-02 09:41:53.990000+00:00,0.229,
2023-08-02 09:41:54.020000+00:00,,0.2529
2023-08-02 09:41:54.047000+00:00,,0.2398
2023-08-02 09:41:54.051000+00:00,,0.001
2023-08-02 09:41:54.093000+00:00,0.2327,
2023-08-02 09:41:54.114000+00:00,,0.0181
2023-08-02 09:41:54.132000+00:00,0.2282,
2023-08-02 09:41:54.135000+00:00,0.2284,
2023-08-02 09:41:54.191000+00:00,,0.002
2023-08-02 09:41:54.202000+00:00,,0.002
2023-08-02 09:41:54.208000+00:00,,0.3028
2023-08-02 09:41:54.221000+00:00,0.2289,
2023-08-02 09:41:54.225000+00:00,0.2285,
2023-08-02 09:41:54.316000+00:00,0.316,
2023-08-02 09:41:54.342000+00:00,0.2921,
2023-08-02 09:41:54.367000+00:00,0.2302,
2023-08-02 09:41:54.420000+00:00,0.2311,0.001
2023-08-02 09:41:54.468000+00:00,0.2279,
2023-08-02 09:41:54.481000+00:00,,0.0025
2023-08-02 09:41:54.499000+00:00,,0.235
2023-08-02 09:41:54.507000+00:00,,0.1978
2023-08-02 09:41:54.514000+00:00,0.23,
2023-08-02 09:41:54.537000+00:00,0.2302,
2023-08-02 09:41:54.555000+00:00,,0.2003
2023-08-02 09:41:54.627000+00:00,,0.2565
2023-08-02 09:41:54.640000+00:00,,0.0015
2023-08-02 09:41:54.657000+00:00,0.3684,
2023-08-02 09:41:54.671000+00:00,,0.4212
2023-08-02 09:41:54.681000+00:00,,0.4066
2023-08-02 09:41:54.688000+00:00,0.3056,
2023-08-02 09:41:54.712000+00:00,0.3348,
2023-08-02 09:41:54.714000+00:00,,0.428
2023-08-02 09:41:54.749000+00:00,,0.2498
2023-08-02 09:41:54.774000+00:00,0.3667,
2023-08-02 09:41:54.780000+00:00,0.2317,
2023-08-02 09:41:54.787000+00:00,,0.003
2023-08-02 09:41:54.879000+00:00,,0.002
2023-08-02 09:41:54.914000+00:00,,0.001
2023-08-02 09:41:54.941000+00:00,0.2278,
2023-08-02 09:41:54.946000+00:00,,0.0005
2023-08-02 09:41:54.995000+00:00,0.2283,
2023-08-02 09:41:55.003000+00:00,,0.002
2023-08-02 09:41:55.085000+00:00,,0.0015
2023-08-02 09:41:55.104000+00:00,,0.0005
2023-08-02 09:41:55.172000+00:00,0.3142,
2023-08-02 09:41:55.185000+00:00,0.2299,
2023-08-02 09:41:55.233000+00:00,0.2285,
2023-08-02 09:41:55.234000+00:00,,0.0015
2023-08-02 09:41:55.238000+00:00,,0.019
2023-08-02 09:41:55.244000+00:00,,0.4654
2023-08-02 09:41:55.248000+00:00,,0.001
2023-08-02 09:41:55.290000+00:00,,0.0035
2023-08-02 09:41:55.292000+00:00,,0.2211
2023-08-02 09:41:55.304000+00:00,0.2292,
2023-08-02 09:41:55.306000+00:00,0.2293,
2023-08-02 09:41:55.312000+00:00,0.2288,
2023-08-02 09:41:55.364000+00:00,0.2296,
2023-08-02 09:41:55.377000+00:00,0.2325,0.0025
2023-08-02 09:41:55.406000+00:00,0.2298,
2023-08-02 09:41:55.449000+00:00,,0.003
2023-08-02 09:41:55.461000+00:00,,0.0
2023-08-02 09:41:55.523000+00:00,0.2292,
2023-08-02 09:41:55.594000+00:00,0.3372,
2023-08-02 09:41:55.659000+00:00,,0.8798
2023-08-02 09:41:55.680000+00:00,0.3402,
2023-08-02 09:41:55.687000+00:00,0.2921,
2023-08-02 09:41:55.709000+00:00,,0.0176
2023-08-02 09:41:55.746000+00:00,,0.0005
2023-08-02 09:41:55.831000+00:00,,0.2347
2023-08-02 09:41:55.832000+00:00,,0.0215
2023-08-02 09:41:55.833000+00:00,,0.003
2023-08-02 09:41:55.869000+00:00,0.2952,
2023-08-02 09:41:55.879000+00:00,0.2906,
2023-08-02 09:41:55.921000+00:00,,0.0015
2023-08-02 09:41:55.933000+00:00,0.4345,
2023-08-02 09:41:55.973000+00:00,,0.0005
2023-08-02 09:41:55.979000+00:00,0.2271,
2023-08-02 09:41:56.046000+00:00,,0.0015
2023-08-02 09:41:56.057000+00:00,,0.0025
2023-08-02 09:41:56.092000+00:00,,0.001
2023-08-02 09:41:56.139000+00:00,0.2293,
2023-08-02 09:41:56.153000+00:00,,0.4132
2023-08-02 09:41:56.156000+00:00,0.3437,
2023-08-02 09:41:56.167000+00:00,0.2282,
2023-08-02 09:41:56.177000+00:00,0.423,
2023-08-02 09:41:56.200000+00:00,,0.0
2023-08-02 09:41:56.207000+00:00,,0.2968
2023-08-02 09:41:56.210000+00:00,0.2301,
2023-08-02 09:41:56.218000+00:00,0.2271,
2023-08-02 09:41:56.228000+00:00,,0.0035
2023-08-02 09:41:56.258000+00:00,0.2287,
2023-08-02 09:41:56.280000+00:00,0.3367,
2023-08-02 09:41:56.309000+00:00,0.3067,
2023-08-02 09:41:56.311000+00:00,0.3069,
2023-08-02 09:41:56.342000+00:00,,0.0201
2023-08-02 09:41:56.347000+00:00,,0.2354
2023-08-02 09:41:56.355000+00:00,0.2307,
2023-08-02 09:41:56.380000+00:00,,0.001
2023-08-02 09:41:56.421000+00:00,,0.516
2023-08-02 09:41:56.463000+00:00,0.2298,
2023-08-02 09:41:56.473000+00:00,,0.6515
2023-08-02 09:41:56.496000+00:00,0.2916,
2023-08-02 09:41:56.529000+00:00,,0.002
2023-08-02 09:41:56.545000+00:00,,0.001
2023-08-02 09:41:56.580000+00:00,0.2312,
2023-08-02 09:41:56.607000+00:00,,0.004
2023-08-02 09:41:56.631000+00:00,,0.1117
2023-08-02 09:41:56.771000+00:00,0.2959,
2023-08-02 09:41:56.854000+00:00,0.3067,
2023-08-02 09:41:56.880000+00:00,,0.2492
2023-08-02 09:41:56.928000+00:00,,0.0005
2023-08-02 09:41:56.989000+00:00,0.344,
2023-08-02 09:41:56.994000+00:00,,0.2875
2023-08-02 09:41:56.995000+00:00,0.2308,
2023-08-02 09:41:57.003000+00:00,,0.003
2023-08-02 09:41:57.004000+00:00,0.2283,
2023-08-02 09:41:57.036000+00:00,0.308,
2023-08-02 09:41:57.037000+00:00,0.2275,
2023-08-02 09:41:57.078000+00:00,,0.6539
2023-08-02 09:41:57.083000+00:00,,0.003
2023-08-02 09:41:57.095000+00:00,0.293,
2023-08-02 09:41:57.127000+00:00,0.2313,
2023-08-02 09:41:57.155000+00:00,0.3733,
2023-08-02 09:41:57.178000+00:00,,0.0015
2023-08-02 09:41:57.182000+00:00,,0.021
2023-08-02 09:41:57.201000+00:00,0.3424,
2023-08-02 09:41:57.251000+00:00,0.3362,0.003
2023-08-02 09:41:57.261000+00:00,0.2841,
2023-08-02 09:41:57.297000+00:00,0.2553,
2023-08-02 09:41:57.340000+00:00,0.2323,
2023-08-02 09:41:57.370000+00:00,0.4066,
2023-08-02 09:41:57.391000+00:00,0.2298,
2023-08-02 09:41:57.409000+00:00,,0.0025
2023-08-02 09:41:57.438000+00:00,0.2294,
2023-08-02 09:41:57.463000+00:00,,0.254
2023-08-02 09:41:57.470000+00:00,0.3689,
2023-08-02 09:41:57.478000+00:00,,0.0025
2023-08-02 09:41:57.486000+00:00,0.231,
2023-08-02 09:41:57.515000+00:00,,0.0015
2023-08-02 09:41:57.532000+00:00,0.2287,
2023-08-02 09:41:57.629000+00:00,0.3193,
2023-08-02 09:41:57.693000+00:00,0.2282,
2023-08-02 09:41:57.695000+00:00,,0.1847
2023-08-02 09:41:57.795000+00:00,0.2292,
2023-08-02 09:41:57.818000+00:00,,0.0005
2023-08-02 09:41:57.862000+00:00,0.2292,0.098
2023-08-02 09:41:57.886000+00:00,,0.5757
2023-08-02 09:41:57.894000+00:00,,0.001
2023-08-02 09:41:57.895000+00:00,0.3427,
2023-08-02 09:41:57.909000+00:00,,0.2644
2023-08-02 09:41:57.940000+00:00,0.2292,
2023-08-02 09:41:57.952000+00:00,,0.003
2023-08-02 09:41:57.956000+00:00,,0.003
2023-08-02 09:41:57.959000+00:00,,0.4282
2023-08-02 09:41:57.961000+00:00,,0.6858
2023-08-02 09:41:57.970000+00:00,0.3067,
2023-08-02 09:41:57.975000+00:00,0.2325,
2023-08-02 09:41:58.005000+00:00,,0.0176
2023-08-02 09:41:58.024000+00:00,0.228,
2023-08-02 09:41:58.026000+00:00,,0.001
2023-08-02 09:41:58.048000+00:00,0.2267,
2023-08-02 09:41:58.164000+00:00,0.2936,
2023-08-02 09:41:58.197000+00:00,0.2283,0.0025
2023-08-02 09:41:58.221000+00:00,0.2271,
2023-08-02 09:41:58.231000+00:00,0.3342,
2023-08-02 09:41:58.250000+00:00,,0.2827
2023-08-02 09:41:58.279000+00:00,0.3056,
2023-08-02 09:41:58.292000+00:00,0.3745,0.6465
2023-08-02 09:41:58.296000+00:00,0.4831,
2023-08-02 09:41:58.300000+00:00,,0.2625
2023-08-02 09:41:58.307000+00:00,0.2308,
2023-08-02 09:41:58.368000+00:00,0.3094,
2023-08-02 09:41:58.406000+00:00,0.2279,
2023-08-02 09:41:58.465000+00:00,,0.0035
2023-08-02 09:41:58.466000+00:00,0.2293,
2023-08-02 09:41:58.481000+00:00,,0.001
2023-08-02 09:41:58.521000+00:00,,0.0005
2023-08-02 09:41:58.527000+00:00,,0.0025
2023-08-02 09:41:58.534000+00:00,,0.002
2023-08-02 09:41:58.546000+00:00,0.2278,
2023-08-02 09:41:58.565000+00:00,,0.6611
2023-08-02 09:41:58.596000+00:00,0.4216,
2023-08-02 09:41:58.678000+00:00,,0.0005
2023-08-02 09:41:58.711000+00:00,0.3692,
2023-08-02 09:41:58.758000+00:00,,0.0025
2023-08-02 09:41:58.809000+00:00,0.2255,
2023-08-02 09:41:58.836000+00:00,0.2911,
2023-08-02 09:41:58.878000+00:00,0.228,
2023-08-02 09:41:58.939000+00:00,,0.0025
2023-08-02 09:41:58.951000+00:00,,0.001
2023-08-02 09:41:58.955000+00:00,,0.6553
2023-08-02 09:41:58.981000+00:00,,0.001
2023-08-02 09:41:58.990000+00:00,0.229,
2023-08-02 09:41:59.020000+00:00,,0.1948
2023-08-02 09:41:59.047000+00:00,,0.2126
2023-08-02 09:41:59.051000+00:00,,0.001
2023-08-02 09:41:59.093000+00:00,0.2327,
2023-08-02 09:41:59.114000+00:00,,0.001
2023-08-02 09:41:59.132000+00:00,0.2282,
2023-08-02 09:41:59.135000+00:00,0.2284,
2023-08-02 09:41:59.191000+00:00,,0.003
2023-08-02 09:41:59.202000+00:00,,0.001
2023-08-02 09:41:59.208000+00:00,,0.4
2023-08-02 09:41:59.221000+00:00,0.2289,
2023-08-02 09:41:59.225000+00:00,0.2286,
2023-08-02 09:41:59.316000+00:00,0.3316,
2023-08-02 09:41:59.342000+00:00,0.2924,
2023-08-02 09:41:59.367000+00:00,0.2302,
2023-08-02 09:41:59.420000+00:00,0.2311,0.002
2023-08-02 09:41:59.468000+00:00,0.2279,
2023-08-02 09:41:59.481000+00:00,,0.0025
2023-08-02 09:41:59.499000+00:00,,0.2967
2023-08-02 09:41:59.507000+00:00,,0.2838
2023-08-02 09:41:59.514000+00:00,0.23,
2023-08-02 09:41:59.537000+00:00,0.2302,
2023-08-02 09:41:59.555000+00:00,,0.261
2023-08-02 09:41:59.627000+00:00,,0.3454
2023-08-02 09:41:59.640000+00:00,,0.002
2023-08-02 09:41:59.657000+00:00,0.3731,
2023-08-02 09:41:59.671000+00:00,,0.4163
2023-08-02 09:41:59.681000+00:00,,0.4093
2023-08-02 09:41:59.688000+00:00,0.3064,
2023-08-02 09:41:59.712000+00:00,0.3348,
2023-08-02 09:41:59.714000+00:00,,0.4162
2023-08-02 09:41:59.749000+00:00,,0.3386
2023-08-02 09:41:59.774000+00:00,0.3715,
2023-08-02 09:41:59.780000+00:00,0.2317,
2023-08-02 09:41:59.787000+00:00,,0.0025
2023-08-02 09:41:59.879000+00:00,,0.002
2023-08-02 09:41:59.914000+00:00,,0.0015
2023-08-02 09:41:59.941000+00:00,0.2278,
2023-08-02 09:41:59.946000+00:00,,0.002
2023-08-02 09:41:59.995000+00:00,0.2283,
2023-08-02 09:42:00.003000+00:00,,0.002
2023-08-02 09:42:00.085000+00:00,,0.0005
2023-08-02 09:42:00.104000+00:00,,0.0
2023-08-02 09:42:00.172000+00:00,0.3157,
2023-08-02 09:42:00.185000+00:00,0.2299,
2023-08-02 09:42:00.233000+00:00,0.2285,
2023-08-02 09:42:00.234000+00:00,,0.003
2023-08-02 09:42:00.238000+00:00,,0.0025
2023-08-02 09:42:00.244000+00:00,,0.447
2023-08-02 09:42:00.248000+00:00,,0.0
2023-08-02 09:42:00.290000+00:00,,0.002
2023-08-02 09:42:00.292000+00:00,,0.2627
2023-08-02 09:42:00.304000+00:00,0.2292,
2023-08-02 09:42:00.306000+00:00,0.2293,
2023-08-02 09:42:00.312000+00:00,0.2288,
2023-08-02 09:42:00.364000+00:00,0.2296,
2023-08-02 09:42:00.377000+00:00,0.2326,0.0035
2023-08-02 09:42:00.406000+00:00,0.2298,
2023-08-02 09:42:00.449000+00:00,,0.003
2023-08-02 09:42:00.461000+00:00,,0.0
2023-08-02 09:42:00.523000+00:00,0.2292,
2023-08-02 09:42:00.594000+00:00,0.3383,
2023-08-02 09:42:00.659000+00:00,,0.8477
2023-08-02 09:42:00.680000+00:00,0.3408,
2023-08-02 09:42:00.687000+00:00,0.2921,
2023-08-02 09:42:00.709000+00:00,,0.0015
2023-08-02 09:42:00.746000+00:00,,0.0005
2023-08-02 09:42:00.831000+00:00,,0.2627
2023-08-02 09:42:00.832000+00:00,,0.0025
2023-08-02 09:42:00.833000+00:00,,0.003
2023-08-02 09:42:00.869000+00:00,0.2978,
2023-08-02 09:42:00.879000+00:00,0.2919,
2023-08-02 09:42:00.921000+00:00,,0.002
2023-08-02 09:42:00.933000+00:00,0.4403,
2023-08-02 09:42:00.973000+00:00,,0.0005
2023-08-02 09:42:00.979000+00:00,0.2271,
2023-08-02 09:42:01.046000+00:00,,0.004
2023-08-02 09:42:01.057000+00:00,,0.002
2023-08-02 09:42:01.092000+00:00,,0.0005
2023-08-02 09:42:01.139000+00:00,0.2293,
2023-08-02 09:42:01.153000+00:00,,0.404
2023-08-02 09:42:01.156000+00:00,0.3424,
2023-08-02 09:42:01.167000+00:00,0.2283,
2023-08-02 09:42:01.177000+00:00,0.441,
2023-08-02 09:42:01.200000+00:00,,0.0
2023-08-02 09:42:01.207000+00:00,,0.3646
2023-08-02 09:42:01.210000+00:00,0.2301,
2023-08-02 09:42:01.218000+00:00,0.2271,
2023-08-02 09:42:01.228000+00:00,,0.0025
2023-08-02 09:42:01.258000+00:00,0.2287,
2023-08-02 09:42:01.280000+00:00,0.3369,
2023-08-02 09:42:01.309000+00:00,0.3093,
2023-08-02 09:42:01.311000+00:00,0.3111,
2023-08-02 09:42:01.342000+00:00,,0.0015
2023-08-02 09:42:01.347000+00:00,,0.2632
